Run Bound_name View Risk Gibbs_Risk Bound Join_Error Disagreement KL_QP KL_RhoPi n_labeled n_all Posterior_Qv Posterior_rho
1 Uniform View1 0.304 0.352 0.815 0.192 0.320 0.000 nan 1120.0 1120.0 "['0.010000000', '0.010000000', '0.010000000', '0.010000000', '0.010000000', '0.010000000', '0.010000000', '0.010000000', '0.010000000', '0.010000000', '0.010000000', '0.010000000', '0.010000000', '0.010000000', '0.010000000', '0.010000000', '0.010000000', '0.010000000', '0.010000000', '0.010000000', '0.010000000', '0.010000000', '0.010000000', '0.010000000', '0.010000000', '0.010000000', '0.010000000', '0.010000000', '0.010000000', '0.010000000', '0.010000000', '0.010000000', '0.010000000', '0.010000000', '0.010000000', '0.010000000', '0.010000000', '0.010000000', '0.010000000', '0.010000000', '0.010000000', '0.010000000', '0.010000000', '0.010000000', '0.010000000', '0.010000000', '0.010000000', '0.010000000', '0.010000000', '0.010000000', '0.010000000', '0.010000000', '0.010000000', '0.010000000', '0.010000000', '0.010000000', '0.010000000', '0.010000000', '0.010000000', '0.010000000', '0.010000000', '0.010000000', '0.010000000', '0.010000000', '0.010000000', '0.010000000', '0.010000000', '0.010000000', '0.010000000', '0.010000000', '0.010000000', '0.010000000', '0.010000000', '0.010000000', '0.010000000', '0.010000000', '0.010000000', '0.010000000', '0.010000000', '0.010000000', '0.010000000', '0.010000000', '0.010000000', '0.010000000', '0.010000000', '0.010000000', '0.010000000', '0.010000000', '0.010000000', '0.010000000', '0.010000000', '0.010000000', '0.010000000', '0.010000000', '0.010000000', '0.010000000', '0.010000000', '0.010000000', '0.010000000', '0.010000000']" 
1 Uniform View2 0.118 0.176 0.443 0.081 0.189 0.000 nan 1120.0 1120.0 "['0.010000000', '0.010000000', '0.010000000', '0.010000000', '0.010000000', '0.010000000', '0.010000000', '0.010000000', '0.010000000', '0.010000000', '0.010000000', '0.010000000', '0.010000000', '0.010000000', '0.010000000', '0.010000000', '0.010000000', '0.010000000', '0.010000000', '0.010000000', '0.010000000', '0.010000000', '0.010000000', '0.010000000', '0.010000000', '0.010000000', '0.010000000', '0.010000000', '0.010000000', '0.010000000', '0.010000000', '0.010000000', '0.010000000', '0.010000000', '0.010000000', '0.010000000', '0.010000000', '0.010000000', '0.010000000', '0.010000000', '0.010000000', '0.010000000', '0.010000000', '0.010000000', '0.010000000', '0.010000000', '0.010000000', '0.010000000', '0.010000000', '0.010000000', '0.010000000', '0.010000000', '0.010000000', '0.010000000', '0.010000000', '0.010000000', '0.010000000', '0.010000000', '0.010000000', '0.010000000', '0.010000000', '0.010000000', '0.010000000', '0.010000000', '0.010000000', '0.010000000', '0.010000000', '0.010000000', '0.010000000', '0.010000000', '0.010000000', '0.010000000', '0.010000000', '0.010000000', '0.010000000', '0.010000000', '0.010000000', '0.010000000', '0.010000000', '0.010000000', '0.010000000', '0.010000000', '0.010000000', '0.010000000', '0.010000000', '0.010000000', '0.010000000', '0.010000000', '0.010000000', '0.010000000', '0.010000000', '0.010000000', '0.010000000', '0.010000000', '0.010000000', '0.010000000', '0.010000000', '0.010000000', '0.010000000', '0.010000000']" 
1 Uniform View3 0.152 0.213 0.523 0.103 0.219 0.000 nan 1120.0 1120.0 "['0.010000000', '0.010000000', '0.010000000', '0.010000000', '0.010000000', '0.010000000', '0.010000000', '0.010000000', '0.010000000', '0.010000000', '0.010000000', '0.010000000', '0.010000000', '0.010000000', '0.010000000', '0.010000000', '0.010000000', '0.010000000', '0.010000000', '0.010000000', '0.010000000', '0.010000000', '0.010000000', '0.010000000', '0.010000000', '0.010000000', '0.010000000', '0.010000000', '0.010000000', '0.010000000', '0.010000000', '0.010000000', '0.010000000', '0.010000000', '0.010000000', '0.010000000', '0.010000000', '0.010000000', '0.010000000', '0.010000000', '0.010000000', '0.010000000', '0.010000000', '0.010000000', '0.010000000', '0.010000000', '0.010000000', '0.010000000', '0.010000000', '0.010000000', '0.010000000', '0.010000000', '0.010000000', '0.010000000', '0.010000000', '0.010000000', '0.010000000', '0.010000000', '0.010000000', '0.010000000', '0.010000000', '0.010000000', '0.010000000', '0.010000000', '0.010000000', '0.010000000', '0.010000000', '0.010000000', '0.010000000', '0.010000000', '0.010000000', '0.010000000', '0.010000000', '0.010000000', '0.010000000', '0.010000000', '0.010000000', '0.010000000', '0.010000000', '0.010000000', '0.010000000', '0.010000000', '0.010000000', '0.010000000', '0.010000000', '0.010000000', '0.010000000', '0.010000000', '0.010000000', '0.010000000', '0.010000000', '0.010000000', '0.010000000', '0.010000000', '0.010000000', '0.010000000', '0.010000000', '0.010000000', '0.010000000', '0.010000000']" 
1 Uniform View4 0.097 0.190 0.475 0.074 0.232 0.000 nan 1120.0 1120.0 "['0.010000000', '0.010000000', '0.010000000', '0.010000000', '0.010000000', '0.010000000', '0.010000000', '0.010000000', '0.010000000', '0.010000000', '0.010000000', '0.010000000', '0.010000000', '0.010000000', '0.010000000', '0.010000000', '0.010000000', '0.010000000', '0.010000000', '0.010000000', '0.010000000', '0.010000000', '0.010000000', '0.010000000', '0.010000000', '0.010000000', '0.010000000', '0.010000000', '0.010000000', '0.010000000', '0.010000000', '0.010000000', '0.010000000', '0.010000000', '0.010000000', '0.010000000', '0.010000000', '0.010000000', '0.010000000', '0.010000000', '0.010000000', '0.010000000', '0.010000000', '0.010000000', '0.010000000', '0.010000000', '0.010000000', '0.010000000', '0.010000000', '0.010000000', '0.010000000', '0.010000000', '0.010000000', '0.010000000', '0.010000000', '0.010000000', '0.010000000', '0.010000000', '0.010000000', '0.010000000', '0.010000000', '0.010000000', '0.010000000', '0.010000000', '0.010000000', '0.010000000', '0.010000000', '0.010000000', '0.010000000', '0.010000000', '0.010000000', '0.010000000', '0.010000000', '0.010000000', '0.010000000', '0.010000000', '0.010000000', '0.010000000', '0.010000000', '0.010000000', '0.010000000', '0.010000000', '0.010000000', '0.010000000', '0.010000000', '0.010000000', '0.010000000', '0.010000000', '0.010000000', '0.010000000', '0.010000000', '0.010000000', '0.010000000', '0.010000000', '0.010000000', '0.010000000', '0.010000000', '0.010000000', '0.010000000', '0.010000000']" 
1 Uniform Concatenated 0.087 0.182 0.458 0.071 0.222 0.000 nan 1120.0 1120.0 "['0.010000000', '0.010000000', '0.010000000', '0.010000000', '0.010000000', '0.010000000', '0.010000000', '0.010000000', '0.010000000', '0.010000000', '0.010000000', '0.010000000', '0.010000000', '0.010000000', '0.010000000', '0.010000000', '0.010000000', '0.010000000', '0.010000000', '0.010000000', '0.010000000', '0.010000000', '0.010000000', '0.010000000', '0.010000000', '0.010000000', '0.010000000', '0.010000000', '0.010000000', '0.010000000', '0.010000000', '0.010000000', '0.010000000', '0.010000000', '0.010000000', '0.010000000', '0.010000000', '0.010000000', '0.010000000', '0.010000000', '0.010000000', '0.010000000', '0.010000000', '0.010000000', '0.010000000', '0.010000000', '0.010000000', '0.010000000', '0.010000000', '0.010000000', '0.010000000', '0.010000000', '0.010000000', '0.010000000', '0.010000000', '0.010000000', '0.010000000', '0.010000000', '0.010000000', '0.010000000', '0.010000000', '0.010000000', '0.010000000', '0.010000000', '0.010000000', '0.010000000', '0.010000000', '0.010000000', '0.010000000', '0.010000000', '0.010000000', '0.010000000', '0.010000000', '0.010000000', '0.010000000', '0.010000000', '0.010000000', '0.010000000', '0.010000000', '0.010000000', '0.010000000', '0.010000000', '0.010000000', '0.010000000', '0.010000000', '0.010000000', '0.010000000', '0.010000000', '0.010000000', '0.010000000', '0.010000000', '0.010000000', '0.010000000', '0.010000000', '0.010000000', '0.010000000', '0.010000000', '0.010000000', '0.010000000', '0.010000000']" 
1 Uniform Multiview 0.107 0.235 0.570 0.092 0.287 0.000 0.000 1120.0 1120.0 "[['0.010000000', '0.010000000', '0.010000000', '0.010000000', '0.010000000', '0.010000000', '0.010000000', '0.010000000', '0.010000000', '0.010000000', '0.010000000', '0.010000000', '0.010000000', '0.010000000', '0.010000000', '0.010000000', '0.010000000', '0.010000000', '0.010000000', '0.010000000', '0.010000000', '0.010000000', '0.010000000', '0.010000000', '0.010000000', '0.010000000', '0.010000000', '0.010000000', '0.010000000', '0.010000000', '0.010000000', '0.010000000', '0.010000000', '0.010000000', '0.010000000', '0.010000000', '0.010000000', '0.010000000', '0.010000000', '0.010000000', '0.010000000', '0.010000000', '0.010000000', '0.010000000', '0.010000000', '0.010000000', '0.010000000', '0.010000000', '0.010000000', '0.010000000', '0.010000000', '0.010000000', '0.010000000', '0.010000000', '0.010000000', '0.010000000', '0.010000000', '0.010000000', '0.010000000', '0.010000000', '0.010000000', '0.010000000', '0.010000000', '0.010000000', '0.010000000', '0.010000000', '0.010000000', '0.010000000', '0.010000000', '0.010000000', '0.010000000', '0.010000000', '0.010000000', '0.010000000', '0.010000000', '0.010000000', '0.010000000', '0.010000000', '0.010000000', '0.010000000', '0.010000000', '0.010000000', '0.010000000', '0.010000000', '0.010000000', '0.010000000', '0.010000000', '0.010000000', '0.010000000', '0.010000000', '0.010000000', '0.010000000', '0.010000000', '0.010000000', '0.010000000', '0.010000000', '0.010000000', '0.010000000', '0.010000000', '0.010000000'], ['0.010000000', '0.010000000', '0.010000000', '0.010000000', '0.010000000', '0.010000000', '0.010000000', '0.010000000', '0.010000000', '0.010000000', '0.010000000', '0.010000000', '0.010000000', '0.010000000', '0.010000000', '0.010000000', '0.010000000', '0.010000000', '0.010000000', '0.010000000', '0.010000000', '0.010000000', '0.010000000', '0.010000000', '0.010000000', '0.010000000', '0.010000000', '0.010000000', '0.010000000', '0.010000000', '0.010000000', '0.010000000', '0.010000000', '0.010000000', '0.010000000', '0.010000000', '0.010000000', '0.010000000', '0.010000000', '0.010000000', '0.010000000', '0.010000000', '0.010000000', '0.010000000', '0.010000000', '0.010000000', '0.010000000', '0.010000000', '0.010000000', '0.010000000', '0.010000000', '0.010000000', '0.010000000', '0.010000000', '0.010000000', '0.010000000', '0.010000000', '0.010000000', '0.010000000', '0.010000000', '0.010000000', '0.010000000', '0.010000000', '0.010000000', '0.010000000', '0.010000000', '0.010000000', '0.010000000', '0.010000000', '0.010000000', '0.010000000', '0.010000000', '0.010000000', '0.010000000', '0.010000000', '0.010000000', '0.010000000', '0.010000000', '0.010000000', '0.010000000', '0.010000000', '0.010000000', '0.010000000', '0.010000000', '0.010000000', '0.010000000', '0.010000000', '0.010000000', '0.010000000', '0.010000000', '0.010000000', '0.010000000', '0.010000000', '0.010000000', '0.010000000', '0.010000000', '0.010000000', '0.010000000', '0.010000000', '0.010000000'], ['0.010000000', '0.010000000', '0.010000000', '0.010000000', '0.010000000', '0.010000000', '0.010000000', '0.010000000', '0.010000000', '0.010000000', '0.010000000', '0.010000000', '0.010000000', '0.010000000', '0.010000000', '0.010000000', '0.010000000', '0.010000000', '0.010000000', '0.010000000', '0.010000000', '0.010000000', '0.010000000', '0.010000000', '0.010000000', '0.010000000', '0.010000000', '0.010000000', '0.010000000', '0.010000000', '0.010000000', '0.010000000', '0.010000000', '0.010000000', '0.010000000', '0.010000000', '0.010000000', '0.010000000', '0.010000000', '0.010000000', '0.010000000', '0.010000000', '0.010000000', '0.010000000', '0.010000000', '0.010000000', '0.010000000', '0.010000000', '0.010000000', '0.010000000', '0.010000000', '0.010000000', '0.010000000', '0.010000000', '0.010000000', '0.010000000', '0.010000000', '0.010000000', '0.010000000', '0.010000000', '0.010000000', '0.010000000', '0.010000000', '0.010000000', '0.010000000', '0.010000000', '0.010000000', '0.010000000', '0.010000000', '0.010000000', '0.010000000', '0.010000000', '0.010000000', '0.010000000', '0.010000000', '0.010000000', '0.010000000', '0.010000000', '0.010000000', '0.010000000', '0.010000000', '0.010000000', '0.010000000', '0.010000000', '0.010000000', '0.010000000', '0.010000000', '0.010000000', '0.010000000', '0.010000000', '0.010000000', '0.010000000', '0.010000000', '0.010000000', '0.010000000', '0.010000000', '0.010000000', '0.010000000', '0.010000000', '0.010000000'], ['0.010000000', '0.010000000', '0.010000000', '0.010000000', '0.010000000', '0.010000000', '0.010000000', '0.010000000', '0.010000000', '0.010000000', '0.010000000', '0.010000000', '0.010000000', '0.010000000', '0.010000000', '0.010000000', '0.010000000', '0.010000000', '0.010000000', '0.010000000', '0.010000000', '0.010000000', '0.010000000', '0.010000000', '0.010000000', '0.010000000', '0.010000000', '0.010000000', '0.010000000', '0.010000000', '0.010000000', '0.010000000', '0.010000000', '0.010000000', '0.010000000', '0.010000000', '0.010000000', '0.010000000', '0.010000000', '0.010000000', '0.010000000', '0.010000000', '0.010000000', '0.010000000', '0.010000000', '0.010000000', '0.010000000', '0.010000000', '0.010000000', '0.010000000', '0.010000000', '0.010000000', '0.010000000', '0.010000000', '0.010000000', '0.010000000', '0.010000000', '0.010000000', '0.010000000', '0.010000000', '0.010000000', '0.010000000', '0.010000000', '0.010000000', '0.010000000', '0.010000000', '0.010000000', '0.010000000', '0.010000000', '0.010000000', '0.010000000', '0.010000000', '0.010000000', '0.010000000', '0.010000000', '0.010000000', '0.010000000', '0.010000000', '0.010000000', '0.010000000', '0.010000000', '0.010000000', '0.010000000', '0.010000000', '0.010000000', '0.010000000', '0.010000000', '0.010000000', '0.010000000', '0.010000000', '0.010000000', '0.010000000', '0.010000000', '0.010000000', '0.010000000', '0.010000000', '0.010000000', '0.010000000', '0.010000000', '0.010000000']]" "['0.250000000', '0.250000000', '0.250000000', '0.250000000']"
1 PBkl View1 0.251 0.264 0.645 0.194 0.140 1.965 nan 1120.0 1120.0 "['0.000601367', '0.002003439', '0.000459190', '0.000589888', '0.002003439', '0.000589888', '0.000581276', '0.000536080', '0.009799158', '0.000622696', '0.000586546', '0.000508500', '0.000614259', '0.000514150', '0.009799158', '0.000459114', '0.000696652', '0.000511363', '0.102476932', '0.000540262', '0.000590755', '0.009799158', '0.000622696', '0.104389764', '0.000564159', '0.000505562', '0.004755709', '0.003757025', '0.000458262', '0.001368738', '0.093713440', '0.009799158', '0.000584320', '0.000696652', '0.000496305', '0.000559720', '0.000505562', '0.000505562', '0.001895229', '0.000542271', '0.000463484', '0.000597874', '0.001523172', '0.000546130', '0.000496305', '0.009799158', '0.000459114', '0.000579141', '0.000589888', '0.003757025', '0.000564159', '0.000540262', '0.009799158', '0.000493078', '0.004225090', '0.102476932', '0.104389764', '0.000581276', '0.001697775', '0.103460729', '0.011058135', '0.000508500', '0.000586546', '0.000459114', '0.001169584', '0.009799158', '0.000496305', '0.011058135', '0.000519501', '0.104389764', '0.002003439', '0.000496305', '0.000493078', '0.000586546', '0.000516861', '0.000586546', '0.000775812', '0.000586546', '0.000463484', '0.000499462', '0.000459114', '0.000538199', '0.000584320', '0.006414775', '0.009799158', '0.000493078', '0.000602683', '0.000463484', '0.000603324', '0.003343869', '0.000514150', '0.002656258', '0.000606381', '0.000606381', '0.000459114', '0.104389764', '0.000586546', '0.000505562', '0.000508500', '0.001169584']" 
1 PBkl View2 0.141 0.152 0.400 0.103 0.099 1.296 nan 1120.0 1120.0 "['0.000949330', '0.000949330', '0.000894239', '0.005128910', '0.005128910', '0.001210190', '0.107663855', '0.014213777', '0.009388783', '0.000982598', '0.000926896', '0.001220781', '0.000837559', '0.005128910', '0.001902068', '0.025579611', '0.000874380', '0.006240135', '0.000899080', '0.017414285', '0.000874380', '0.001902068', '0.004248650', '0.001301991', '0.000949330', '0.001658222', '0.000837760', '0.000899080', '0.000857919', '0.001072379', '0.001072379', '0.000850748', '0.000926896', '0.000854838', '0.014213777', '0.000949330', '0.000889959', '0.005128910', '0.001172747', '0.000869974', '0.017414285', '0.000882742', '0.000886151', '0.000889959', '0.001301991', '0.002553834', '0.021199554', '0.002195635', '0.004248650', '0.002553834', '0.007638829', '0.000886151', '0.001119221', '0.001034953', '0.001902068', '0.000856829', '0.021199554', '0.011558066', '0.001456819', '0.001072379', '0.002997089', '0.001658222', '0.000904598', '0.110669568', '0.001456819', '0.030524077', '0.003551281', '0.004248650', '0.017414285', '0.000894239', '0.003551281', '0.001902068', '0.084433548', '0.110669568', '0.030524077', '0.001301991', '0.000949330', '0.000838624', '0.006240135', '0.002553834', '0.000848759', '0.000937095', '0.001192684', '0.001658222', '0.009388783', '0.001210190', '0.001210190', '0.004248650', '0.001456819', '0.001902068', '0.001220781', '0.110669568', '0.001005653', '0.001902068', '0.035955444', '0.000866253', '0.001210190', '0.004248650', '0.047766093', '0.001902068']" 
1 PBkl View3 0.165 0.195 0.487 0.114 0.162 0.490 nan 1120.0 1120.0 "['0.002061152', '0.019076888', '0.002153300', '0.001213652', '0.002156426', '0.001433522', '0.010788373', '0.015175470', '0.001213652', '0.001895985', '0.002010350', '0.002532777', '0.013255837', '0.020926679', '0.001911300', '0.021366378', '0.002151268', '0.001213652', '0.018190846', '0.020926679', '0.020764481', '0.002057214', '0.020019576', '0.002138844', '0.013255837', '0.013950680', '0.001789355', '0.002132478', '0.019335102', '0.017487476', '0.002149105', '0.019335102', '0.009830377', '0.001937968', '0.021227080', '0.006620086', '0.018506590', '0.019577393', '0.002089489', '0.001970315', '0.009830377', '0.001895985', '0.020221833', '0.021366378', '0.019805172', '0.005502166', '0.013255837', '0.015175470', '0.003411797', '0.001311222', '0.001213652', '0.015175470', '0.013255837', '0.016670775', '0.012499659', '0.019805172', '0.002139814', '0.002110995', '0.021366378', '0.002099048', '0.020926679', '0.001311222', '0.001311222', '0.007731748', '0.017851958', '0.001759130', '0.019805172', '0.002165986', '0.010788373', '0.001820144', '0.018190846', '0.020593431', '0.002532777', '0.001911300', '0.020593431', '0.001789355', '0.021227080', '0.001937968', '0.002132478', '0.002532777', '0.002034153', '0.009830377', '0.019335102', '0.019076888', '0.021366378', '0.017094752', '0.001820144', '0.006620086', '0.013950680', '0.017851958', '0.020221833', '0.001988041', '0.011678066', '0.001213652', '0.011678066', '0.019076888', '0.006620086', '0.002532777', '0.019335102', '0.001820144']" 
1 PBkl View4 0.164 0.163 0.425 0.123 0.080 1.671 nan 1120.0 1120.0 "['0.002524712', '0.001359391', '0.000696534', '0.000676898', '0.008648149', '0.001517511', '0.000871770', '0.000702024', '0.000841223', '0.001706374', '0.000676626', '0.001932184', '0.003369280', '0.000709284', '0.001359391', '0.000675866', '0.000689032', '0.002202139', '0.036471099', '0.003916695', '0.007353587', '0.016687214', '0.000934867', '0.001226537', '0.000732513', '0.000696534', '0.000675795', '0.000719062', '0.036471099', '0.036471099', '0.072130397', '0.001226537', '0.000675768', '0.000682739', '0.000681407', '0.000871770', '0.000702024', '0.000732513', '0.036471099', '0.001932184', '0.001113953', '0.000692317', '0.000696534', '0.087431066', '0.000678120', '0.000675663', '0.000732513', '0.000676898', '0.000689032', '0.000702024', '0.007353587', '0.000684390', '0.000709284', '0.001359391', '0.000841223', '0.000871987', '0.000675795', '0.000679439', '0.000702024', '0.000719062', '0.000871987', '0.005342580', '0.000675663', '0.000676076', '0.000778730', '0.087431066', '0.014152341', '0.000680323', '0.000709284', '0.003369280', '0.003916695', '0.000709284', '0.000778730', '0.001706374', '0.087431066', '0.000696534', '0.000675663', '0.001359391', '0.000841223', '0.000871770', '0.000686446', '0.000684390', '0.001017329', '0.001017329', '0.047518700', '0.001226537', '0.036471099', '0.000676626', '0.002202139', '0.014152341', '0.091185234', '0.091185234', '0.000682739', '0.000678120', '0.001517511', '0.000702024', '0.094384044', '0.000675659', '0.000675872', '0.000681407']" 
1 PBkl Concatenated 0.136 0.154 0.405 0.088 0.132 1.527 nan 1120.0 1120.0 "['0.000738923', '0.013476843', '0.000750103', '0.001135885', '0.000738835', '0.000767997', '0.018863073', '0.000746799', '0.000740908', '0.002791035', '0.022271000', '0.000935628', '0.001893671', '0.026207646', '0.000784022', '0.003214010', '0.000755022', '0.098925561', '0.000740293', '0.000740576', '0.000738856', '0.001893671', '0.000740908', '0.000774932', '0.115794569', '0.011392870', '0.000767997', '0.000774932', '0.026207646', '0.052931678', '0.001686131', '0.000743643', '0.001893671', '0.000914168', '0.115794569', '0.026207646', '0.001511990', '0.000738969', '0.000738969', '0.000975339', '0.001241536', '0.000755022', '0.013476843', '0.002791035', '0.000758390', '0.035671700', '0.000835788', '0.002791035', '0.001511990', '0.000739092', '0.041108008', '0.001046130', '0.000752309', '0.001135885', '0.000744517', '0.000738882', '0.001046130', '0.000969854', '0.000762620', '0.000935628', '0.000745556', '0.000748294', '0.000752309', '0.041108008', '0.041108008', '0.115794569', '0.000742279', '0.000969854', '0.026207646', '0.002791035', '0.006941875', '0.000969854', '0.003719816', '0.015948404', '0.000835788', '0.000762620', '0.000975339', '0.001511990', '0.000739840', '0.026207646', '0.000784022', '0.000746799', '0.000752309', '0.001365476', '0.000812727', '0.001511990', '0.000750103', '0.000935628', '0.002141386', '0.001686131', '0.000741747', '0.000914168', '0.001241536', '0.000738796', '0.013476843', '0.008172822', '0.000758390', '0.000752309', '0.000746799', '0.001135885']" 
1 PBkl Multiview 0.141 0.155 0.413 0.094 0.132 1.585 1.075 1120.0 1120.0 "[['0.001685898', '0.009428639', '0.000973426', '0.001657556', '0.009428639', '0.001657556', '0.001635060', '0.001494624', '0.028431615', '0.001463334', '0.001337899', '0.001381836', '0.001715724', '0.001407299', '0.028431615', '0.001025517', '0.001759340', '0.001394916', '0.053512398', '0.001509554', '0.001659761', '0.028431615', '0.001463334', '0.053973988', '0.001586754', '0.001368007', '0.020007042', '0.017061576', '0.000996581', '0.005628909', '0.051777266', '0.028431615', '0.001643140', '0.001759340', '0.001321388', '0.001573355', '0.001368007', '0.001368007', '0.008818002', '0.001516562', '0.000964810', '0.001677462', '0.006594446', '0.001529732', '0.001321388', '0.028431615', '0.001025517', '0.001629301', '0.001657556', '0.017061576', '0.001586754', '0.001509554', '0.028431615', '0.001303894', '0.018534902', '0.053512398', '0.053973988', '0.001635060', '0.007659970', '0.053744942', '0.029727504', '0.001381836', '0.001337899', '0.001025517', '0.004376607', '0.028431615', '0.001321388', '0.029727504', '0.001430187', '0.053973988', '0.009428639', '0.001321388', '0.001303894', '0.001337899', '0.001419040', '0.001337899', '0.002120457', '0.001337899', '0.000964810', '0.001337851', '0.001025517', '0.001502248', '0.001643140', '0.023630293', '0.028431615', '0.001303894', '0.001689036', '0.000964810', '0.001690560', '0.015596868', '0.001407299', '0.012738370', '0.001697738', '0.001697738', '0.001025517', '0.053973988', '0.001337899', '0.001368007', '0.001381836', '0.004376607'], ['0.001033612', '0.001038266', '0.000692710', '0.001473836', '0.000643948', '0.001349614', '0.007985186', '0.007985186', '0.000798044', '0.000625569', '0.000648785', '0.000682937', '0.000654150', '0.001083392', '0.000750325', '0.000771924', '0.001473836', '0.077815875', '0.001101043', '0.009827716', '0.000750325', '0.000660128', '0.014892768', '0.007985186', '0.000620145', '0.000593515', '0.077815875', '0.000666831', '0.000615485', '0.007985186', '0.000750325', '0.118779048', '0.001473836', '0.000631955', '0.000622750', '0.118779048', '0.014892768', '0.000716993', '0.007985186', '0.118779048', '0.001018569', '0.001033612', '0.000692710', '0.001033612', '0.002667208', '0.001083392', '0.000611443', '0.004414333', '0.001244702', '0.000660128', '0.002312501', '0.003687463', '0.000703951', '0.000716993', '0.000648785', '0.000829965', '0.000609620', '0.000620145', '0.000639568', '0.007985186', '0.000917358', '0.002030829', '0.012106133', '0.001155797', '0.002667208', '0.000829965', '0.003687463', '0.000974678', '0.000617729', '0.014892768', '0.000750325', '0.000611443', '0.002667208', '0.007985186', '0.014892768', '0.002312501', '0.003116445', '0.001349614', '0.000666831', '0.000750325', '0.118779048', '0.007985186', '0.000829965', '0.000639568', '0.118779048', '0.000617729', '0.000631955', '0.000643948', '0.000798044', '0.003116445', '0.005338679', '0.006509973', '0.000654150', '0.000674376', '0.000611443', '0.001018569', '0.002030829', '0.000750325', '0.001623136', '0.005338679'], ['0.010111599', '0.002226332', '0.026791275', '0.000758883', '0.029172726', '0.000756806', '0.010111599', '0.001743778', '0.005102338', '0.000762536', '0.000711903', '0.003825839', '0.030285623', '0.000751472', '0.000727649', '0.000902648', '0.000740312', '0.001239565', '0.000706448', '0.008905081', '0.028007912', '0.024207592', '0.006789263', '0.000700135', '0.026791275', '0.037473161', '0.001111234', '0.000764098', '0.018555960', '0.030285623', '0.000754942', '0.029172726', '0.000709274', '0.000755911', '0.035936575', '0.000718779', '0.032358568', '0.000709274', '0.001239565', '0.001966109', '0.000684406', '0.037473161', '0.010111599', '0.001552218', '0.001552218', '0.006789263', '0.015622570', '0.000727649', '0.002532730', '0.000743504', '0.000748541', '0.005102338', '0.000760202', '0.037473161', '0.000755911', '0.030285623', '0.030285623', '0.007794922', '0.006789263', '0.035108279', '0.035936575', '0.000754942', '0.021445639', '0.012762493', '0.000726085', '0.002894624', '0.026791275', '0.001111234', '0.011402401', '0.035936575', '0.030285623', '0.003322140', '0.000746829', '0.000700135', '0.001743778', '0.030285623', '0.000755274', '0.001966109', '0.006789263', '0.006789263', '0.035936575', '0.000739422', '0.001966109', '0.000736491', '0.000758645', '0.001111234', '0.003322140', '0.003322140', '0.000711903', '0.000706448', '0.017088080', '0.011402401', '0.000749072', '0.000700135', '0.000759343', '0.000739422', '0.035108279', '0.000746829', '0.000902648', '0.001111234'], ['0.007974700', '0.000844137', '0.003670563', '0.000985224', '0.001021485', '0.002294989', '0.000724784', '0.003103051', '0.003103051', '0.004391033', '0.009872864', '0.005309018', '0.001249950', '0.000773998', '0.000844137', '0.000921564', '0.002294989', '0.000844137', '0.089808919', '0.005309018', '0.120614499', '0.000791737', '0.000991888', '0.000791737', '0.002294989', '0.015253503', '0.001249950', '0.000985224', '0.000767652', '0.001571442', '0.000733131', '0.000734817', '0.000781845', '0.001059241', '0.028549643', '0.000767652', '0.000723966', '0.002005913', '0.018923054', '0.000767652', '0.015253503', '0.000821298', '0.000733131', '0.003670563', '0.000758085', '0.000985224', '0.048154898', '0.000748579', '0.001118621', '0.001118621', '0.000762435', '0.023345415', '0.000726046', '0.023345415', '0.007974700', '0.000781845', '0.001400872', '0.001400872', '0.000844137', '0.009872864', '0.001021485', '0.089808919', '0.000724565', '0.002294989', '0.000731705', '0.000726983', '0.000921564', '0.003103051', '0.000876048', '0.001400872', '0.004391033', '0.120614499', '0.001571442', '0.000985224', '0.122112453', '0.001571442', '0.001400872', '0.023345415', '0.000754414', '0.000744173', '0.000767652', '0.003103051', '0.001118621', '0.000844137', '0.001118621', '0.000921564', '0.000735782', '0.000751281', '0.023345415', '0.001571442', '0.089808919', '0.000742355', '0.000821298', '0.000781845', '0.000821298', '0.000921564', '0.000728090', '0.000821298', '0.000734817', '0.000921564']]" "['0.012472754', '0.769052088', '0.029144542', '0.189330637']"
1 PBkl_inv View1 0.251 0.264 0.645 0.194 0.140 2.000 nan 1120.0 1120.0 "['0.000578193', '0.002001688', '0.000423048', '0.000565624', '0.002001688', '0.000565624', '0.000556207', '0.000507073', '0.010131504', '0.000589107', '0.000553564', '0.000477248', '0.000592364', '0.000483356', '0.010131504', '0.000423292', '0.000662407', '0.000480343', '0.102252826', '0.000511602', '0.000566572', '0.010131504', '0.000589107', '0.104021706', '0.000537546', '0.000474072', '0.004841032', '0.003800663', '0.000422216', '0.001356587', '0.094109543', '0.010131504', '0.000559534', '0.000662407', '0.000464059', '0.000532718', '0.000474072', '0.000474072', '0.001891949', '0.000513778', '0.000427538', '0.000574362', '0.001514207', '0.000517962', '0.000464059', '0.010131504', '0.000423292', '0.000553873', '0.000565624', '0.003800663', '0.000537546', '0.000511602', '0.010131504', '0.000460567', '0.004287344', '0.102252826', '0.104021706', '0.000556207', '0.001691667', '0.103163019', '0.011452322', '0.000477248', '0.000553564', '0.000423292', '0.001151745', '0.010131504', '0.000464059', '0.011452322', '0.000489143', '0.104021706', '0.002001688', '0.000464059', '0.000460567', '0.000553564', '0.000486288', '0.000553564', '0.000742426', '0.000553564', '0.000427538', '0.000467476', '0.000423292', '0.000509368', '0.000559534', '0.006579132', '0.010131504', '0.000460567', '0.000579638', '0.000427538', '0.000580342', '0.003372926', '0.000483356', '0.002666195', '0.000583700', '0.000583700', '0.000423292', '0.104021706', '0.000553564', '0.000474072', '0.000477248', '0.001151745']" 
1 PBkl_inv View2 0.142 0.152 0.399 0.105 0.094 1.409 nan 1120.0 1120.0 "['0.000805173', '0.000805173', '0.000765197', '0.004720089', '0.004720089', '0.001067271', '0.112428539', '0.013461091', '0.008795288', '0.000831047', '0.000788476', '0.001073534', '0.000728022', '0.004720089', '0.001637053', '0.024963126', '0.000751662', '0.005784694', '0.000768568', '0.016620832', '0.000751662', '0.001637053', '0.003873545', '0.001147087', '0.000805173', '0.001427658', '0.000728145', '0.000768568', '0.000740835', '0.000908731', '0.000908731', '0.000736242', '0.000788476', '0.000738851', '0.013461091', '0.000805173', '0.000762238', '0.004720089', '0.001016163', '0.000748730', '0.016620832', '0.000757300', '0.000759625', '0.000762238', '0.001147087', '0.002241215', '0.020437013', '0.001903918', '0.003873545', '0.002241215', '0.007121524', '0.000759625', '0.000955356', '0.000874769', '0.001637053', '0.000740131', '0.020437013', '0.010880899', '0.001266354', '0.000908731', '0.002666091', '0.001427658', '0.000772447', '0.115038939', '0.001266354', '0.030207103', '0.003200762', '0.003873545', '0.016620832', '0.000765197', '0.003200762', '0.001637053', '0.090333208', '0.115038939', '0.030207103', '0.001147087', '0.000805173', '0.000728674', '0.005784694', '0.002241215', '0.000734982', '0.000795998', '0.001028360', '0.001427658', '0.008795288', '0.001067271', '0.001067271', '0.003873545', '0.001266354', '0.001637053', '0.001073534', '0.115038939', '0.000849809', '0.001637053', '0.036109868', '0.000746271', '0.001067271', '0.003873545', '0.049275383', '0.001637053']" 
1 PBkl_inv View3 0.176 0.185 0.473 0.125 0.121 1.382 nan 1120.0 1120.0 "['0.000510141', '0.015335721', '0.000505970', '0.000624673', '0.000505877', '0.000586439', '0.001476847', '0.003177317', '0.000624673', '0.000523525', '0.000513532', '0.000741278', '0.002114912', '0.045366939', '0.000522016', '0.053896464', '0.000506031', '0.000624673', '0.009474535', '0.045366939', '0.041882027', '0.000510378', '0.027133301', '0.000506439', '0.002114912', '0.002409830', '0.000535291', '0.000506668', '0.017870391', '0.006843301', '0.000506098', '0.017870391', '0.001325037', '0.000519512', '0.051381245', '0.000991772', '0.011149356', '0.020695245', '0.000508570', '0.000516684', '0.001325037', '0.000523525', '0.030686151', '0.053896464', '0.023791702', '0.000911927', '0.002114912', '0.003177317', '0.000787711', '0.000678207', '0.000624673', '0.003177317', '0.002114912', '0.004980375', '0.001866024', '0.023791702', '0.000506405', '0.000507544', '0.053896464', '0.000508095', '0.045366939', '0.000678207', '0.000678207', '0.001085635', '0.008048574', '0.000538986', '0.023791702', '0.000505617', '0.001476847', '0.000704568', '0.009474535', '0.038178369', '0.000741278', '0.000522016', '0.038178369', '0.000535291', '0.051381245', '0.000519512', '0.000506668', '0.000741278', '0.000511854', '0.001325037', '0.017870391', '0.015335721', '0.053896464', '0.005829839', '0.000704568', '0.000991772', '0.002409830', '0.008048574', '0.030686151', '0.000515238', '0.001655445', '0.000624673', '0.001655445', '0.015335721', '0.000991772', '0.000741278', '0.017870391', '0.000704568']" 
1 PBkl_inv View4 0.164 0.163 0.425 0.124 0.078 1.765 nan 1120.0 1120.0 "['0.002468377', '0.001256919', '0.000605316', '0.000609648', '0.008668418', '0.001428107', '0.000664157', '0.000606129', '0.000689618', '0.001628920', '0.000610150', '0.001864622', '0.003312000', '0.000607581', '0.001256919', '0.000612463', '0.000604861', '0.002141761', '0.038100451', '0.003856142', '0.007327633', '0.017223893', '0.000797220', '0.001111139', '0.000613807', '0.000605316', '0.000612884', '0.000609981', '0.038100451', '0.038100451', '0.073106132', '0.001111139', '0.000616715', '0.000605633', '0.000606069', '0.000664157', '0.000606129', '0.000613807', '0.038100451', '0.001864622', '0.000987425', '0.000604938', '0.000605316', '0.086981535', '0.000608095', '0.000615143', '0.000613807', '0.000609648', '0.000604861', '0.000606129', '0.007327633', '0.000605263', '0.000607581', '0.001256919', '0.000689618', '0.000728721', '0.000612884', '0.000607049', '0.000606129', '0.000609981', '0.000728721', '0.005281157', '0.000615143', '0.000611576', '0.000629151', '0.086981535', '0.014502660', '0.000606549', '0.000607581', '0.003312000', '0.003856142', '0.000607581', '0.000629151', '0.001628920', '0.086981535', '0.000605316', '0.000615143', '0.001256919', '0.000689618', '0.000664157', '0.000604991', '0.000605263', '0.000883301', '0.000883301', '0.049240008', '0.001111139', '0.038100451', '0.000610150', '0.002141761', '0.014502660', '0.090306289', '0.090306289', '0.000605633', '0.000608095', '0.001428107', '0.000606129', '0.093128659', '0.000614798', '0.000617544', '0.000606069']" 
1 PBkl_inv Concatenated 0.135 0.154 0.406 0.088 0.132 1.611 nan 1120.0 1120.0 "['0.000676406', '0.013788717', '0.000667551', '0.000994936', '0.000679718', '0.000669029', '0.019562142', '0.000668120', '0.000671548', '0.002723323', '0.023208214', '0.000773972', '0.001806530', '0.027392080', '0.000672876', '0.003147730', '0.000667410', '0.098026991', '0.000672407', '0.000671982', '0.000677003', '0.001806530', '0.000671548', '0.000670527', '0.112869240', '0.011568374', '0.000669029', '0.000670527', '0.027392080', '0.054655865', '0.001588158', '0.000669323', '0.001806530', '0.000721045', '0.112869240', '0.027392080', '0.001402089', '0.000676094', '0.000676094', '0.000824221', '0.001108753', '0.000667410', '0.013788717', '0.002723323', '0.000667617', '0.037274569', '0.000690141', '0.002723323', '0.001402089', '0.000675440', '0.042828310', '0.000900249', '0.000667406', '0.000994936', '0.000668899', '0.000680322', '0.000900249', '0.000745769', '0.000668114', '0.000773972', '0.000668490', '0.000667798', '0.000667406', '0.042828310', '0.042828310', '0.112869240', '0.000670213', '0.000745769', '0.027392080', '0.002723323', '0.006910180', '0.000745769', '0.003653316', '0.016435761', '0.000690141', '0.000668114', '0.000824221', '0.001402089', '0.000673229', '0.027392080', '0.000672876', '0.000668120', '0.000667406', '0.001243536', '0.000681911', '0.001402089', '0.000667551', '0.000773972', '0.002063203', '0.001588158', '0.000670661', '0.000721045', '0.001108753', '0.000678830', '0.013788717', '0.008182277', '0.000667617', '0.000667406', '0.000668120', '0.000994936']" 
1 PBkl_inv Multiview 0.141 0.153 0.412 0.096 0.125 1.700 1.168 1120.0 1120.0 "[['0.001512866', '0.008790397', '0.000943516', '0.001486758', '0.008790397', '0.001486758', '0.001466185', '0.001340844', '0.028841825', '0.001399255', '0.001293206', '0.001244302', '0.001540547', '0.001265758', '0.028841825', '0.000972650', '0.001641974', '0.001255297', '0.054893944', '0.001353903', '0.001488782', '0.028841825', '0.001399255', '0.055357903', '0.001422467', '0.001232740', '0.019851003', '0.016720273', '0.000955045', '0.005070827', '0.053145524', '0.028841825', '0.001473558', '0.001641974', '0.001194238', '0.001410445', '0.001232740', '0.001232740', '0.008177516', '0.001360057', '0.000945356', '0.001505076', '0.005991974', '0.001371662', '0.001194238', '0.028841825', '0.000972650', '0.001460939', '0.001486758', '0.016720273', '0.001422467', '0.001353903', '0.028841825', '0.001179986', '0.018283861', '0.054893944', '0.055357903', '0.001466185', '0.007029348', '0.055127729', '0.030221222', '0.001244302', '0.001293206', '0.000972650', '0.003908401', '0.028841825', '0.001194238', '0.030221222', '0.001285204', '0.055357903', '0.008790397', '0.001194238', '0.001179986', '0.001293206', '0.001275708', '0.001293206', '0.001938262', '0.001293206', '0.000945356', '0.001207745', '0.000972650', '0.001347511', '0.001473558', '0.023718324', '0.028841825', '0.001179986', '0.001515768', '0.000945356', '0.001517175', '0.015172577', '0.001265758', '0.012180403', '0.001523820', '0.001523820', '0.000972650', '0.055357903', '0.001293206', '0.001232740', '0.001244302', '0.003908401'], ['0.000832491', '0.000771709', '0.000582729', '0.001296866', '0.000554958', '0.001159975', '0.007826991', '0.007826991', '0.000641058', '0.000544363', '0.000557737', '0.000577203', '0.000560811', '0.000885503', '0.000614918', '0.000626797', '0.001296866', '0.083258785', '0.000806155', '0.009644712', '0.000614918', '0.000564230', '0.014805298', '0.007826991', '0.000541216', '0.000525633', '0.083258785', '0.000568052', '0.000538507', '0.007826991', '0.000614918', '0.118998639', '0.001296866', '0.000548049', '0.000542729', '0.118998639', '0.014805298', '0.000596380', '0.007826991', '0.118998639', '0.000798831', '0.000832491', '0.000582729', '0.000832491', '0.002586113', '0.000885503', '0.000536152', '0.004341586', '0.001047798', '0.000564230', '0.002213947', '0.003621983', '0.000589065', '0.000596380', '0.000557737', '0.000658329', '0.000535087', '0.000541216', '0.000552441', '0.007826991', '0.000705182', '0.001911890', '0.011934179', '0.000957000', '0.002586113', '0.000658329', '0.003621983', '0.000736242', '0.000539812', '0.014805298', '0.000614918', '0.000536152', '0.002586113', '0.007826991', '0.014805298', '0.002213947', '0.003047311', '0.001159975', '0.000568052', '0.000614918', '0.118998639', '0.007826991', '0.000658329', '0.000552441', '0.118998639', '0.000539812', '0.000548049', '0.000554958', '0.000641058', '0.003047311', '0.005246275', '0.006386898', '0.000560811', '0.000572349', '0.000536152', '0.000798831', '0.001911890', '0.000614918', '0.001463194', '0.005246275'], ['0.010482426', '0.002112749', '0.027109426', '0.000709811', '0.029318115', '0.000707646', '0.010482426', '0.001648869', '0.005096862', '0.000713653', '0.000664366', '0.003743136', '0.030339755', '0.000702143', '0.000678713', '0.000899073', '0.000690925', '0.001191560', '0.000659643', '0.009191681', '0.028241726', '0.024674680', '0.006912201', '0.000654359', '0.027109426', '0.036802452', '0.001080429', '0.000715308', '0.019183639', '0.030339755', '0.000705713', '0.029318115', '0.000662072', '0.000706717', '0.035437550', '0.000670507', '0.032225739', '0.000662072', '0.001191560', '0.001860134', '0.000642269', '0.036802452', '0.010482426', '0.001471110', '0.001471110', '0.006912201', '0.016231751', '0.000678713', '0.002416041', '0.000694094', '0.000699158', '0.005096862', '0.000711193', '0.036802452', '0.000706717', '0.030339755', '0.030339755', '0.007997191', '0.006912201', '0.034698460', '0.035437550', '0.000705713', '0.022021536', '0.013280566', '0.000677244', '0.002780793', '0.027109426', '0.001080429', '0.011852052', '0.035437550', '0.030339755', '0.003218967', '0.000697427', '0.000654359', '0.001648869', '0.030339755', '0.000706056', '0.001860134', '0.006912201', '0.006912201', '0.035437550', '0.000690048', '0.001860134', '0.000687184', '0.000709562', '0.001080429', '0.003218967', '0.003218967', '0.000664366', '0.000659643', '0.017715760', '0.011852052', '0.000699697', '0.000654359', '0.000710292', '0.000690048', '0.034698460', '0.000697427', '0.000899073', '0.001080429'], ['0.007965507', '0.000719493', '0.003666043', '0.000799630', '0.000883532', '0.002218096', '0.000652675', '0.003079055', '0.003079055', '0.004398298', '0.009854753', '0.005318829', '0.001091907', '0.000679532', '0.000719493', '0.000763144', '0.002218096', '0.000719493', '0.092389874', '0.005318829', '0.119149618', '0.000689669', '0.000830186', '0.000689669', '0.002218096', '0.015308005', '0.001091907', '0.000799630', '0.000675912', '0.001420805', '0.000656791', '0.000657668', '0.000684020', '0.000843590', '0.029399900', '0.000675912', '0.000652303', '0.001900707', '0.019121112', '0.000675912', '0.015308005', '0.000706538', '0.000656791', '0.003666043', '0.000670476', '0.000799630', '0.050590605', '0.000665140', '0.000972841', '0.000972841', '0.000672942', '0.023803571', '0.000653267', '0.023803571', '0.007965507', '0.000684020', '0.001240326', '0.001240326', '0.000719493', '0.009854753', '0.000883532', '0.092389874', '0.000652575', '0.002218096', '0.000656055', '0.000653712', '0.000763144', '0.003079055', '0.000737498', '0.001240326', '0.004398298', '0.119149618', '0.001420805', '0.000799630', '0.120412640', '0.001420805', '0.001240326', '0.023803571', '0.000668405', '0.000662703', '0.000675912', '0.003079055', '0.000972841', '0.000719493', '0.000972841', '0.000763144', '0.000658174', '0.000666647', '0.023803571', '0.001420805', '0.092389874', '0.000661710', '0.000706538', '0.000684020', '0.000706538', '0.000763144', '0.000654248', '0.000706538', '0.000657668', '0.000763144']]" "['0.010884466', '0.791905642', '0.024576863', '0.172632977']"
1 TND_DIS View1 0.276 0.350 0.818 0.170 0.362 0.037 nan 1120.0 11201.0 "['0.009992095', '0.007915860', '0.014045839', '0.009833659', '0.007915860', '0.009962992', '0.006058100', '0.013699193', '0.008852723', '0.008044401', '0.007365787', '0.010754133', '0.011692791', '0.013235161', '0.008852723', '0.007241660', '0.008666079', '0.010724939', '0.014403678', '0.013316161', '0.010217577', '0.008852723', '0.008044401', '0.014463359', '0.006933385', '0.006819837', '0.008724681', '0.009265496', '0.007218932', '0.015424482', '0.016883798', '0.008852723', '0.009802238', '0.008666079', '0.006916625', '0.006824886', '0.006817062', '0.006817062', '0.007937886', '0.013740924', '0.007297421', '0.010127360', '0.015549626', '0.013257245', '0.006916625', '0.008852723', '0.007241660', '0.009884966', '0.009833659', '0.009356551', '0.010621539', '0.013316161', '0.008852723', '0.014095264', '0.008854055', '0.014403678', '0.014100892', '0.010458329', '0.013744497', '0.014384472', '0.008996143', '0.010754133', '0.007365787', '0.007241660', '0.007573768', '0.008852723', '0.013903772', '0.008996143', '0.006726529', '0.014009894', '0.007915860', '0.013903772', '0.006938396', '0.007365787', '0.010757965', '0.007365787', '0.008839143', '0.013857109', '0.007297421', '0.006993008', '0.007241660', '0.013633410', '0.009802238', '0.008582396', '0.008852723', '0.006938396', '0.012208817', '0.007280530', '0.012393311', '0.015403517', '0.013235161', '0.008995440', '0.010125335', '0.012167262', '0.007241660', '0.014009894', '0.007365787', '0.006817062', '0.010729638', '0.008373579']" 
1 TND_DIS View2 0.107 0.177 0.452 0.077 0.211 0.030 nan 1120.0 11201.0 "['0.006931952', '0.010016274', '0.007602517', '0.011003958', '0.007947172', '0.007891312', '0.009853124', '0.013055607', '0.011712291', '0.007327894', '0.014235260', '0.007742537', '0.012685961', '0.007300209', '0.011117245', '0.010072340', '0.016190784', '0.011127916', '0.010129002', '0.009528347', '0.016190784', '0.009700391', '0.007818348', '0.007680145', '0.010016274', '0.006899846', '0.010319842', '0.013803644', '0.017765781', '0.009810015', '0.010869916', '0.009974840', '0.006847222', '0.015846014', '0.008097461', '0.006863360', '0.009955931', '0.007704587', '0.010057378', '0.011828627', '0.008473687', '0.016524209', '0.017549120', '0.016595270', '0.011198171', '0.007074013', '0.008806256', '0.010398043', '0.007415510', '0.007092524', '0.011667466', '0.009608018', '0.007940682', '0.007536364', '0.006914039', '0.012900750', '0.008806256', '0.012562810', '0.011128566', '0.010867813', '0.006966518', '0.010862215', '0.007977384', '0.010075747', '0.013289146', '0.012064370', '0.010332451', '0.007190236', '0.008473687', '0.009797559', '0.008831723', '0.010084814', '0.009803040', '0.010075747', '0.009012512', '0.008303217', '0.010016274', '0.009788352', '0.010086946', '0.008499325', '0.015773954', '0.011383138', '0.008011543', '0.006899846', '0.008397592', '0.007978312', '0.007995219', '0.007201768', '0.011128566', '0.006940319', '0.007754643', '0.010075747', '0.010057392', '0.009483131', '0.009103031', '0.010649922', '0.010301521', '0.009064094', '0.009562281', '0.008125016']" 
1 TND_DIS View3 0.154 0.209 0.515 0.105 0.208 0.014 nan 1120.0 11201.0 "['0.008274439', '0.011300144', '0.006572106', '0.009860719', '0.006425121', '0.009756676', '0.010696380', '0.010913749', '0.009860719', '0.008212409', '0.007669026', '0.010414002', '0.010707894', '0.010498307', '0.007971385', '0.011357393', '0.006607700', '0.009887408', '0.011622826', '0.010734370', '0.010435705', '0.007369841', '0.011301749', '0.007217704', '0.010808343', '0.010842944', '0.010653418', '0.007861843', '0.011498275', '0.011160573', '0.006630579', '0.011746234', '0.010609216', '0.009640661', '0.011433353', '0.009694370', '0.011457801', '0.011583860', '0.006945739', '0.010162175', '0.010238495', '0.008212409', '0.011707684', '0.011357393', '0.011738391', '0.009627768', '0.011714200', '0.010935639', '0.009616598', '0.010075301', '0.009973736', '0.010837558', '0.010808343', '0.011625223', '0.010809097', '0.011781221', '0.006802710', '0.008760939', '0.011561717', '0.007515363', '0.010734370', '0.008500088', '0.010075301', '0.010136241', '0.011353834', '0.009338827', '0.011781221', '0.006214390', '0.010708817', '0.008268556', '0.011615991', '0.011707095', '0.010386858', '0.007971385', '0.011722822', '0.010653418', '0.011433353', '0.009378286', '0.006875857', '0.008307695', '0.008103191', '0.010276554', '0.011641352', '0.011483202', '0.011561717', '0.011172268', '0.010299310', '0.009694370', '0.010803471', '0.011353834', '0.011455206', '0.010011775', '0.010416295', '0.009860719', '0.010698020', '0.011535546', '0.009696904', '0.008660049', '0.011746234', '0.008268556']" 
1 TND_DIS View4 0.094 0.190 0.472 0.074 0.236 0.003 nan 1120.0 11201.0 "['0.008202429', '0.009768190', '0.010581169', '0.011246369', '0.009486200', '0.009901502', '0.008899234', '0.010370127', '0.010168412', '0.009784359', '0.010580417', '0.008441404', '0.008854460', '0.010350426', '0.009527395', '0.011801826', '0.010590666', '0.009687813', '0.009904231', '0.010778275', '0.011403390', '0.008854532', '0.009066695', '0.009873985', '0.009301598', '0.010227373', '0.009645873', '0.009574701', '0.009904231', '0.009904231', '0.011148104', '0.009673874', '0.010085165', '0.009855889', '0.009709617', '0.007306193', '0.009647431', '0.010557200', '0.009904231', '0.009904655', '0.009798761', '0.009686518', '0.010698087', '0.011453615', '0.011126217', '0.010850639', '0.010284878', '0.010599575', '0.010115117', '0.010525773', '0.011403390', '0.010566764', '0.010393668', '0.009297519', '0.010877564', '0.008805106', '0.010217536', '0.009595341', '0.009300675', '0.009578838', '0.010098448', '0.008437103', '0.010850639', '0.009586705', '0.009606581', '0.010092576', '0.008900051', '0.010056247', '0.010139147', '0.008854460', '0.010778275', '0.010465271', '0.009845207', '0.011000425', '0.009865811', '0.010581169', '0.010850639', '0.009768190', '0.010651784', '0.009887096', '0.010434346', '0.010320770', '0.009860460', '0.009847979', '0.010207885', '0.009808104', '0.009904231', '0.009611441', '0.009687813', '0.008900051', '0.009756015', '0.011495304', '0.010979122', '0.011126217', '0.008622395', '0.009712048', '0.009614652', '0.010210343', '0.009315534', '0.010620002']" 
1 TND_DIS Concatenated 0.081 0.182 0.457 0.069 0.233 0.022 nan 1120.0 11201.0 "['0.009130865', '0.009265370', '0.009344668', '0.007290171', '0.009295423', '0.013937026', '0.008660087', '0.012912496', '0.009433978', '0.008100284', '0.010850627', '0.013549679', '0.011429068', '0.011644147', '0.008734594', '0.007635674', '0.007814175', '0.009214656', '0.012269913', '0.007264439', '0.007944630', '0.008629223', '0.009433978', '0.007029535', '0.009472087', '0.010743008', '0.010588719', '0.010456081', '0.015895229', '0.009071605', '0.013627009', '0.008092020', '0.007984256', '0.007158474', '0.009472087', '0.009127252', '0.007715452', '0.011289989', '0.011289989', '0.007416287', '0.011241474', '0.010849141', '0.008589818', '0.007766120', '0.012588843', '0.008651645', '0.009024743', '0.012207683', '0.007869579', '0.009911435', '0.015166898', '0.007712013', '0.013129178', '0.009813007', '0.011129923', '0.008884814', '0.007712013', '0.013354382', '0.012573156', '0.007508024', '0.009002528', '0.011985109', '0.011605486', '0.015166898', '0.008936098', '0.009472087', '0.011112006', '0.007342315', '0.010822081', '0.007957193', '0.009328159', '0.009476477', '0.008450038', '0.010241305', '0.013621854', '0.011730996', '0.007223521', '0.007869579', '0.008003309', '0.008681393', '0.013537370', '0.009878661', '0.010903878', '0.012733933', '0.008771690', '0.007667005', '0.011708692', '0.007648864', '0.007729123', '0.010495514', '0.012339012', '0.013884149', '0.012228889', '0.007157082', '0.007949673', '0.008044389', '0.007813262', '0.011620342', '0.011701901', '0.012259956']" 
1 TND_DIS Multiview 0.151 0.222 0.565 0.101 0.259 0.576 0.000 1120.0 11201.0 "[['0.001612670', '0.016443837', '0.001357802', '0.004007219', '0.016551942', '0.001606213', '0.000987118', '0.001518510', '0.018514162', '0.030240489', '0.020408327', '0.000963845', '0.001767133', '0.002262922', '0.027782595', '0.021876283', '0.009339472', '0.000927316', '0.013046147', '0.001279388', '0.000998679', '0.014596345', '0.003057275', '0.011664663', '0.001353948', '0.002240268', '0.013979009', '0.030409345', '0.020669656', '0.001149695', '0.006902386', '0.008934885', '0.001736067', '0.030514510', '0.007019741', '0.001631039', '0.001571682', '0.032958753', '0.013723391', '0.001408082', '0.012975083', '0.000986572', '0.001294554', '0.001885801', '0.013310197', '0.013836698', '0.011105164', '0.001773181', '0.000945287', '0.025010083', '0.001752245', '0.001235626', '0.031898111', '0.001137314', '0.021937020', '0.005517127', '0.005708857', '0.002696333', '0.001480584', '0.003298272', '0.005688373', '0.001403221', '0.007028082', '0.003505470', '0.031176575', '0.018691290', '0.001699188', '0.014147403', '0.022946186', '0.004158299', '0.014382721', '0.001382773', '0.029847486', '0.032439046', '0.000898090', '0.005615789', '0.005757587', '0.001002238', '0.028070226', '0.021497199', '0.004786539', '0.001628334', '0.006480081', '0.021897307', '0.010879415', '0.033191655', '0.002107530', '0.034222592', '0.001391665', '0.001119472', '0.001165566', '0.004480716', '0.009703250', '0.001759324', '0.022576658', '0.002482297', '0.002415503', '0.021585017', '0.000820116', '0.005172827'], ['0.004116133', '0.009990921', '0.001575098', '0.022000009', '0.001317617', '0.035714380', '0.023076938', '0.008064920', '0.004730493', '0.002693900', '0.001070186', '0.001044782', '0.003615213', '0.014260561', '0.006332628', '0.000893210', '0.015400948', '0.031085158', '0.001702148', '0.015324223', '0.001061175', '0.002865469', '0.021680111', '0.015036849', '0.001471100', '0.001412503', '0.017720969', '0.003262494', '0.001067296', '0.005573108', '0.028205881', '0.010506337', '0.036739465', '0.002509960', '0.001497028', '0.036013857', '0.024356762', '0.001755287', '0.010296098', '0.034259502', '0.014642673', '0.001025755', '0.005737089', '0.007286505', '0.002195208', '0.008105018', '0.001501593', '0.025332730', '0.030516218', '0.008127381', '0.037167534', '0.001830776', '0.002764663', '0.001600115', '0.001157305', '0.007400228', '0.001377399', '0.003822907', '0.003045995', '0.006126224', '0.003414711', '0.005026387', '0.009747359', '0.002734812', '0.003771387', '0.002079508', '0.009351023', '0.009582196', '0.000942028', '0.022465868', '0.001901894', '0.001861981', '0.002125792', '0.004679332', '0.025826059', '0.004464114', '0.032099485', '0.009117337', '0.000983200', '0.006566619', '0.021716516', '0.033564605', '0.002690780', '0.001160792', '0.004287656', '0.001375669', '0.011545376', '0.001246772', '0.008954762', '0.033499241', '0.006431735', '0.006631200', '0.006873327', '0.002616002', '0.001354199', '0.001411983', '0.021461943', '0.000982790', '0.030571228', '0.010818323'], ['0.012752864', '0.009080420', '0.022937413', '0.003029269', '0.018255362', '0.002374761', '0.012537180', '0.011399101', '0.013334465', '0.002219197', '0.000905273', '0.006970473', '0.019075440', '0.003079653', '0.001417939', '0.014510759', '0.005551776', '0.008281116', '0.001402898', '0.020733776', '0.021656459', '0.022867722', '0.009626146', '0.002658325', '0.025300398', '0.013401281', '0.002840266', '0.002079685', '0.018888671', '0.034284893', '0.001403214', '0.012657627', '0.002572873', '0.003212866', '0.024911566', '0.004873766', '0.012912226', '0.004775928', '0.011802304', '0.002142153', '0.005589166', '0.014355556', '0.029053794', '0.004640668', '0.023035614', '0.013700031', '0.004636902', '0.002871023', '0.009111311', '0.001571303', '0.002414565', '0.015312110', '0.002044853', '0.013896371', '0.001497097', '0.019977842', '0.028502375', '0.010958862', '0.032277502', '0.014604550', '0.009687322', '0.001748127', '0.019038657', '0.016654793', '0.001953745', '0.021677392', '0.007107351', '0.012858848', '0.012556881', '0.006351886', '0.025372425', '0.007014473', '0.001715402', '0.001480265', '0.001213107', '0.026370218', '0.001486290', '0.001495834', '0.008857612', '0.006161180', '0.008950977', '0.002243843', '0.004302491', '0.001362731', '0.001844692', '0.001263235', '0.015766444', '0.004682536', '0.001393583', '0.003072800', '0.004288401', '0.024556061', '0.003690166', '0.004878861', '0.002317403', '0.001930379', '0.017282704', '0.001576472', '0.007952229', '0.021073190'], ['0.016521662', '0.003638305', '0.013324349', '0.005888143', '0.006113732', '0.005083456', '0.001582632', '0.009234387', '0.003870329', '0.006392598', '0.015328603', '0.037049562', '0.019157084', '0.013609063', '0.001223807', '0.001003844', '0.006459954', '0.001419699', '0.026813013', '0.004712853', '0.015705310', '0.003380751', '0.006168293', '0.005221370', '0.011763453', '0.029205697', '0.004036562', '0.004874740', '0.001074671', '0.002823437', '0.001162262', '0.001363918', '0.002952776', '0.004881082', '0.004213762', '0.001994987', '0.001581360', '0.002474982', '0.002838587', '0.004299457', '0.004660215', '0.023360152', '0.003006068', '0.017433401', '0.002015731', '0.003210133', '0.024253163', '0.009486451', '0.001587801', '0.003365351', '0.003002088', '0.031033842', '0.007804902', '0.032279957', '0.012681626', '0.004421418', '0.005892381', '0.012068856', '0.004086008', '0.012742983', '0.022565020', '0.033909615', '0.001687793', '0.025056815', '0.002966795', '0.001650992', '0.008611356', '0.001446845', '0.001109466', '0.004117813', '0.001239861', '0.028993310', '0.007329012', '0.001996169', '0.011527514', '0.005067575', '0.001183339', '0.034861881', '0.001197686', '0.001717446', '0.001785238', '0.003549570', '0.018552165', '0.014825506', '0.026477030', '0.005404082', '0.003038554', '0.001213860', '0.031210857', '0.004883348', '0.033607665', '0.001661815', '0.009209320', '0.037160978', '0.014207902', '0.043241847', '0.001668002', '0.015795542', '0.001416840', '0.004016443']]" "['0.246381387', '0.258224517', '0.255025744', '0.240368381']"
1 TND_DIS_inv View1 0.298 0.349 0.819 0.186 0.329 0.003 nan 1120.0 11201.0 "['0.008912787', '0.009949923', '0.010444998', '0.008934310', '0.009949923', '0.008877860', '0.008939897', '0.010399385', '0.010323631', '0.009755047', '0.009667401', '0.009714734', '0.009617835', '0.010116649', '0.010323631', '0.009582602', '0.009867023', '0.009688129', '0.012189439', '0.010194189', '0.008820854', '0.010323631', '0.009755047', '0.012214229', '0.009139128', '0.009371614', '0.010215346', '0.010282739', '0.009600495', '0.011073039', '0.012194443', '0.010323631', '0.008930673', '0.009867023', '0.009417977', '0.009169042', '0.009370558', '0.009370558', '0.009955013', '0.010386012', '0.009638559', '0.008964654', '0.011122067', '0.010185992', '0.009417977', '0.010323631', '0.009582602', '0.009059352', '0.008934310', '0.010287357', '0.009376396', '0.010194189', '0.010323631', '0.010485893', '0.010255799', '0.012189439', '0.012145236', '0.009122660', '0.010619026', '0.012197044', '0.010359249', '0.009714734', '0.009667401', '0.009582602', '0.009793829', '0.010323631', '0.010395661', '0.010359249', '0.009320093', '0.012116815', '0.009949923', '0.010395661', '0.009399130', '0.009667401', '0.009707347', '0.009667401', '0.009897112', '0.010403069', '0.009638559', '0.009444394', '0.009582602', '0.010365555', '0.008930673', '0.010214611', '0.010323631', '0.009399130', '0.009806384', '0.009630185', '0.009944853', '0.011089087', '0.010116649', '0.010180169', '0.008742888', '0.009866925', '0.009582602', '0.012116815', '0.009667401', '0.009370558', '0.009689522', '0.009920230']" 
1 TND_DIS_inv View2 0.114 0.175 0.448 0.081 0.197 0.001 nan 1120.0 11201.0 "['0.009794591', '0.009854815', '0.009598948', '0.010393653', '0.010130497', '0.009935067', '0.010956041', '0.010384690', '0.010460059', '0.009789038', '0.009820425', '0.009908973', '0.008397643', '0.010194788', '0.010077681', '0.010492201', '0.009784531', '0.010373412', '0.009774659', '0.010473814', '0.009784531', '0.010128538', '0.010177097', '0.010028170', '0.009854815', '0.010051829', '0.008580510', '0.009722146', '0.009547913', '0.010046606', '0.009956853', '0.009299659', '0.009755327', '0.009350292', '0.010271228', '0.009673443', '0.009631927', '0.010127706', '0.009827060', '0.009691902', '0.010308737', '0.009633638', '0.009821143', '0.009716713', '0.009945770', '0.010136699', '0.010347479', '0.010123217', '0.010100040', '0.010132090', '0.010454292', '0.009671077', '0.009789106', '0.009857433', '0.010033203', '0.009312483', '0.010347479', '0.010340316', '0.009951507', '0.009972137', '0.010021034', '0.010069783', '0.009702234', '0.011008119', '0.010020179', '0.010459101', '0.010307606', '0.010211333', '0.010308737', '0.009729162', '0.010047044', '0.010238283', '0.010820232', '0.011008119', '0.010456480', '0.009968594', '0.009854815', '0.008713706', '0.010023396', '0.010149402', '0.009228935', '0.009774569', '0.009966103', '0.010051829', '0.010250524', '0.009909899', '0.009957974', '0.010164372', '0.009951507', '0.010062426', '0.009908284', '0.011008119', '0.009936491', '0.010117511', '0.010445342', '0.009450275', '0.009954558', '0.010000424', '0.010594048', '0.010051851']" 
1 TND_DIS_inv View3 0.151 0.211 0.519 0.103 0.216 0.002 nan 1120.0 11201.0 "['0.009246320', '0.010406860', '0.008418175', '0.009923736', '0.008247889', '0.009799023', '0.010115986', '0.010241436', '0.009923736', '0.009583949', '0.009495767', '0.010106297', '0.010197110', '0.010820662', '0.009662202', '0.010828693', '0.008278580', '0.009965065', '0.010595874', '0.010854696', '0.010787123', '0.009259126', '0.010673510', '0.008947561', '0.010161589', '0.010205898', '0.009659786', '0.008676293', '0.010506733', '0.010348462', '0.008494143', '0.010617317', '0.010070871', '0.009517638', '0.010760344', '0.009970292', '0.010465793', '0.010516645', '0.009004408', '0.009435927', '0.010140282', '0.009583949', '0.010566422', '0.010828693', '0.010583107', '0.009932443', '0.010377531', '0.010254104', '0.009927885', '0.010083040', '0.009868724', '0.010438091', '0.010161589', '0.010450818', '0.010189482', '0.010601085', '0.008555833', '0.008992060', '0.010762183', '0.008959017', '0.010854696', '0.010071266', '0.010083040', '0.010053725', '0.010381154', '0.009674153', '0.010601085', '0.007930746', '0.010147470', '0.009989327', '0.010478189', '0.010797230', '0.010073310', '0.009662202', '0.010632829', '0.009659786', '0.010760344', '0.009537589', '0.008710543', '0.010023493', '0.009408198', '0.010117409', '0.010619754', '0.010459653', '0.010762183', '0.010336385', '0.009886295', '0.009970292', '0.010198194', '0.010381154', '0.010569491', '0.009486488', '0.010208694', '0.009923736', '0.010254750', '0.010588547', '0.009970274', '0.010081801', '0.010617317', '0.009989327']" 
1 TND_DIS_inv View4 0.097 0.190 0.470 0.075 0.233 0.001 nan 1120.0 11201.0 "['0.010167075', '0.009961097', '0.009836087', '0.009606532', '0.010444252', '0.009992596', '0.009995601', '0.009588299', '0.010076459', '0.009946083', '0.009634039', '0.010153688', '0.010302220', '0.009795018', '0.010080861', '0.009559798', '0.009633124', '0.010320167', '0.010572927', '0.010361856', '0.010367606', '0.010413733', '0.009864582', '0.010081241', '0.009953930', '0.009586781', '0.009552562', '0.010156960', '0.010572927', '0.010572927', '0.010951908', '0.010000674', '0.009024152', '0.009824987', '0.009767245', '0.009825971', '0.009690858', '0.009929770', '0.010572927', '0.009982349', '0.010049792', '0.009932897', '0.009841604', '0.010985347', '0.009730855', '0.009233115', '0.009867299', '0.009621441', '0.009938243', '0.009657194', '0.010367606', '0.009484507', '0.009595087', '0.009920006', '0.009930091', '0.010037039', '0.009485058', '0.009730994', '0.009908292', '0.010162373', '0.009991221', '0.010258594', '0.009233115', '0.009389238', '0.009947795', '0.010905812', '0.010377127', '0.009817851', '0.009884556', '0.010302220', '0.010361856', '0.009717397', '0.009901801', '0.009977290', '0.010904687', '0.009836087', '0.009233115', '0.009961097', '0.010180957', '0.009953382', '0.009485136', '0.009937281', '0.010088183', '0.010019642', '0.010737371', '0.010073397', '0.010572927', '0.009574916', '0.010320167', '0.010377127', '0.010944291', '0.010978982', '0.009830133', '0.009730855', '0.010102785', '0.009644262', '0.010972331', '0.009278966', '0.009182993', '0.009812311']" 
1 TND_DIS_inv Concatenated 0.086 0.182 0.455 0.071 0.227 0.001 nan 1120.0 11201.0 "['0.008855714', '0.010393795', '0.009749232', '0.009921937', '0.008880769', '0.010080256', '0.010521855', '0.009703293', '0.009585272', '0.010182527', '0.010406194', '0.010103484', '0.010438344', '0.010369278', '0.009900629', '0.010125265', '0.009679461', '0.010978132', '0.009620476', '0.010006008', '0.009153447', '0.010270718', '0.009585272', '0.009735687', '0.011112884', '0.010304794', '0.009723578', '0.009821908', '0.010993657', '0.010600356', '0.010413199', '0.009528480', '0.010222318', '0.009841495', '0.011112884', '0.010513075', '0.010070029', '0.009209078', '0.009209078', '0.010001993', '0.010126570', '0.009586464', '0.010507161', '0.010145737', '0.009847651', '0.010531613', '0.009975193', '0.010048968', '0.010213905', '0.009312443', '0.010994716', '0.010145019', '0.009794665', '0.010425405', '0.009594085', '0.008891522', '0.010145019', '0.009865349', '0.009861745', '0.010033740', '0.009534658', '0.009648942', '0.009560960', '0.010994716', '0.010573632', '0.011112884', '0.009617689', '0.009931230', '0.010406380', '0.010230029', '0.010090661', '0.010033443', '0.009999719', '0.010414812', '0.009972093', '0.009644728', '0.009881912', '0.010213905', '0.009408543', '0.010533432', '0.009915049', '0.009724934', '0.009711017', '0.009938796', '0.009841351', '0.010057490', '0.009511920', '0.010055305', '0.010066424', '0.009971730', '0.009539265', '0.010030228', '0.010297638', '0.009177661', '0.010355427', '0.010352783', '0.009623772', '0.009512677', '0.009503357', '0.010035924']" 
1 TND_DIS_inv Multiview 0.093 0.197 0.519 0.081 0.257 0.757 0.045 1120.0 11201.0 "[['0.000408688', '0.002346952', '0.000314180', '0.000437785', '0.001907288', '0.000431324', '0.000424077', '0.000334070', '0.018388972', '0.007164323', '0.036590580', '0.000311423', '0.000391650', '0.000756020', '0.043248333', '0.001999156', '0.001476205', '0.000304207', '0.047292493', '0.000345222', '0.000340810', '0.007871004', '0.000632690', '0.048301764', '0.000370983', '0.000318694', '0.001457554', '0.045051340', '0.001121754', '0.000834347', '0.053381179', '0.001060253', '0.000473092', '0.040427186', '0.000335582', '0.000339441', '0.000353641', '0.000866649', '0.001071403', '0.000295232', '0.000481447', '0.000383692', '0.046255648', '0.000375796', '0.000319582', '0.004482421', '0.000415199', '0.000520920', '0.000526553', '0.045915358', '0.000626031', '0.000334172', '0.045511074', '0.000542082', '0.045322083', '0.046107318', '0.046192054', '0.000437870', '0.044352856', '0.033503622', '0.001610146', '0.000364783', '0.000445941', '0.000866693', '0.002638462', '0.046591137', '0.000675039', '0.004277008', '0.000356969', '0.034673110', '0.000891993', '0.000372593', '0.000500322', '0.000623740', '0.000456293', '0.000832879', '0.000952018', '0.000746679', '0.013664413', '0.000872545', '0.000407934', '0.000346311', '0.000494111', '0.046063621', '0.000855735', '0.000583141', '0.000935385', '0.000887352', '0.000410659', '0.039573744', '0.000562998', '0.001060324', '0.000777089', '0.000798983', '0.001146778', '0.055559900', '0.000407386', '0.001115580', '0.001951647', '0.001265215'], ['0.005252144', '0.014234198', '0.001070356', '0.025176076', '0.001011992', '0.017631248', '0.020499157', '0.027434913', '0.002777106', '0.008442119', '0.001248591', '0.002394889', '0.001340843', '0.024409076', '0.001568426', '0.008291126', '0.019028649', '0.031739295', '0.001565638', '0.017244494', '0.001166863', '0.002233572', '0.022285812', '0.002104987', '0.001096552', '0.000813176', '0.028055247', '0.001196322', '0.001364733', '0.005516614', '0.001170247', '0.026215022', '0.015002470', '0.001364425', '0.001031352', '0.034539986', '0.011637747', '0.009077203', '0.012433230', '0.034571066', '0.005486296', '0.003001634', '0.000736669', '0.009964558', '0.023368139', '0.008838539', '0.001322465', '0.027375365', '0.013170370', '0.000753991', '0.022581190', '0.011240537', '0.001576748', '0.002691889', '0.000847231', '0.001189863', '0.001004608', '0.002084701', '0.000781260', '0.002471664', '0.002676120', '0.007021491', '0.027779268', '0.008819439', '0.024312770', '0.000871351', '0.008528663', '0.007191786', '0.002632581', '0.002083348', '0.003652928', '0.001478640', '0.014829827', '0.031856164', '0.005332684', '0.008085669', '0.017506760', '0.006347872', '0.001617141', '0.003605123', '0.031885929', '0.023301223', '0.009938783', '0.000832648', '0.034884132', '0.004260249', '0.008392004', '0.003917643', '0.003392430', '0.002271474', '0.007282603', '0.013678305', '0.005652331', '0.011048380', '0.003240383', '0.000442801', '0.008881312', '0.009476743', '0.019145012', '0.026121285'], ['0.011546980', '0.007819703', '0.032761816', '0.001592960', '0.026919112', '0.001435636', '0.012427354', '0.003526485', '0.009029042', '0.001555715', '0.002762581', '0.003525467', '0.028374333', '0.002822877', '0.001828864', '0.014491279', '0.002115364', '0.002207484', '0.001838761', '0.004070400', '0.005237093', '0.024166472', '0.007200676', '0.001780162', '0.029897222', '0.028473252', '0.003351922', '0.001057268', '0.024305969', '0.026256645', '0.000823216', '0.008900721', '0.004168716', '0.001426409', '0.023762839', '0.001432419', '0.024959581', '0.005600607', '0.004030401', '0.002127123', '0.001714885', '0.033218253', '0.002098992', '0.012677101', '0.005260517', '0.016895380', '0.015921738', '0.002362444', '0.009403573', '0.001042767', '0.002245678', '0.002538328', '0.001031458', '0.026869263', '0.000966593', '0.003920749', '0.003927463', '0.029368620', '0.002483248', '0.007745042', '0.033651907', '0.001315097', '0.007980783', '0.012546933', '0.004722183', '0.001943620', '0.026539288', '0.008579530', '0.010366265', '0.008481824', '0.019999290', '0.002096432', '0.001416557', '0.001677641', '0.002260295', '0.027284009', '0.001232079', '0.006685547', '0.018551998', '0.031746503', '0.005389243', '0.001174240', '0.015681764', '0.001046200', '0.000792913', '0.016071819', '0.018952981', '0.027847918', '0.002161966', '0.001917840', '0.006461548', '0.021097843', '0.002995574', '0.015164940', '0.001772636', '0.000498843', '0.029096292', '0.002277606', '0.012958981', '0.004258042'], ['0.020226048', '0.012307536', '0.005183016', '0.008577438', '0.009571924', '0.016558459', '0.003565233', '0.005918643', '0.008285981', '0.018925570', '0.003439005', '0.030914398', '0.008895824', '0.007482413', '0.001682621', '0.011098744', '0.013697780', '0.003677919', '0.002444288', '0.015838664', '0.033182539', '0.005289730', '0.007032906', '0.001515199', '0.007840539', '0.010158557', '0.005213444', '0.001501025', '0.011218518', '0.006311370', '0.000684663', '0.002736619', '0.016403861', '0.002348572', '0.014107539', '0.002262483', '0.001467008', '0.020661520', '0.019956430', '0.001658215', '0.029808080', '0.003132317', '0.000809704', '0.013642597', '0.006895561', '0.007398861', '0.020746104', '0.005764152', '0.013349696', '0.001745614', '0.010622385', '0.023531303', '0.000999365', '0.009335139', '0.002123022', '0.001219906', '0.001339049', '0.006062391', '0.000970379', '0.002584961', '0.002442911', '0.029374916', '0.001139742', '0.014852045', '0.004052234', '0.000784620', '0.002980196', '0.017081263', '0.023916673', '0.001590474', '0.014053032', '0.035962027', '0.019348700', '0.002802668', '0.031784680', '0.002644984', '0.016350571', '0.024006341', '0.003299701', '0.001433045', '0.001125550', '0.011728176', '0.010336093', '0.001548464', '0.001965656', '0.015359196', '0.007778514', '0.004170807', '0.031872399', '0.002520622', '0.024173753', '0.001559251', '0.025613662', '0.008619591', '0.029345386', '0.000916979', '0.000822122', '0.022399386', '0.001700312', '0.004620420']]" "['0.139172241', '0.307438374', '0.262834787', '0.290554613']"
1 TND View1 0.262 0.350 0.842 0.165 0.370 0.050 nan 1120.0 1120.0 "['0.008591917', '0.008754141', '0.012737049', '0.006807506', '0.008754141', '0.006359627', '0.006187465', '0.017272715', '0.008217406', '0.008899204', '0.008101586', '0.009586590', '0.015246035', '0.011550114', '0.008217406', '0.007990384', '0.008242781', '0.009826289', '0.014232281', '0.014181736', '0.005994670', '0.008217406', '0.008899204', '0.014293560', '0.007523043', '0.007190879', '0.008145445', '0.009851880', '0.007827859', '0.018739311', '0.016357657', '0.008217406', '0.006723704', '0.008242781', '0.007387685', '0.007388669', '0.007184273', '0.007184273', '0.008794826', '0.015986752', '0.007964530', '0.007415302', '0.018528005', '0.014706751', '0.007387685', '0.008217406', '0.007990384', '0.007585673', '0.006807506', '0.009657966', '0.007927358', '0.014181736', '0.008217406', '0.014644210', '0.007905686', '0.014232281', '0.013645005', '0.008919471', '0.011519913', '0.014165945', '0.007904123', '0.009586590', '0.008101586', '0.007990384', '0.008290072', '0.008217406', '0.013761076', '0.007904123', '0.007028852', '0.013515679', '0.008754141', '0.013761076', '0.007503956', '0.008101586', '0.009563729', '0.008101586', '0.008035808', '0.011853672', '0.007964530', '0.007569458', '0.007990384', '0.016793301', '0.006723704', '0.008670168', '0.008217406', '0.007503956', '0.015106482', '0.007936583', '0.019439301', '0.014769904', '0.011550114', '0.008035008', '0.006358188', '0.020828709', '0.007990384', '0.013515679', '0.008101586', '0.007184273', '0.009767246', '0.008480360']" 
1 TND View2 0.110 0.177 0.449 0.078 0.198 0.020 nan 1120.0 1120.0 "['0.007840769', '0.009360217', '0.009546635', '0.008746978', '0.009935586', '0.009905736', '0.009676922', '0.009501942', '0.008754498', '0.008932135', '0.011022095', '0.009708177', '0.009573350', '0.008760732', '0.010163315', '0.009714930', '0.015398497', '0.008724717', '0.010275668', '0.008190156', '0.015398497', '0.008336184', '0.009762808', '0.009584737', '0.009360217', '0.007681102', '0.008915327', '0.010441149', '0.021799682', '0.010211260', '0.008890931', '0.009346772', '0.007584217', '0.014629898', '0.010071349', '0.007653048', '0.009414800', '0.009599898', '0.009306942', '0.008825828', '0.010294434', '0.016569491', '0.020572493', '0.016769970', '0.010140945', '0.008174725', '0.010333402', '0.010291607', '0.009052117', '0.008228141', '0.008745436', '0.009909989', '0.009990172', '0.009364801', '0.007729472', '0.009550400', '0.010333402', '0.009135475', '0.010172741', '0.008620345', '0.007891985', '0.010252420', '0.010042143', '0.009401047', '0.009782087', '0.008863939', '0.009082789', '0.008477944', '0.010294434', '0.009676922', '0.010324120', '0.009320127', '0.010249611', '0.009401047', '0.010304612', '0.010248395', '0.009360217', '0.010101906', '0.009616782', '0.010308838', '0.014491083', '0.008720146', '0.010033173', '0.007681102', '0.010269289', '0.010008829', '0.010018030', '0.008517407', '0.010172741', '0.007802200', '0.009726504', '0.009401047', '0.009320127', '0.010068298', '0.010278661', '0.008813972', '0.008434570', '0.010259544', '0.008330860', '0.010123770']" 
1 TND View3 0.145 0.213 0.554 0.101 0.224 0.013 nan 1120.0 1120.0 "['0.009571959', '0.010182532', '0.009459159', '0.009629291', '0.009616498', '0.008160427', '0.008327126', '0.009652158', '0.009629291', '0.010142304', '0.012453082', '0.010117556', '0.010155835', '0.010057535', '0.012723224', '0.009473987', '0.005803384', '0.009728363', '0.009701692', '0.009949095', '0.009970096', '0.011500917', '0.009625202', '0.009569224', '0.008556746', '0.009414650', '0.009884902', '0.006465090', '0.010281779', '0.009944310', '0.009636829', '0.010012126', '0.008092610', '0.009610202', '0.009549323', '0.009892168', '0.010019644', '0.010125121', '0.014360261', '0.009678692', '0.009801516', '0.010142304', '0.010154094', '0.009473987', '0.010223809', '0.009978950', '0.009723003', '0.009767626', '0.010015534', '0.010270153', '0.008375090', '0.009382729', '0.008556746', '0.010444590', '0.009311703', '0.010182532', '0.010300567', '0.008445987', '0.009614637', '0.009846020', '0.009949095', '0.015736807', '0.010270153', '0.010308344', '0.008599419', '0.007836177', '0.010182532', '0.009907357', '0.009058123', '0.015968669', '0.010701409', '0.009629471', '0.009773224', '0.012723224', '0.009729171', '0.009884902', '0.009549323', '0.008909998', '0.009386950', '0.016263666', '0.009494359', '0.010183394', '0.009586365', '0.009462184', '0.009614637', '0.009555547', '0.006939746', '0.009892168', '0.009570859', '0.008599419', '0.008623463', '0.009795431', '0.009659481', '0.009629291', '0.010013829', '0.009567621', '0.009791406', '0.014935979', '0.010012126', '0.015968669']" 
1 TND View4 0.095 0.191 0.428 0.074 0.234 0.003 nan 1120.0 1120.0 "['0.008850063', '0.010840451', '0.009582593', '0.011550101', '0.009859418', '0.010930595', '0.008985122', '0.009391735', '0.009241754', '0.010855968', '0.010110616', '0.008904411', '0.008957908', '0.011212961', '0.009079045', '0.011888381', '0.009579713', '0.010416106', '0.009107147', '0.009516414', '0.009942829', '0.008952431', '0.009020027', '0.010893800', '0.009936585', '0.009346049', '0.010812960', '0.010581566', '0.009107147', '0.009107147', '0.010031120', '0.010431237', '0.009698656', '0.010353480', '0.010416106', '0.008414506', '0.010452798', '0.010129034', '0.009107147', '0.010937022', '0.010845088', '0.010777289', '0.009533647', '0.009972887', '0.009961424', '0.010014983', '0.011174684', '0.009472058', '0.011077915', '0.009598196', '0.009942829', '0.009586455', '0.009398024', '0.009932807', '0.010018338', '0.008968986', '0.010238017', '0.010492469', '0.009923898', '0.010596424', '0.011058444', '0.008895192', '0.010014983', '0.010778751', '0.010693937', '0.009669993', '0.008960407', '0.010287958', '0.010262130', '0.008957908', '0.009516414', '0.009400522', '0.010909757', '0.009986217', '0.009725898', '0.009582593', '0.010014983', '0.010840451', '0.011271105', '0.010930595', '0.009622380', '0.011181048', '0.010882691', '0.010887446', '0.009646384', '0.009720153', '0.009107147', '0.010479631', '0.010416106', '0.008960407', '0.009762432', '0.009923898', '0.011417132', '0.009961424', '0.008938008', '0.010417365', '0.009819997', '0.009668908', '0.009799511', '0.009571143']" 
1 TND Concatenated 0.079 0.183 0.406 0.069 0.227 0.008 nan 1120.0 1120.0 "['0.009240670', '0.009689340', '0.009517284', '0.008548380', '0.009247646', '0.011439687', '0.009693552', '0.010401972', '0.011411850', '0.008505034', '0.009989631', '0.011032566', '0.013654901', '0.010110795', '0.008998243', '0.008722463', '0.008554074', '0.009693552', '0.010469031', '0.014984093', '0.010660615', '0.009402675', '0.011411850', '0.008173706', '0.009901798', '0.009834923', '0.009144953', '0.009233831', '0.013421377', '0.009928213', '0.011495833', '0.008999339', '0.008601168', '0.008380981', '0.009901798', '0.009819966', '0.008516471', '0.009553858', '0.009553858', '0.008606941', '0.009782446', '0.009050387', '0.009644601', '0.009005911', '0.011122832', '0.009702909', '0.012836298', '0.010602937', '0.008658664', '0.010276870', '0.012972822', '0.008956273', '0.010612320', '0.014648607', '0.010781848', '0.009418260', '0.008956273', '0.010747709', '0.011188742', '0.008732614', '0.008646192', '0.010659317', '0.010527209', '0.012972822', '0.008928267', '0.009901798', '0.010866610', '0.008442888', '0.009984452', '0.008627927', '0.009360270', '0.009307993', '0.009078992', '0.009883569', '0.011137092', '0.010730531', '0.008505638', '0.008658664', '0.011454250', '0.009716290', '0.010786418', '0.009620830', '0.009182259', '0.010484489', '0.008927138', '0.008517678', '0.010330499', '0.008523120', '0.008939513', '0.010071982', '0.010171513', '0.011142390', '0.010963746', '0.011306501', '0.009121366', '0.009245638', '0.008517678', '0.010363407', '0.010304285', '0.009940547']" 
1 TND Multiview 0.067 0.219 0.462 0.079 0.280 0.431 0.033 1120.0 1120.0 "[['0.001078336', '0.001406682', '0.015509560', '0.001153297', '0.001138552', '0.001289315', '0.001088241', '0.041096199', '0.001740210', '0.000872247', '0.001232071', '0.002457371', '0.036829799', '0.005521128', '0.000978867', '0.001310432', '0.001942423', '0.001491864', '0.024278237', '0.033422086', '0.000934258', '0.001913064', '0.001538879', '0.029190544', '0.001008515', '0.001211590', '0.001146637', '0.001613913', '0.001199365', '0.049750187', '0.050003488', '0.001028984', '0.000987963', '0.001729502', '0.001124862', '0.001054034', '0.000996247', '0.000907146', '0.001343727', '0.024476703', '0.001581468', '0.001139690', '0.056562439', '0.017388970', '0.001283777', '0.001161267', '0.001168753', '0.001403891', '0.001114761', '0.000933989', '0.001718434', '0.037622597', '0.000981146', '0.036186837', '0.001519380', '0.035897925', '0.020645518', '0.001316558', '0.009738286', '0.036867857', '0.003108190', '0.002329838', '0.002207457', '0.002339297', '0.001210457', '0.002172436', '0.018420389', '0.001639781', '0.001740545', '0.017749945', '0.001734041', '0.018069152', '0.001138096', '0.001031359', '0.001788598', '0.002294190', '0.001240550', '0.006805870', '0.002277581', '0.001714941', '0.001621030', '0.047030699', '0.000792542', '0.000814570', '0.003619645', '0.000843526', '0.022641690', '0.001528321', '0.055774041', '0.046004172', '0.007934874', '0.002032107', '0.001479035', '0.062265947', '0.001491884', '0.026841797', '0.003643165', '0.001812879', '0.003124991', '0.002460327'], ['0.013523435', '0.011475245', '0.014252680', '0.009642281', '0.018067552', '0.006674394', '0.012091445', '0.005987099', '0.008048898', '0.030607743', '0.023392366', '0.009199404', '0.006196902', '0.010637352', '0.011295441', '0.013419375', '0.011117617', '0.012029056', '0.009712083', '0.005793695', '0.012591046', '0.010482995', '0.010348162', '0.006082631', '0.017902853', '0.007605276', '0.010177328', '0.017421188', '0.009041940', '0.002625060', '0.002238500', '0.010207552', '0.004158875', '0.016521046', '0.012603844', '0.013059292', '0.007652727', '0.015867684', '0.011203642', '0.003245179', '0.008362638', '0.012150187', '0.001245013', '0.007325156', '0.011429103', '0.008750147', '0.009522482', '0.012470969', '0.008466431', '0.002024644', '0.007163956', '0.003186774', '0.011298866', '0.001650436', '0.022144033', '0.004009903', '0.016704716', '0.008973061', '0.005877772', '0.003473739', '0.008452184', '0.013348507', '0.011197658', '0.015943127', '0.010042486', '0.008323932', '0.003917711', '0.007220340', '0.009945724', '0.002773432', '0.013629394', '0.002319784', '0.010142043', '0.012504418', '0.006633513', '0.016197087', '0.006892753', '0.004444926', '0.010634990', '0.007004018', '0.010647386', '0.001949203', '0.015048688', '0.029637307', '0.020025622', '0.013276983', '0.001912488', '0.016927937', '0.000748561', '0.001666513', '0.006899294', '0.008898637', '0.007457396', '0.000898051', '0.026563510', '0.002109163', '0.008172514', '0.017416554', '0.007428859', '0.010316459'], ['0.009002379', '0.006422515', '0.008346035', '0.006021320', '0.010448206', '0.009822892', '0.008913562', '0.004425408', '0.005159471', '0.004273259', '0.006687195', '0.009854137', '0.006331443', '0.016305812', '0.018500734', '0.004967013', '0.003130832', '0.004441973', '0.010574719', '0.004654591', '0.006199146', '0.005264214', '0.010829420', '0.010073669', '0.011017750', '0.022036621', '0.015198043', '0.007404610', '0.005468845', '0.004434824', '0.001432531', '0.002245133', '0.015071884', '0.003246711', '0.008862132', '0.002992424', '0.003751700', '0.005876656', '0.003293346', '0.020412508', '0.006284749', '0.022377864', '0.002104930', '0.017612956', '0.007021585', '0.006504714', '0.017660821', '0.006753010', '0.007554985', '0.031897526', '0.009128059', '0.004268370', '0.027991796', '0.010777351', '0.002078173', '0.005859407', '0.003000862', '0.015295413', '0.004773717', '0.006233368', '0.026652353', '0.018999226', '0.011737371', '0.012799677', '0.012038012', '0.009125964', '0.023411354', '0.007494137', '0.003636144', '0.021644354', '0.002968163', '0.003345252', '0.010225099', '0.020562403', '0.020700589', '0.006971244', '0.012237893', '0.031527206', '0.006320008', '0.014300153', '0.009567006', '0.001036021', '0.026839074', '0.006730572', '0.003994425', '0.026795875', '0.002006799', '0.008181369', '0.004533192', '0.001169814', '0.019884510', '0.009616799', '0.007218119', '0.002121953', '0.003165228', '0.013348652', '0.017764149', '0.011925193', '0.006080492', '0.002748815'], ['0.012054117', '0.014824476', '0.004576408', '0.016895236', '0.005476877', '0.015435991', '0.012366463', '0.003070750', '0.019948686', '0.002037330', '0.003654012', '0.012372112', '0.001724270', '0.005119403', '0.007426846', '0.014795913', '0.017983124', '0.018612389', '0.002806535', '0.004332923', '0.018708395', '0.016440190', '0.011516490', '0.002557848', '0.006607460', '0.004949862', '0.011094864', '0.010917973', '0.021821456', '0.001901587', '0.001508200', '0.028237045', '0.018938214', '0.013002664', '0.015040220', '0.018916298', '0.026003372', '0.016481765', '0.021867586', '0.001402501', '0.020256750', '0.001855619', '0.000745425', '0.003361685', '0.014444918', '0.018513717', '0.008594712', '0.012300054', '0.017518619', '0.006851375', '0.019948469', '0.002805752', '0.001146164', '0.001296371', '0.009352819', '0.001940936', '0.002287250', '0.011172179', '0.016755329', '0.001797006', '0.000996027', '0.005315202', '0.007537656', '0.002874636', '0.012860459', '0.013353677', '0.001507022', '0.020216428', '0.024639545', '0.002572251', '0.023343960', '0.020042401', '0.014985271', '0.006020568', '0.013287895', '0.009862237', '0.015406002', '0.000997873', '0.018087441', '0.010248655', '0.014673227', '0.004103283', '0.001386588', '0.001250657', '0.003748649', '0.001040394', '0.018131850', '0.008915422', '0.000798500', '0.002238701', '0.005541479', '0.015802085', '0.016427800', '0.000736984', '0.002770316', '0.001155589', '0.004919450', '0.002083607', '0.015975792', '0.017771471']]" "['0.157514244', '0.302327096', '0.237834752', '0.302323908']"
1 TND_inv View1 0.259 0.350 0.834 0.163 0.373 0.057 nan 1120.0 1120.0 "['0.007677076', '0.007802264', '0.013613205', '0.007063796', '0.007802264', '0.007026882', '0.007020850', '0.017562190', '0.008375266', '0.008162732', '0.007410751', '0.008888590', '0.016014114', '0.012058315', '0.008375266', '0.007363711', '0.008374818', '0.008817041', '0.015114818', '0.015067730', '0.007017981', '0.008375266', '0.008162732', '0.015171607', '0.007204887', '0.007125395', '0.008377386', '0.008782594', '0.007301712', '0.018506482', '0.016902752', '0.008375266', '0.007054236', '0.008374818', '0.007169378', '0.007169620', '0.007124070', '0.007124070', '0.007840701', '0.016617384', '0.007353327', '0.007176265', '0.018377708', '0.015546355', '0.007169378', '0.008375266', '0.007363711', '0.007222831', '0.007063796', '0.008848527', '0.008403943', '0.015067730', '0.008375266', '0.015490549', '0.008409593', '0.015114818', '0.014553783', '0.008042659', '0.012005442', '0.015052974', '0.008410038', '0.008888590', '0.007410751', '0.007363711', '0.007500191', '0.008375266', '0.014667160', '0.008410038', '0.007095637', '0.014425895', '0.007802264', '0.014667160', '0.007199612', '0.007410751', '0.008894203', '0.007410751', '0.008385638', '0.012529293', '0.007353327', '0.007218092', '0.007363711', '0.017224310', '0.007054236', '0.008324756', '0.008375266', '0.007199612', '0.015895389', '0.007342332', '0.018918345', '0.015602382', '0.012058315', '0.008615918', '0.007026816', '0.019679626', '0.007363711', '0.014425895', '0.007410751', '0.007124070', '0.008828096', '0.008364128']" 
1 TND_inv View2 0.110 0.177 0.451 0.079 0.196 0.008 nan 1120.0 1120.0 "['0.008570006', '0.010303839', '0.008970377', '0.010567031', '0.009063741', '0.009055515', '0.010226443', '0.011300878', '0.010754786', '0.008842725', '0.011765791', '0.009005964', '0.011333307', '0.008804156', '0.009862199', '0.009443097', '0.012872312', '0.010599353', '0.010019057', '0.009805866', '0.012872312', '0.009739572', '0.009018898', '0.008978473', '0.010303839', '0.008530107', '0.010449514', '0.011621254', '0.015712209', '0.010065840', '0.009586404', '0.010307295', '0.008507130', '0.012627898', '0.009104442', '0.008523354', '0.010290050', '0.008981739', '0.010317687', '0.010840192', '0.009200261', '0.013291347', '0.015067720', '0.013368218', '0.009851748', '0.008658482', '0.009263116', '0.009977979', '0.008868755', '0.008672677', '0.010740993', '0.009407216', '0.009079396', '0.008933137', '0.008541943', '0.011323110', '0.009263116', '0.011094150', '0.009866896', '0.009653850', '0.008583265', '0.009917258', '0.009095150', '0.010293493', '0.011417498', '0.010878124', '0.010383479', '0.008736820', '0.009200261', '0.010226443', '0.009276930', '0.010314219', '0.010042516', '0.010293493', '0.009292445', '0.009173483', '0.010303839', '0.010111265', '0.009459653', '0.009211122', '0.012586543', '0.010690084', '0.009092364', '0.008530107', '0.009184629', '0.009084947', '0.009087727', '0.008746539', '0.009866896', '0.008560156', '0.009010245', '0.010293493', '0.010314219', '0.009372842', '0.009306604', '0.010507500', '0.009706818', '0.009315108', '0.009741549', '0.009122138']" 
1 TND_inv View3 0.147 0.213 0.555 0.101 0.224 0.006 nan 1120.0 1120.0 "['0.009837567', '0.009207258', '0.010158597', '0.010880441', '0.010871910', '0.008719503', '0.008756040', '0.009060166', '0.010880441', '0.011124594', '0.011961466', '0.009182802', '0.009196585', '0.011088148', '0.012029874', '0.010696441', '0.008093465', '0.010936909', '0.009704902', '0.011040465', '0.011049800', '0.011669555', '0.010390319', '0.010223169', '0.008808845', '0.009005227', '0.009571637', '0.008426625', '0.009373543', '0.009131962', '0.010314849', '0.009501040', '0.008705243', '0.009779963', '0.010500854', '0.009566574', '0.009152530', '0.009185411', '0.012399719', '0.009066435', '0.009635192', '0.011124594', '0.009195924', '0.010696441', '0.009226344', '0.009516006', '0.010934148', '0.009087701', '0.009499605', '0.011178377', '0.008766885', '0.010124108', '0.008808845', '0.011250135', '0.008981905', '0.009207258', '0.009351145', '0.008783126', '0.010410928', '0.009600546', '0.011040465', '0.012713096', '0.011178377', '0.009336715', '0.008818821', '0.008654832', '0.009207258', '0.009556400', '0.008924805', '0.012773274', '0.011354662', '0.010380046', '0.009089057', '0.012029874', '0.009686326', '0.009571637', '0.010500854', '0.009953907', '0.010125904', '0.012854599', '0.010579195', '0.009438337', '0.009810024', '0.009016077', '0.010410928', '0.009037587', '0.008517147', '0.009566574', '0.009041144', '0.008818821', '0.009875501', '0.009094452', '0.009735587', '0.010880441', '0.009500322', '0.009855019', '0.009642827', '0.012524815', '0.009501040', '0.012773274']" 
1 TND_inv View4 0.095 0.191 0.428 0.074 0.234 0.003 nan 1120.0 1120.0 "['0.008722638', '0.010833547', '0.009569257', '0.011794196', '0.009819793', '0.010912416', '0.009002762', '0.009370388', '0.009278668', '0.010847617', '0.010151389', '0.008813582', '0.008938808', '0.011173946', '0.009164393', '0.012065436', '0.009566053', '0.010410628', '0.009194001', '0.009492186', '0.009891842', '0.008925423', '0.009074655', '0.010881027', '0.009885637', '0.009338103', '0.010808042', '0.010579406', '0.009194001', '0.009194001', '0.010084744', '0.010426601', '0.009688778', '0.010343805', '0.010410628', '0.008496320', '0.010449079', '0.010163230', '0.009194001', '0.010917794', '0.010837777', '0.010773811', '0.009512677', '0.009923740', '0.009987790', '0.010066427', '0.011126955', '0.009442154', '0.011032775', '0.009586337', '0.009891842', '0.009573528', '0.009375217', '0.009881960', '0.010070408', '0.008965483', '0.010234030', '0.010489639', '0.009873519', '0.010594491', '0.011016458', '0.008795180', '0.010066427', '0.010775238', '0.010691431', '0.009660692', '0.008944884', '0.010277453', '0.010253927', '0.008938808', '0.009492186', '0.009377167', '0.010894765', '0.010028049', '0.009714256', '0.009569257', '0.010066427', '0.010833547', '0.011260474', '0.010912416', '0.009612041', '0.011134292', '0.010871341', '0.010875499', '0.009636848', '0.009709003', '0.009194001', '0.010476610', '0.010410628', '0.008944884', '0.009745933', '0.009873519', '0.011565508', '0.009987790', '0.008890107', '0.010411963', '0.009790435', '0.009659608', '0.009775135', '0.009556418']" 
1 TND_inv Concatenated 0.079 0.183 0.407 0.069 0.227 0.008 nan 1120.0 1120.0 "['0.009243406', '0.009693858', '0.009513385', '0.008533098', '0.009250991', '0.011507386', '0.009698470', '0.010412172', '0.011468659', '0.008477711', '0.009997598', '0.011013277', '0.013549310', '0.010114578', '0.009004939', '0.008753088', '0.008540712', '0.009698470', '0.010475555', '0.014890491', '0.010672753', '0.009398472', '0.011468659', '0.008217627', '0.009916599', '0.009837931', '0.009133489', '0.009235868', '0.013325630', '0.009940732', '0.011585371', '0.009005867', '0.008604763', '0.008362380', '0.009916599', '0.009823385', '0.008491758', '0.009551007', '0.009551007', '0.008612598', '0.009787270', '0.009048265', '0.009644800', '0.009011409', '0.011100448', '0.009708600', '0.012792505', '0.010607652', '0.008680141', '0.010286785', '0.012912579', '0.008968714', '0.010617975', '0.014542419', '0.010793457', '0.009412081', '0.008968714', '0.010762553', '0.011172468', '0.008763630', '0.008664444', '0.010671283', '0.010530412', '0.012912579', '0.008943935', '0.009916599', '0.010867639', '0.008411888', '0.009992718', '0.008640708', '0.009363154', '0.009314149', '0.009072043', '0.009899788', '0.011115332', '0.010746341', '0.008478436', '0.008680141', '0.011527596', '0.009722698', '0.010797509', '0.009619622', '0.009175655', '0.010489984', '0.008942930', '0.008493269', '0.010341493', '0.008500141', '0.008953925', '0.010076623', '0.010176473', '0.011120957', '0.010952053', '0.011322063', '0.009109818', '0.009248819', '0.008493269', '0.010374419', '0.010314904', '0.009952009']" 
1 TND_inv Multiview 0.066 0.218 0.462 0.079 0.279 0.488 0.036 1120.0 1120.0 "[['0.000912171', '0.001161473', '0.014687177', '0.000959419', '0.000936806', '0.001067933', '0.000914695', '0.043154631', '0.001398215', '0.000719624', '0.000990132', '0.001988085', '0.037740506', '0.004935517', '0.000832695', '0.001090960', '0.001545804', '0.001239631', '0.024560068', '0.034031488', '0.000811321', '0.001512202', '0.001259876', '0.029852027', '0.000852872', '0.001007411', '0.000958813', '0.001348661', '0.001000754', '0.052283730', '0.052377205', '0.000857049', '0.000855398', '0.001404519', '0.000966274', '0.000890897', '0.000847362', '0.000796201', '0.001114555', '0.024068240', '0.001308556', '0.000967879', '0.059255749', '0.016922627', '0.001069490', '0.000955090', '0.000998666', '0.001154061', '0.000930462', '0.000803219', '0.001304541', '0.039160043', '0.000854147', '0.036866568', '0.001233466', '0.037176009', '0.020057954', '0.001086019', '0.009119065', '0.037865005', '0.002510945', '0.001968264', '0.001860098', '0.001935103', '0.001023064', '0.001762107', '0.017935261', '0.001323146', '0.001423079', '0.016936157', '0.001376383', '0.017196262', '0.000962635', '0.000890447', '0.001530296', '0.001854576', '0.001014329', '0.005887168', '0.001888370', '0.001427729', '0.001383677', '0.050247524', '0.000704035', '0.000694183', '0.003226674', '0.000740306', '0.021668514', '0.001296620', '0.057428632', '0.048264280', '0.007046050', '0.001707138', '0.001224078', '0.064270876', '0.001259306', '0.027807081', '0.003251488', '0.001489865', '0.002582133', '0.001981119'], ['0.013665513', '0.011765083', '0.014876835', '0.009518103', '0.019081408', '0.006452583', '0.012221698', '0.005749234', '0.007971260', '0.031759359', '0.025103988', '0.009131754', '0.006120159', '0.010504606', '0.010944042', '0.013585308', '0.011142135', '0.012028642', '0.009695213', '0.005776060', '0.012692686', '0.010687451', '0.010401596', '0.005801136', '0.019389212', '0.006961744', '0.009997544', '0.018078959', '0.009024404', '0.002335214', '0.001876849', '0.010009107', '0.003595296', '0.017086314', '0.012914582', '0.013025180', '0.007441327', '0.016284220', '0.011299318', '0.002873674', '0.008357078', '0.011732825', '0.000957251', '0.006933353', '0.011352545', '0.008653982', '0.009232787', '0.012294528', '0.008375020', '0.001699588', '0.007164272', '0.002914539', '0.010752776', '0.001333010', '0.023175580', '0.003734510', '0.017567838', '0.008655421', '0.005415770', '0.003217814', '0.007953341', '0.013475630', '0.011239742', '0.016170787', '0.009761383', '0.008010096', '0.003477127', '0.007051376', '0.010280947', '0.002467264', '0.014103275', '0.002091689', '0.010018853', '0.012384408', '0.006203135', '0.016520975', '0.006590796', '0.003925499', '0.010927689', '0.006924592', '0.010251834', '0.001568832', '0.014790389', '0.031080468', '0.020739485', '0.012747164', '0.001724102', '0.017646309', '0.000680988', '0.001346511', '0.006532250', '0.008689512', '0.007266943', '0.000755960', '0.027296431', '0.001713486', '0.007992428', '0.017686667', '0.007318787', '0.010203560'], ['0.008485447', '0.005821420', '0.008301551', '0.005547763', '0.010122712', '0.009660215', '0.008545997', '0.004265093', '0.004515871', '0.003537796', '0.005839978', '0.009811952', '0.006403340', '0.017635508', '0.019564200', '0.004397951', '0.002629244', '0.003729435', '0.010853690', '0.004612299', '0.005450136', '0.004559499', '0.010706637', '0.010476208', '0.010326969', '0.023538424', '0.015503288', '0.006796215', '0.004923760', '0.004316682', '0.001193771', '0.001895550', '0.015484025', '0.002756711', '0.008257264', '0.002515200', '0.003045327', '0.005215192', '0.002742088', '0.021286869', '0.005775640', '0.023333078', '0.001920795', '0.018912472', '0.006564107', '0.005956622', '0.018651018', '0.006209783', '0.007045543', '0.033143591', '0.008733370', '0.004173192', '0.028866289', '0.011177032', '0.001741630', '0.005916733', '0.002699910', '0.015963146', '0.004148212', '0.006455637', '0.027879760', '0.019678146', '0.011995357', '0.013298687', '0.012200460', '0.009007617', '0.024228867', '0.007283553', '0.003095720', '0.022887563', '0.002536957', '0.002998232', '0.010154190', '0.021629922', '0.021733101', '0.006427507', '0.012493776', '0.033043839', '0.005642908', '0.014503472', '0.009180008', '0.000906011', '0.027444832', '0.005426660', '0.003695765', '0.027677843', '0.001810605', '0.008064526', '0.004327212', '0.000986643', '0.021276914', '0.009426373', '0.006924029', '0.001941384', '0.002855460', '0.013506612', '0.018782292', '0.012266360', '0.005798887', '0.002322891'], ['0.012303095', '0.015094947', '0.004185429', '0.017591482', '0.004772429', '0.015904279', '0.012643437', '0.002737673', '0.020709008', '0.001620351', '0.002913916', '0.012638265', '0.001478315', '0.004421442', '0.006830289', '0.015130027', '0.018530702', '0.019288313', '0.002491815', '0.004164783', '0.019201899', '0.017010780', '0.011589376', '0.002228052', '0.005764627', '0.004374654', '0.010973890', '0.010850282', '0.022309165', '0.001633454', '0.001274718', '0.028686145', '0.019063843', '0.012947164', '0.015202690', '0.019333204', '0.026807265', '0.016599450', '0.022247165', '0.001233596', '0.020740001', '0.001529158', '0.000586883', '0.002972906', '0.014892932', '0.019068342', '0.008003319', '0.013163238', '0.018045669', '0.006198608', '0.020444231', '0.002452250', '0.000991071', '0.001099390', '0.008728697', '0.001668632', '0.001962306', '0.010947604', '0.018007312', '0.001522311', '0.000862357', '0.004740260', '0.007416566', '0.002403949', '0.012916735', '0.013890854', '0.001327420', '0.020632990', '0.024800466', '0.002202890', '0.023266295', '0.020815415', '0.015115642', '0.005181000', '0.012843831', '0.010162549', '0.015474843', '0.000885830', '0.018494235', '0.010227949', '0.015423827', '0.003321674', '0.001138480', '0.001048971', '0.003433840', '0.000876070', '0.018913213', '0.008330679', '0.000715978', '0.001871020', '0.005023571', '0.016286260', '0.016977206', '0.000649861', '0.002443417', '0.001000925', '0.004361946', '0.001717521', '0.016521925', '0.018475290']]" "['0.154215023', '0.304356575', '0.236753047', '0.304675341']"
1 DIS View1 0.298 0.322 1.000 0.204 0.239 0.398 nan 1120.0 11201.0 "['0.002651706', '0.028828399', '0.004275447', '0.002819485', '0.028828399', '0.002824778', '0.002938870', '0.003247168', '0.029464912', '0.006951109', '0.006185046', '0.003661585', '0.002377876', '0.003541123', '0.029464912', '0.004093825', '0.008516393', '0.003638792', '0.016166653', '0.003223310', '0.002819167', '0.029464912', '0.006951109', '0.016303189', '0.003133310', '0.003728931', '0.024404483', '0.014744348', '0.004145002', '0.008825790', '0.014892898', '0.029464912', '0.002888774', '0.008516393', '0.003795772', '0.003189644', '0.003728971', '0.003728971', '0.027526431', '0.003191554', '0.004328979', '0.002714630', '0.009230345', '0.003149911', '0.003795772', '0.029464912', '0.004093825', '0.002946333', '0.002819485', '0.014097257', '0.003093870', '0.003223310', '0.029464912', '0.003697198', '0.022785433', '0.016166653', '0.016601920', '0.002897217', '0.009085721', '0.016285669', '0.025827995', '0.003661585', '0.006185046', '0.004093825', '0.017604688', '0.029464912', '0.003674615', '0.025827995', '0.003615563', '0.016638532', '0.028828399', '0.003674615', '0.003815990', '0.006185046', '0.003589184', '0.006185046', '0.010252303', '0.006972676', '0.004328979', '0.003772426', '0.004093825', '0.003226424', '0.002888774', '0.034565199', '0.029464912', '0.003815990', '0.002497138', '0.004329035', '0.002466067', '0.010773634', '0.003541123', '0.017539091', '0.002617662', '0.002425885', '0.004093825', '0.016638532', '0.006185046', '0.003728971', '0.003662438', '0.018159309']" 
1 DIS View2 0.090 0.180 0.513 0.071 0.226 1.147 nan 1120.0 11201.0 "['0.000669545', '0.015673572', '0.000667618', '0.020477245', '0.000675691', '0.000672190', '0.011675485', '0.027741941', '0.033180010', '0.000668568', '0.027408279', '0.000670697', '0.027196689', '0.000670728', '0.007880811', '0.000683584', '0.027663486', '0.028714539', '0.000683087', '0.004689506', '0.027663486', '0.000690444', '0.000672405', '0.000670204', '0.015673572', '0.000670653', '0.000670095', '0.027247928', '0.028036823', '0.000689237', '0.000677079', '0.000676403', '0.000670143', '0.027702305', '0.000678412', '0.000668643', '0.021489957', '0.000673960', '0.025897006', '0.023902066', '0.000681810', '0.027967462', '0.028076081', '0.027966812', '0.010862095', '0.000670409', '0.000684508', '0.008876631', '0.000672044', '0.000670321', '0.029631171', '0.000669088', '0.000673920', '0.000668998', '0.000670224', '0.026891610', '0.000684508', '0.027774237', '0.012491322', '0.000677978', '0.000670282', '0.008307658', '0.000668063', '0.012837962', '0.027426254', '0.072740786', '0.015846951', '0.000670456', '0.000681810', '0.008933234', '0.000686848', '0.010849295', '0.007366239', '0.012837962', '0.000682452', '0.000674190', '0.015673572', '0.000662410', '0.009116469', '0.000673525', '0.027571697', '0.026043432', '0.000671108', '0.000670653', '0.000678492', '0.000673597', '0.000672011', '0.000670463', '0.012491322', '0.000670398', '0.000670763', '0.012837962', '0.013869921', '0.000676414', '0.000686753', '0.024539512', '0.005636373', '0.005218791', '0.004325004', '0.000673597']" 
1 DIS View3 0.136 0.198 0.634 0.097 0.203 1.069 nan 1120.0 11201.0 "['0.000612590', '0.004372116', '0.000602632', '0.016749475', '0.000593208', '0.000627352', '0.000637080', '0.000652724', '0.016749475', '0.016724909', '0.016645242', '0.000632385', '0.000652347', '0.047873385', '0.017000519', '0.035276700', '0.000628850', '0.016750114', '0.005556346', '0.060006190', '0.037903085', '0.016200613', '0.029240979', '0.000609685', '0.000641328', '0.000646651', '0.000629690', '0.000626582', '0.005050374', '0.002100818', '0.000600937', '0.004493716', '0.000635972', '0.000624804', '0.032234915', '0.008501003', '0.002100113', '0.003116056', '0.016634353', '0.000619344', '0.006007073', '0.016724909', '0.003394435', '0.035276700', '0.002920591', '0.006250870', '0.016958244', '0.000653133', '0.000651728', '0.016937710', '0.000628276', '0.016597359', '0.000641328', '0.017423265', '0.000642047', '0.002603591', '0.000609080', '0.000620613', '0.030292006', '0.000608764', '0.060006190', '0.017493444', '0.016937710', '0.000648796', '0.000653122', '0.000625205', '0.002603591', '0.000603184', '0.000638711', '0.017557824', '0.017587895', '0.024593158', '0.000631866', '0.017000519', '0.010475147', '0.000629690', '0.032234915', '0.000627466', '0.000602797', '0.017574506', '0.000621258', '0.000656595', '0.009558205', '0.001881122', '0.030292006', '0.000659391', '0.000630473', '0.008501003', '0.000648342', '0.000653122', '0.018198434', '0.000619304', '0.008465973', '0.016749475', '0.000656062', '0.011043399', '0.011891783', '0.017500436', '0.004493716', '0.017557824']" 
1 DIS View4 0.109 0.179 0.541 0.079 0.207 0.753 nan 1120.0 11201.0 "['0.012423530', '0.049114395', '0.001653137', '0.001874561', '0.016993377', '0.047104940', '0.001373917', '0.001628635', '0.001408379', '0.046132699', '0.001870821', '0.011311918', '0.013205847', '0.001610924', '0.009604880', '0.001913307', '0.001708721', '0.021911904', '0.015651267', '0.015502896', '0.017622115', '0.015169738', '0.001500777', '0.042572096', '0.001517751', '0.001657543', '0.001911748', '0.001557478', '0.015651267', '0.015651267', '0.016236540', '0.037152309', '0.001949626', '0.001769554', '0.001786894', '0.001368678', '0.001638221', '0.001521639', '0.015651267', '0.042741481', '0.035642639', '0.001690473', '0.001652312', '0.016150093', '0.001833053', '0.001934814', '0.001535064', '0.001857872', '0.001716339', '0.001628930', '0.017622115', '0.001753831', '0.001595917', '0.031450380', '0.001439241', '0.001375832', '0.001909480', '0.001815088', '0.001625908', '0.001557473', '0.001428408', '0.014178979', '0.001934814', '0.001899182', '0.001449719', '0.015996303', '0.015192031', '0.001798710', '0.001598351', '0.013205847', '0.015502896', '0.001591868', '0.001453804', '0.029973568', '0.016063089', '0.001653137', '0.001934814', '0.049114395', '0.001450240', '0.001413176', '0.001735299', '0.001757205', '0.007535338', '0.009927463', '0.016051214', '0.012126216', '0.015651267', '0.001874791', '0.021911904', '0.015192031', '0.016066184', '0.016154973', '0.001779375', '0.001833053', '0.009743588', '0.001639321', '0.016112361', '0.001928414', '0.001954115', '0.001777602']" 
1 DIS Concatenated 0.095 0.168 0.501 0.069 0.206 1.173 nan 1120.0 11201.0 "['0.000627374', '0.033104006', '0.000641300', '0.000657352', '0.000628689', '0.000672662', '0.024215026', '0.000647004', '0.000642612', '0.000668777', '0.021101095', '0.019955857', '0.022124220', '0.021546444', '0.000645039', '0.005287765', '0.000640911', '0.017987879', '0.000633354', '0.000663035', '0.000626141', '0.006777999', '0.000642612', '0.000643356', '0.023743797', '0.020639095', '0.000646110', '0.000646832', '0.022399563', '0.043198280', '0.020973464', '0.000636957', '0.000661304', '0.000647793', '0.023743797', '0.035760403', '0.000658163', '0.000629429', '0.000629429', '0.000651871', '0.012534187', '0.000642964', '0.020603413', '0.007322941', '0.018320395', '0.030883918', '0.021744231', '0.021527924', '0.000657758', '0.000628793', '0.022442784', '0.000654356', '0.000656062', '0.022032373', '0.000651890', '0.000628818', '0.000654356', '0.020862384', '0.019176023', '0.000650841', '0.000638216', '0.000658010', '0.000673663', '0.022442784', '0.009226801', '0.023743797', '0.000643064', '0.000648350', '0.021227688', '0.000672405', '0.035012912', '0.000656320', '0.019587025', '0.029144105', '0.020172194', '0.020018103', '0.000653166', '0.000657758', '0.000640468', '0.027463732', '0.017901812', '0.000639695', '0.000641155', '0.021086685', '0.000648448', '0.000658634', '0.000664967', '0.000648713', '0.006071904', '0.020419421', '0.000637326', '0.020234853', '0.019631846', '0.000623275', '0.014620879', '0.014192019', '0.000641507', '0.000672857', '0.000655124', '0.022805106']" 
1 DIS Multiview 0.081 0.197 0.510 0.073 0.259 0.114 0.246 1120.0 11201.0 "[['0.006276705', '0.004635421', '0.015983960', '0.004159521', '0.005477579', '0.004068111', '0.004156281', '0.016332150', '0.005982122', '0.005513678', '0.004691448', '0.007510734', '0.015420186', '0.010442241', '0.007778903', '0.004848640', '0.005891679', '0.012144855', '0.017577987', '0.016004620', '0.009568093', '0.006361370', '0.006310951', '0.032675963', '0.004698859', '0.004734928', '0.006542082', '0.007452941', '0.005309049', '0.016593698', '0.018489305', '0.011458722', '0.004684648', '0.006282892', '0.005994807', '0.004215277', '0.005113303', '0.005048423', '0.007485769', '0.013887090', '0.005158277', '0.004166743', '0.014541957', '0.015294902', '0.004457155', '0.006825453', '0.005291269', '0.004005632', '0.003979731', '0.007106822', '0.005820127', '0.013287676', '0.008035786', '0.010447538', '0.006332056', '0.056490935', '0.016564814', '0.004729828', '0.013293526', '0.016577771', '0.007369762', '0.030937364', '0.004927332', '0.004271460', '0.006351949', '0.007677937', '0.014892775', '0.008838785', '0.005287981', '0.018111575', '0.007895115', '0.013409671', '0.005378240', '0.007630697', '0.008789771', '0.006059373', '0.007562494', '0.071795546', '0.007265287', '0.004300758', '0.006226257', '0.009371147', '0.004665388', '0.007076228', '0.005835877', '0.004735773', '0.006821261', '0.006110456', '0.005208979', '0.030962661', '0.008332202', '0.007909796', '0.003845707', '0.004931082', '0.004034227', '0.032656472', '0.006293739', '0.004044838', '0.005347298', '0.006623776'], ['0.011350638', '0.006053765', '0.013745957', '0.005991249', '0.008330779', '0.007357032', '0.006499004', '0.015258595', '0.007139150', '0.007437317', '0.007091087', '0.008225121', '0.014472382', '0.013340571', '0.011304980', '0.008165698', '0.008427697', '0.030994602', '0.010660836', '0.013280245', '0.019068129', '0.006368533', '0.007082759', '0.010073295', '0.008075569', '0.006032756', '0.009697018', '0.007283101', '0.007014136', '0.013203627', '0.007914426', '0.019689485', '0.006243431', '0.008378646', '0.010074498', '0.008333500', '0.007298336', '0.006836601', '0.008462649', '0.014651979', '0.007708302', '0.006455960', '0.011577246', '0.014412043', '0.006805657', '0.007862312', '0.006513866', '0.006564366', '0.007422350', '0.007820958', '0.007429877', '0.011567636', '0.008583219', '0.010124948', '0.007938519', '0.010861176', '0.011310245', '0.007663038', '0.010310864', '0.012898880', '0.007962598', '0.027512662', '0.006125248', '0.007372650', '0.009118158', '0.008032415', '0.014054588', '0.008371303', '0.006678049', '0.011334170', '0.011327396', '0.012295400', '0.008547404', '0.013294033', '0.010623951', '0.007432620', '0.007811125', '0.014468926', '0.009175182', '0.006406781', '0.014390564', '0.011551599', '0.008495686', '0.008471125', '0.008237412', '0.007407303', '0.009338015', '0.009439287', '0.007364596', '0.034397598', '0.011699265', '0.010339811', '0.006056977', '0.008023879', '0.006056170', '0.009215228', '0.009989738', '0.006679436', '0.008993358', '0.007167691'], ['0.014250878', '0.007443811', '0.016013488', '0.005234022', '0.009302257', '0.005382078', '0.006277402', '0.013865720', '0.009397948', '0.005102586', '0.007410169', '0.008001396', '0.017029217', '0.010487620', '0.012847255', '0.008369651', '0.005829348', '0.011284747', '0.011906072', '0.012607385', '0.021592883', '0.010161144', '0.007084428', '0.009853243', '0.010289551', '0.009534012', '0.008163399', '0.006309983', '0.007504945', '0.014621042', '0.005914972', '0.017138693', '0.006100061', '0.005618494', '0.019056167', '0.006648574', '0.009521493', '0.009455696', '0.010198896', '0.014840045', '0.008564237', '0.010138150', '0.009522580', '0.016097231', '0.008298898', '0.010480689', '0.008315639', '0.006364342', '0.008924625', '0.006837471', '0.007763715', '0.007756106', '0.008030007', '0.016010731', '0.005362452', '0.009172349', '0.009584390', '0.009947978', '0.008685767', '0.008552847', '0.009843203', '0.006002754', '0.006163933', '0.008120629', '0.009492642', '0.010191621', '0.016888510', '0.010891976', '0.007841722', '0.015932456', '0.011049991', '0.012216923', '0.007996487', '0.010460863', '0.011771167', '0.008250948', '0.007163407', '0.016579693', '0.008958663', '0.007007379', '0.016903764', '0.008437327', '0.011139352', '0.007939119', '0.004742142', '0.007725727', '0.012947416', '0.008519731', '0.007197752', '0.038252942', '0.013914710', '0.009001276', '0.005193783', '0.006251774', '0.004300930', '0.007732460', '0.013436999', '0.005260783', '0.008930826', '0.007285205'], ['0.010740249', '0.006235659', '0.013130090', '0.005766916', '0.007129214', '0.006212182', '0.005219390', '0.013703297', '0.006321304', '0.007029216', '0.005959997', '0.007060844', '0.012948138', '0.008468172', '0.011454150', '0.005875356', '0.006268034', '0.039243475', '0.012032914', '0.012050495', '0.027016360', '0.007120993', '0.007683949', '0.010383409', '0.006377174', '0.005677756', '0.009624402', '0.008583406', '0.005909679', '0.011328173', '0.007504442', '0.013846458', '0.006289755', '0.006943531', '0.013330542', '0.007131785', '0.006507084', '0.008190583', '0.011190100', '0.012308094', '0.008170853', '0.006396202', '0.009405604', '0.013761470', '0.006487133', '0.008428672', '0.006741776', '0.005911997', '0.005606301', '0.007430434', '0.006998060', '0.009693448', '0.006082184', '0.008278767', '0.006457985', '0.010183160', '0.011626534', '0.006679680', '0.009419529', '0.010639714', '0.006042379', '0.024794199', '0.004899285', '0.005583039', '0.006663545', '0.006665094', '0.011325983', '0.011001921', '0.007745793', '0.010573256', '0.013155669', '0.014211763', '0.006503141', '0.007013995', '0.013678702', '0.008703306', '0.007017257', '0.069383949', '0.006884230', '0.006792906', '0.009895534', '0.012577334', '0.006040242', '0.006425732', '0.005587105', '0.007248208', '0.009597317', '0.007123501', '0.007710304', '0.044415686', '0.011878686', '0.009347348', '0.006590082', '0.005391378', '0.005009680', '0.009557327', '0.008115264', '0.005010680', '0.005894721', '0.007748204']]" "['0.085359216', '0.424204350', '0.104582831', '0.385853589']"
1 DIS_inv View1 0.292 0.349 0.985 0.181 0.341 0.008 nan 1120.0 11201.0 "['0.008853004', '0.009284053', '0.011455079', '0.008783334', '0.009284053', '0.008758159', '0.008779474', '0.011349448', '0.009591868', '0.009293121', '0.009140738', '0.009717316', '0.011079123', '0.011301552', '0.009591868', '0.009120555', '0.009397210', '0.009650121', '0.013126529', '0.011316980', '0.008729409', '0.009591868', '0.009293121', '0.013169016', '0.008931073', '0.009009198', '0.009541539', '0.009838452', '0.009103018', '0.011572832', '0.012543361', '0.009591868', '0.008818759', '0.009397210', '0.009034268', '0.008927147', '0.009008883', '0.009008883', '0.009282460', '0.011323005', '0.009116071', '0.008754312', '0.011585025', '0.011311639', '0.009034268', '0.009591868', '0.009120555', '0.008884102', '0.008783334', '0.009928913', '0.009257317', '0.011316980', '0.009591868', '0.011397029', '0.009552085', '0.013126529', '0.013384658', '0.009025582', '0.011664419', '0.013182146', '0.009684783', '0.009717316', '0.009140738', '0.009120555', '0.009206714', '0.009591868', '0.011385727', '0.009684783', '0.008975801', '0.013413283', '0.009284053', '0.011385727', '0.009060710', '0.009140738', '0.009666163', '0.009140738', '0.009445690', '0.011473731', '0.009116071', '0.009036231', '0.009120555', '0.011342647', '0.008818759', '0.009481503', '0.009591868', '0.009060710', '0.011132345', '0.009116637', '0.011184122', '0.011702115', '0.011301552', '0.009652678', '0.008643868', '0.011189369', '0.009120555', '0.013413283', '0.009140738', '0.009008883', '0.009684552', '0.009424179']" 
1 DIS_inv View2 0.096 0.178 0.518 0.073 0.217 0.940 nan 1120.0 11201.0 "['0.000971306', '0.034095053', '0.000974563', '0.027515909', '0.000994152', '0.000986769', '0.014096092', '0.020244675', '0.039366852', '0.000975918', '0.019673003', '0.000983029', '0.019053953', '0.000981528', '0.013848995', '0.001008021', '0.019721657', '0.035167538', '0.001009395', '0.001035428', '0.019721657', '0.001019769', '0.000986972', '0.000981162', '0.034095053', '0.000975332', '0.000989929', '0.019511744', '0.019949839', '0.001018865', '0.000997273', '0.000999081', '0.000970456', '0.019641440', '0.000999281', '0.000972245', '0.017082924', '0.000990561', '0.018969994', '0.017346563', '0.001005161', '0.019990385', '0.020090120', '0.020008523', '0.019006716', '0.000976961', '0.001009526', '0.015114239', '0.000986047', '0.000977183', '0.035500206', '0.000980124', '0.000990809', '0.000977684', '0.000976321', '0.019080520', '0.001009526', '0.020135516', '0.021048032', '0.000999006', '0.000979919', '0.014688448', '0.000976058', '0.014966724', '0.019922344', '0.020505261', '0.023346975', '0.000978965', '0.001005161', '0.023153659', '0.001013724', '0.018159255', '0.010138432', '0.014966724', '0.001006168', '0.000991218', '0.034095053', '0.000968884', '0.014336809', '0.000989663', '0.019482849', '0.018936135', '0.000984084', '0.000975332', '0.000999437', '0.000989972', '0.000986337', '0.000980110', '0.021048032', '0.000976021', '0.000983212', '0.014966724', '0.027221192', '0.000995665', '0.001012899', '0.018163512', '0.010206656', '0.009089552', '0.001036354', '0.000989867']" 
1 DIS_inv View3 0.133 0.203 0.621 0.095 0.218 0.625 nan 1120.0 11201.0 "['0.002207647', '0.002203389', '0.002147301', '0.017246399', '0.014719488', '0.002122996', '0.002135719', '0.002162433', '0.017246399', '0.016381191', '0.015933296', '0.002140826', '0.002172560', '0.042508047', '0.016186569', '0.029110424', '0.002043458', '0.017246226', '0.002216404', '0.035384994', '0.043097902', '0.015729101', '0.027273297', '0.002103355', '0.002142358', '0.002154418', '0.002220234', '0.002059926', '0.002213353', '0.002176319', '0.002188864', '0.002205863', '0.002133830', '0.002258024', '0.027939036', '0.002269752', '0.002172257', '0.002186526', '0.015508877', '0.002136391', '0.002239029', '0.016381191', '0.002193954', '0.029110424', '0.002183827', '0.002254382', '0.020166757', '0.002163322', '0.002229890', '0.017375711', '0.002123918', '0.022367032', '0.002142358', '0.018872136', '0.002147518', '0.002178239', '0.002106372', '0.002078884', '0.027736504', '0.002177918', '0.035384994', '0.016580567', '0.017375711', '0.002190762', '0.002147235', '0.002116490', '0.002178239', '0.002110731', '0.002142280', '0.016487960', '0.019006036', '0.027452376', '0.002136907', '0.016186569', '0.016139761', '0.002220234', '0.027939036', '0.015479196', '0.002213799', '0.016508913', '0.016007766', '0.002204370', '0.002271514', '0.002166891', '0.027736504', '0.002162692', '0.002116174', '0.002269752', '0.002158755', '0.002147235', '0.023564644', '0.002124128', '0.002255477', '0.017246399', '0.002191520', '0.002286848', '0.023774777', '0.016708158', '0.002205863', '0.016487960']" 
1 DIS_inv View4 0.086 0.190 0.528 0.073 0.238 0.771 nan 1120.0 11201.0 "['0.001378758', '0.018362131', '0.001396000', '0.017389636', '0.001463003', '0.018413816', '0.001374286', '0.001437711', '0.001380977', '0.018417589', '0.001405821', '0.001378373', '0.001380129', '0.017798865', '0.001390932', '0.017287230', '0.001423829', '0.029148886', '0.001417245', '0.001407669', '0.024103267', '0.001398621', '0.001400540', '0.018431639', '0.001423733', '0.001426534', '0.016628291', '0.001425997', '0.001417245', '0.001417245', '0.015556036', '0.018650306', '0.001418315', '0.001437501', '0.031055439', '0.001367189', '0.017698688', '0.030743839', '0.001417245', '0.018463293', '0.018361868', '0.017384969', '0.001391820', '0.014583230', '0.001396128', '0.001424387', '0.017869094', '0.001372266', '0.017474124', '0.001440753', '0.024103267', '0.018058643', '0.001443552', '0.035513930', '0.041033335', '0.001374632', '0.001419559', '0.016592648', '0.001414389', '0.001425953', '0.018141340', '0.001385513', '0.001424387', '0.017152788', '0.017938301', '0.001458249', '0.001399438', '0.001418742', '0.040104486', '0.001380129', '0.001407669', '0.001409830', '0.017952347', '0.026057051', '0.001467119', '0.001396000', '0.001424387', '0.018362131', '0.018146705', '0.018050538', '0.017164709', '0.017374512', '0.018348018', '0.018277269', '0.001445855', '0.001436672', '0.001417245', '0.016698567', '0.029148886', '0.001399438', '0.001471000', '0.014936572', '0.017530883', '0.001396128', '0.001380457', '0.017719271', '0.014225712', '0.001385896', '0.001375828', '0.001377549']" 
1 DIS_inv Concatenated 0.077 0.184 0.495 0.066 0.243 0.923 nan 1120.0 11201.0 "['0.016539406', '0.007856310', '0.000721954', '0.000717226', '0.000711891', '0.017976837', '0.005047186', '0.026738482', '0.019011773', '0.000717456', '0.017121635', '0.025585722', '0.019896815', '0.026239488', '0.000715390', '0.000721895', '0.000712673', '0.004359643', '0.000734152', '0.019591298', '0.018651875', '0.000725831', '0.019011773', '0.000713242', '0.007624972', '0.013982769', '0.000721521', '0.000720684', '0.020354271', '0.010585438', '0.026139196', '0.000714777', '0.000716650', '0.000714463', '0.007624972', '0.008630872', '0.000716292', '0.000718866', '0.000718866', '0.000715495', '0.000738151', '0.000721321', '0.000746605', '0.000725161', '0.018720031', '0.007357234', '0.019814281', '0.019759625', '0.000716210', '0.029316748', '0.020772558', '0.000716268', '0.036915146', '0.019892640', '0.018738212', '0.000710835', '0.000716268', '0.019128064', '0.018842442', '0.000715371', '0.000712617', '0.018548505', '0.018948406', '0.020772558', '0.000728082', '0.007624972', '0.018377200', '0.000714564', '0.018382924', '0.000718117', '0.008554199', '0.000720915', '0.000743906', '0.011751969', '0.018818766', '0.019136999', '0.000716179', '0.000716210', '0.019302709', '0.006156684', '0.018142475', '0.000722454', '0.000717909', '0.019172426', '0.000717810', '0.000716402', '0.018782808', '0.000714777', '0.000724287', '0.031739686', '0.015323549', '0.018723266', '0.026266472', '0.018701157', '0.000736144', '0.000734995', '0.000713355', '0.018924337', '0.018551189', '0.009044824']" 
1 DIS_inv Multiview 0.079 0.188 0.493 0.070 0.251 0.167 0.415 1120.0 11201.0 "[['0.006701550', '0.004463780', '0.016670538', '0.004412737', '0.004547848', '0.003954066', '0.004140621', '0.016206257', '0.005197314', '0.004661891', '0.004389999', '0.004972877', '0.014723951', '0.015343715', '0.006190790', '0.004379130', '0.004634014', '0.005679759', '0.025369447', '0.016013509', '0.005543711', '0.006236693', '0.004664866', '0.022098111', '0.004413687', '0.004219015', '0.005582029', '0.017213153', '0.004702648', '0.017545499', '0.014948137', '0.019421404', '0.005291550', '0.004755183', '0.006122104', '0.004175975', '0.004569394', '0.005254846', '0.006417221', '0.015754780', '0.004608791', '0.004005776', '0.014257983', '0.015749360', '0.004280569', '0.006240387', '0.004849391', '0.003938833', '0.003814921', '0.080188029', '0.006385311', '0.015685784', '0.016570922', '0.011429390', '0.009364064', '0.017656410', '0.018597681', '0.004530353', '0.019589651', '0.017476767', '0.009015038', '0.014060178', '0.004416782', '0.004262262', '0.004802280', '0.007299051', '0.016123731', '0.024376469', '0.006395699', '0.024151241', '0.017059259', '0.017014168', '0.005598600', '0.008806108', '0.009325569', '0.004706440', '0.007700253', '0.016980439', '0.005073161', '0.004156349', '0.005604104', '0.015153926', '0.004847399', '0.006863513', '0.007424610', '0.004259476', '0.005322889', '0.004692423', '0.004105284', '0.018125124', '0.015350467', '0.016776662', '0.003592251', '0.004016497', '0.004184908', '0.019762559', '0.004521302', '0.004113881', '0.004390439', '0.004765079'], ['0.015862690', '0.004828502', '0.014963600', '0.008522794', '0.004877603', '0.005409956', '0.010228146', '0.017192926', '0.004862143', '0.004817145', '0.004787696', '0.005104948', '0.014835850', '0.015759932', '0.005056821', '0.005145940', '0.005438097', '0.013079313', '0.015256023', '0.017366117', '0.008789159', '0.004636812', '0.007271127', '0.012825000', '0.005132057', '0.004216384', '0.010316853', '0.013672790', '0.004811688', '0.017152378', '0.004999408', '0.021281308', '0.017308023', '0.004989324', '0.006529156', '0.010259975', '0.009384283', '0.013279255', '0.009375124', '0.019699384', '0.005244544', '0.008499536', '0.005654704', '0.015895102', '0.007285381', '0.005072989', '0.004790033', '0.007829770', '0.005249887', '0.008914612', '0.022438295', '0.016736774', '0.020795569', '0.005550364', '0.005380611', '0.005605645', '0.005081088', '0.005246307', '0.009016797', '0.006686613', '0.005355609', '0.016853767', '0.006915626', '0.005195166', '0.008646679', '0.005013226', '0.016781274', '0.007904782', '0.005572920', '0.017253753', '0.010205816', '0.008970649', '0.026747575', '0.018236246', '0.018503815', '0.007957770', '0.024101950', '0.015391421', '0.005376526', '0.004792971', '0.019246737', '0.017808106', '0.014994666', '0.004872728', '0.013264803', '0.004678683', '0.006306147', '0.006389872', '0.004942553', '0.016780516', '0.016880384', '0.017100062', '0.004631377', '0.005073152', '0.004502979', '0.007759468', '0.005454877', '0.004930271', '0.005534587', '0.006770250'], ['0.016205810', '0.004279876', '0.017725889', '0.003596290', '0.007238156', '0.003478877', '0.008455066', '0.016082298', '0.004514080', '0.003179517', '0.004094840', '0.008334837', '0.018288843', '0.007838964', '0.004080144', '0.004333623', '0.003751308', '0.005438644', '0.014180889', '0.016897043', '0.029803174', '0.004798030', '0.006247893', '0.005148662', '0.013278369', '0.009491071', '0.006562176', '0.005006332', '0.009869747', '0.018139180', '0.003552173', '0.017486909', '0.014063934', '0.003484576', '0.028560098', '0.004088864', '0.012269849', '0.007395725', '0.006019815', '0.016496737', '0.004385956', '0.013801142', '0.010688631', '0.016292352', '0.004454719', '0.004528580', '0.012623465', '0.003960213', '0.004703291', '0.013263168', '0.005718761', '0.016029678', '0.005061764', '0.013643485', '0.003703886', '0.010176052', '0.010071593', '0.016416883', '0.018093355', '0.008980486', '0.011160962', '0.006894177', '0.006045879', '0.004521880', '0.004300746', '0.004490954', '0.017875725', '0.010076555', '0.021482103', '0.018403076', '0.020064343', '0.017890595', '0.005920279', '0.014398393', '0.015718020', '0.008457309', '0.004630203', '0.016505128', '0.010659232', '0.006261327', '0.022273315', '0.007637221', '0.015601944', '0.003940982', '0.003400694', '0.006870301', '0.030424599', '0.007952155', '0.006373515', '0.007681899', '0.017362574', '0.016317582', '0.003558631', '0.005416090', '0.003220177', '0.004427798', '0.009263609', '0.003606170', '0.004370860', '0.004187302'], ['0.016640212', '0.004549042', '0.015693760', '0.010385842', '0.004711492', '0.007972188', '0.003972080', '0.015742734', '0.006289741', '0.008245041', '0.006502597', '0.007896530', '0.015135035', '0.013370952', '0.004921499', '0.005979839', '0.006513376', '0.006772657', '0.017760394', '0.015826911', '0.032011382', '0.004590772', '0.004888721', '0.005715018', '0.009101547', '0.005338976', '0.005321924', '0.014588846', '0.007889692', '0.014978470', '0.004368046', '0.009374374', '0.013985524', '0.007360451', '0.021694301', '0.004828507', '0.004106617', '0.016804507', '0.014436055', '0.013696961', '0.008870971', '0.004812215', '0.004693110', '0.015794052', '0.004529705', '0.004775920', '0.010801769', '0.004417333', '0.006045901', '0.018145079', '0.014233579', '0.016359948', '0.004060510', '0.006355721', '0.011299001', '0.005121382', '0.005856658', '0.011549572', '0.014543221', '0.005669596', '0.004763596', '0.018949259', '0.003831213', '0.004594054', '0.004292111', '0.004121594', '0.014362968', '0.031143023', '0.018249452', '0.014787878', '0.016776746', '0.021066172', '0.015819864', '0.013542760', '0.020522082', '0.005293171', '0.015221763', '0.012100343', '0.008183381', '0.004528484', '0.005945445', '0.015839143', '0.013931716', '0.004526048', '0.004791880', '0.004746608', '0.017182393', '0.004612447', '0.005075160', '0.014702284', '0.017743867', '0.013299584', '0.004699922', '0.004336141', '0.004328227', '0.005180829', '0.004307506', '0.004329316', '0.005594015', '0.004779695']]" "['0.049481329', '0.452348381', '0.079244077', '0.418926239']"
1 Cbound View1 0.229 0.335 0.884 0.154 0.363 0.261 nan 1120.0 1120.0 "['0.004127468', '0.004438156', '0.019407643', '0.004098149', '0.004438156', '0.004088556', '0.004086724', '0.019008648', '0.013180600', '0.004283512', '0.004213067', '0.004303753', '0.004499820', '0.019159248', '0.013180600', '0.004191856', '0.004355442', '0.004289869', '0.020337684', '0.018977465', '0.004079435', '0.013180600', '0.004283512', '0.020348793', '0.004122051', '0.004141188', '0.013407611', '0.024035152', '0.004188999', '0.019403281', '0.020084057', '0.013180600', '0.004098083', '0.004355442', '0.004150629', '0.004121329', '0.004141015', '0.004141015', '0.004431007', '0.018972615', '0.004198957', '0.004107351', '0.019421171', '0.018937895', '0.004150629', '0.013180600', '0.004191856', '0.004116748', '0.004098149', '0.023435041', '0.004192854', '0.018977465', '0.013180600', '0.019201009', '0.014880918', '0.020337684', '0.020442771', '0.004148658', '0.019862462', '0.020355873', '0.014356549', '0.004303753', '0.004213067', '0.004191856', '0.004280663', '0.013180600', '0.019205490', '0.014356549', '0.004130920', '0.020464672', '0.004438156', '0.019205490', '0.004155291', '0.004213067', '0.004291642', '0.004213067', '0.004395891', '0.019531550', '0.004198957', '0.004153890', '0.004191856', '0.018997664', '0.004098083', '0.011633130', '0.013180600', '0.004155291', '0.004590700', '0.004197976', '0.017981937', '0.019641852', '0.019159248', '0.024955360', '0.004086006', '0.004937071', '0.004191856', '0.020464672', '0.004213067', '0.004141015', '0.004295446', '0.004454507']" 
1 Cbound View2 0.093 0.180 0.582 0.072 0.216 1.778 nan 1120.0 1120.0 "['0.000255652', '0.031071411', '0.000257058', '0.033022750', '0.000266356', '0.000261912', '0.004306207', '0.032927815', '0.033111833', '0.000257651', '0.031278115', '0.000260681', '0.000259544', '0.000261884', '0.004344720', '0.002227795', '0.030998988', '0.033089757', '0.000269509', '0.003695890', '0.030998988', '0.003223022', '0.000265012', '0.000261259', '0.031071411', '0.000257285', '0.000256365', '0.031038649', '0.030911384', '0.032125585', '0.000268161', '0.000262109', '0.000255066', '0.030475697', '0.000270500', '0.000255377', '0.000274034', '0.000264802', '0.031846024', '0.030001871', '0.000274228', '0.031137710', '0.031249104', '0.031207550', '0.004107853', '0.000259084', '0.000277919', '0.006004137', '0.000262435', '0.000259218', '0.033025153', '0.000260180', '0.000260909', '0.000258853', '0.000257581', '0.029667586', '0.000277919', '0.032963023', '0.004333568', '0.000269413', '0.000258601', '0.005000317', '0.000258326', '0.004384834', '0.032024607', '0.033628561', '0.033058025', '0.000260714', '0.000274228', '0.000273362', '0.000269887', '0.032661244', '0.004108340', '0.004384834', '0.001742665', '0.000263895', '0.031071411', '0.000255637', '0.002036849', '0.000267003', '0.030136375', '0.031115804', '0.000262028', '0.000257285', '0.000271082', '0.000262284', '0.000262320', '0.000260827', '0.004333568', '0.000257749', '0.000260731', '0.004384834', '0.031409062', '0.000269553', '0.001826273', '0.000271392', '0.000274936', '0.000271790', '0.003242759', '0.000264412']" 
1 Cbound View3 0.113 0.204 0.651 0.092 0.223 1.635 nan 1120.0 1120.0 "['0.000287059', '0.001576702', '0.000280639', '0.027675133', '0.000282173', '0.000284873', '0.000289023', '0.000296988', '0.027675133', '0.026970737', '0.026721759', '0.000292292', '0.000298832', '0.029805649', '0.027127026', '0.030606277', '0.000279097', '0.027674789', '0.004074606', '0.029857913', '0.029773826', '0.026153931', '0.030369451', '0.000282462', '0.000290799', '0.000294561', '0.000292693', '0.000278929', '0.002242109', '0.000303273', '0.000281548', '0.002805887', '0.000288062', '0.000292339', '0.030843163', '0.000304770', '0.000307534', '0.001587489', '0.026169389', '0.000284069', '0.002984087', '0.026970737', '0.001735239', '0.030606277', '0.001776926', '0.000302220', '0.028542720', '0.000297716', '0.000300056', '0.027814979', '0.000285678', '0.029479813', '0.000290799', '0.028723380', '0.000293103', '0.001709846', '0.000279881', '0.000279808', '0.013099765', '0.000283119', '0.029857913', '0.027745085', '0.027814979', '0.000298431', '0.000295205', '0.000283337', '0.001709846', '0.000278911', '0.000291284', '0.027771028', '0.028887199', '0.030670689', '0.000290651', '0.027127026', '0.003531294', '0.000292693', '0.030843163', '0.000295367', '0.000282784', '0.027796114', '0.000299537', '0.000302885', '0.004606741', '0.000303675', '0.013099765', '0.000299161', '0.000283615', '0.000304770', '0.000295326', '0.000295205', '0.004920098', '0.000283935', '0.004675695', '0.027675133', '0.000307914', '0.005127823', '0.000307640', '0.027812062', '0.002805887', '0.027771028']" 
1 Cbound View4 0.127 0.192 0.609 0.078 0.228 1.732 nan 1120.0 1120.0 "['0.000226539', '0.026638575', '0.000230024', '0.025581788', '0.004196008', '0.026684826', '0.000226052', '0.000228204', '0.000229205', '0.026739219', '0.000232058', '0.000226863', '0.000229024', '0.026062466', '0.000229282', '0.025456442', '0.000229375', '0.026898393', '0.000240136', '0.000239381', '0.004902442', '0.000232331', '0.000227301', '0.026587281', '0.000236630', '0.000227584', '0.000239083', '0.025967300', '0.000240136', '0.000240136', '0.004176061', '0.026589310', '0.000224083', '0.000240015', '0.025294000', '0.000221956', '0.025792936', '0.025836591', '0.000240136', '0.026783396', '0.026537696', '0.025817506', '0.000229384', '0.003484594', '0.000231656', '0.000227606', '0.026142029', '0.000225634', '0.025853382', '0.000230556', '0.004902442', '0.000228878', '0.000228529', '0.007220366', '0.026171133', '0.000226211', '0.000231104', '0.025224317', '0.000234902', '0.025972478', '0.026399152', '0.000228500', '0.000227606', '0.024909241', '0.026163952', '0.002735222', '0.000232185', '0.000237408', '0.025755893', '0.000229024', '0.000239381', '0.000228551', '0.026197704', '0.026760217', '0.002870147', '0.000230024', '0.000227606', '0.026638575', '0.026367335', '0.026296420', '0.000229593', '0.025793606', '0.026488489', '0.026488584', '0.002861062', '0.000238581', '0.000240136', '0.000236808', '0.026898393', '0.000232185', '0.002921281', '0.003294432', '0.025837675', '0.000231656', '0.000227003', '0.025774647', '0.003011455', '0.000224904', '0.000224168', '0.000228159']" 
1 Cbound Concatenated 0.078 0.184 0.577 0.069 0.231 1.607 nan 1120.0 1120.0 "['0.000277374', '0.003475245', '0.000284960', '0.000278882', '0.000275778', '0.027833251', '0.003444797', '0.026919715', '0.027189979', '0.000279904', '0.004914770', '0.028145628', '0.028503455', '0.005789278', '0.000280984', '0.000283358', '0.000276535', '0.002995659', '0.000293860', '0.027755095', '0.000289834', '0.000293186', '0.027189979', '0.000274630', '0.003186709', '0.004276642', '0.000281969', '0.000283404', '0.028993061', '0.004087155', '0.028482299', '0.000278536', '0.000280658', '0.000276336', '0.003186709', '0.003921705', '0.000279035', '0.000279645', '0.000279645', '0.000279214', '0.004332179', '0.000280304', '0.003281672', '0.000286717', '0.027653309', '0.003367722', '0.028167784', '0.028688997', '0.000280922', '0.000287096', '0.029120827', '0.000282945', '0.027318886', '0.028376920', '0.027146429', '0.000276224', '0.000282945', '0.028050533', '0.027717758', '0.000280298', '0.000276624', '0.027232939', '0.027255010', '0.029120827', '0.000294460', '0.003186709', '0.027030172', '0.000276981', '0.004769944', '0.000281791', '0.000299320', '0.000286870', '0.000288836', '0.004482801', '0.027977064', '0.027566496', '0.000277981', '0.000280922', '0.027040333', '0.003485883', '0.027749881', '0.000285547', '0.000281400', '0.028334120', '0.000280821', '0.000279051', '0.026988685', '0.000278023', '0.000285012', '0.028438743', '0.000291001', '0.028068271', '0.028328596', '0.000294547', '0.000294527', '0.000296285', '0.000276324', '0.027104793', '0.000297572', '0.028155567']" 
1 Cbound Multiview 0.099 0.214 0.614 0.084 0.267 0.041 0.029 1120.0 1120.0 "[['0.007825247', '0.012938459', '0.014107572', '0.007737222', '0.013025183', '0.007761079', '0.007751705', '0.008247480', '0.013786651', '0.007495572', '0.007431401', '0.007715840', '0.007795536', '0.007574167', '0.013480247', '0.007461682', '0.013301382', '0.007693469', '0.013812473', '0.008014433', '0.007763759', '0.013648328', '0.007908767', '0.013813525', '0.007753334', '0.007706033', '0.013933389', '0.013562013', '0.007483851', '0.014076500', '0.013759104', '0.013800109', '0.007710209', '0.009637466', '0.007704745', '0.007695009', '0.007699969', '0.007631679', '0.013982990', '0.007758358', '0.007465987', '0.007752332', '0.013700928', '0.007947384', '0.007671341', '0.013801775', '0.007617702', '0.007711743', '0.007794728', '0.013631211', '0.007695825', '0.007889333', '0.013554712', '0.007656151', '0.013631422', '0.013813468', '0.013861965', '0.007758778', '0.013607583', '0.013900212', '0.013701759', '0.007728894', '0.007489893', '0.007890877', '0.012401550', '0.013666150', '0.007685681', '0.013818225', '0.007706916', '0.013907103', '0.013837473', '0.007684611', '0.007700356', '0.007451246', '0.007870357', '0.009389734', '0.013615674', '0.014245784', '0.007430021', '0.007614009', '0.007608152', '0.007729053', '0.007740274', '0.013457446', '0.013671330', '0.007588041', '0.007723464', '0.007446753', '0.007723290', '0.013884878', '0.007883787', '0.013822494', '0.007708394', '0.007698209', '0.007485171', '0.013797429', '0.007460711', '0.007578119', '0.007606600', '0.013099498'], ['0.013426704', '0.007104937', '0.007768080', '0.011652276', '0.007229946', '0.011418791', '0.013103787', '0.013319632', '0.007390027', '0.007185751', '0.007165727', '0.007223214', '0.007220653', '0.009884284', '0.007107514', '0.007051923', '0.013346977', '0.013157502', '0.007065058', '0.013279695', '0.007244150', '0.007218682', '0.013097575', '0.013093514', '0.007246493', '0.007247275', '0.013360503', '0.007207796', '0.007189853', '0.013410960', '0.007121646', '0.013277533', '0.010499244', '0.007178543', '0.007246547', '0.013111157', '0.013112270', '0.007122462', '0.013409805', '0.013214323', '0.007018484', '0.010231304', '0.007224727', '0.013449118', '0.012866355', '0.013325559', '0.007243247', '0.012634177', '0.013335682', '0.007227266', '0.012211023', '0.013304544', '0.007121945', '0.007200741', '0.007237797', '0.007183839', '0.007312466', '0.007239031', '0.007231152', '0.013397189', '0.007168225', '0.013132947', '0.013083445', '0.013348763', '0.013064574', '0.007178453', '0.013132636', '0.007581282', '0.007225550', '0.013388955', '0.007526662', '0.007241165', '0.013094028', '0.012908165', '0.013306176', '0.013346690', '0.013314160', '0.013526955', '0.007145986', '0.007122034', '0.013202338', '0.013159788', '0.007110769', '0.007173174', '0.013213431', '0.007180866', '0.007172819', '0.007160261', '0.007094168', '0.013315183', '0.013312895', '0.013307285', '0.007123574', '0.007097204', '0.007159298', '0.008598085', '0.012374216', '0.007060830', '0.010495078', '0.013143419'], ['0.012359447', '0.010990226', '0.012376216', '0.006755611', '0.012237118', '0.006766771', '0.012149646', '0.012341467', '0.012296496', '0.006758719', '0.006672201', '0.012038370', '0.012268265', '0.006728200', '0.006690513', '0.006963243', '0.006794302', '0.009876032', '0.006727138', '0.012323427', '0.012273218', '0.012200280', '0.012082064', '0.006709225', '0.012271386', '0.012290999', '0.012631104', '0.006770487', '0.012007101', '0.012423909', '0.006740784', '0.012335753', '0.006640320', '0.006744058', '0.012294142', '0.006680529', '0.012269672', '0.006666007', '0.012631087', '0.012170045', '0.006621747', '0.012275808', '0.012196355', '0.012454299', '0.010032715', '0.012309041', '0.012246409', '0.006697505', '0.012326653', '0.006768556', '0.006730008', '0.012287945', '0.006753271', '0.012281656', '0.006765257', '0.012254602', '0.012348437', '0.012221864', '0.012131992', '0.012398324', '0.012290744', '0.006775858', '0.012190785', '0.012299153', '0.006741763', '0.011562932', '0.012295080', '0.011580565', '0.012143865', '0.012424102', '0.012361428', '0.012082979', '0.006768487', '0.006630823', '0.012440735', '0.012349449', '0.006803426', '0.012545034', '0.011737619', '0.011651223', '0.012282817', '0.006759816', '0.011972122', '0.006709647', '0.006765589', '0.009609171', '0.011498240', '0.011213688', '0.006642434', '0.006829910', '0.012365143', '0.012347426', '0.006708466', '0.006588490', '0.006732654', '0.006733435', '0.012263707', '0.006702651', '0.006740900', '0.007809570'], ['0.013269550', '0.007121139', '0.013313984', '0.008681912', '0.006983828', '0.012954227', '0.007207614', '0.013299288', '0.013306635', '0.012599466', '0.012609027', '0.012988996', '0.011952597', '0.007052207', '0.007026516', '0.006967756', '0.013324072', '0.007085390', '0.013148326', '0.013257986', '0.013179999', '0.007160008', '0.007010777', '0.007169608', '0.012864792', '0.013024090', '0.013545058', '0.009639192', '0.007075703', '0.013497334', '0.007157798', '0.007311253', '0.007027043', '0.008893015', '0.013138355', '0.007090573', '0.007220185', '0.012055772', '0.013371207', '0.007185095', '0.012867086', '0.007107675', '0.007207480', '0.013308394', '0.007167545', '0.008596800', '0.013118612', '0.007124829', '0.013449768', '0.012456333', '0.007071940', '0.013220798', '0.007178067', '0.013019217', '0.013086591', '0.007174816', '0.013402517', '0.012560845', '0.007151186', '0.013365752', '0.007049809', '0.013159406', '0.007212529', '0.013093787', '0.007208883', '0.007212754', '0.007125442', '0.013319782', '0.010168402', '0.013526558', '0.013332966', '0.013179512', '0.012673697', '0.006971773', '0.013249740', '0.013362913', '0.013387234', '0.013342303', '0.007097407', '0.007129867', '0.007188010', '0.013098414', '0.009721469', '0.007057105', '0.007041876', '0.006992175', '0.007146286', '0.007116754', '0.012633523', '0.013381311', '0.013242368', '0.007383717', '0.007007608', '0.007058478', '0.007038364', '0.007048852', '0.007213871', '0.007039550', '0.007141887', '0.007239978']]" "['0.156656459', '0.283276588', '0.277168781', '0.282898128']"
1 C_TND View1 0.263 0.342 0.927 0.162 0.359 0.069 nan 1120.0 1120.0 "['0.005867349', '0.008377972', '0.013378331', '0.005810652', '0.008377972', '0.005705061', '0.005834855', '0.015281228', '0.009541905', '0.008076585', '0.007641627', '0.008327641', '0.010631972', '0.011286658', '0.009541905', '0.007479953', '0.008391729', '0.008235131', '0.019753130', '0.013182500', '0.005589594', '0.009541905', '0.008076585', '0.019906271', '0.006442499', '0.006951913', '0.009275686', '0.009662716', '0.007458777', '0.018874476', '0.021486670', '0.009541905', '0.005911516', '0.008391729', '0.007065898', '0.006475035', '0.006950201', '0.006950201', '0.008376435', '0.014319688', '0.007538618', '0.005734229', '0.018827543', '0.013398818', '0.007065898', '0.009541905', '0.007479953', '0.006204038', '0.005810652', '0.009736324', '0.007238384', '0.013182500', '0.009541905', '0.014324754', '0.009326060', '0.019753130', '0.019218542', '0.006542961', '0.012828006', '0.019729275', '0.009722505', '0.008327641', '0.007641627', '0.007479953', '0.007983558', '0.009541905', '0.013635700', '0.009722505', '0.006805156', '0.019075897', '0.008377972', '0.013635700', '0.007116801', '0.007641627', '0.008254536', '0.007641627', '0.008510538', '0.012588657', '0.007538618', '0.007090602', '0.007479953', '0.014928418', '0.005911516', '0.009201691', '0.009541905', '0.007116801', '0.011308009', '0.007531143', '0.013371479', '0.016660612', '0.011286658', '0.009319651', '0.005262338', '0.013776006', '0.007479953', '0.019075897', '0.007641627', '0.006950201', '0.008270722', '0.008554939']" 
1 C_TND View2 0.111 0.176 0.560 0.079 0.193 0.007 nan 1120.0 1120.0 "['0.008439019', '0.010116692', '0.008666492', '0.010887170', '0.009354760', '0.009124843', '0.011179633', '0.011675068', '0.011164561', '0.008731768', '0.011462871', '0.009031750', '0.009186489', '0.009081618', '0.010028341', '0.009938143', '0.012441307', '0.010948314', '0.009685315', '0.010259356', '0.012441307', '0.009905654', '0.009287592', '0.009069090', '0.010116692', '0.008666950', '0.008592980', '0.011156083', '0.014274699', '0.010003483', '0.009538839', '0.009335132', '0.008329344', '0.011795088', '0.009506467', '0.008389515', '0.009900551', '0.009270412', '0.010308320', '0.010222252', '0.009625415', '0.012899976', '0.014321777', '0.013031104', '0.009945976', '0.008858740', '0.009717894', '0.010161414', '0.009125137', '0.008871820', '0.011124932', '0.009046289', '0.009058986', '0.008867273', '0.008701149', '0.010334261', '0.009717894', '0.011470414', '0.009983966', '0.009598906', '0.008807677', '0.010054086', '0.008829630', '0.011304285', '0.011428150', '0.011434019', '0.010655172', '0.008995194', '0.009625415', '0.009864924', '0.009529132', '0.010483238', '0.010797968', '0.011304285', '0.009798490', '0.009260623', '0.010116692', '0.008419417', '0.009792159', '0.009410780', '0.011500126', '0.010465914', '0.009137976', '0.008666950', '0.009541688', '0.009153121', '0.009155784', '0.009004406', '0.009983966', '0.008720943', '0.009036085', '0.011304285', '0.010203081', '0.009542208', '0.009838035', '0.009868668', '0.009774040', '0.009595746', '0.010340258', '0.009278059']" 
1 C_TND View3 0.148 0.210 0.666 0.101 0.218 0.010 nan 1120.0 1120.0 "['0.008847914', '0.009865179', '0.007583674', '0.010788123', '0.007949332', '0.008647926', '0.009031326', '0.009455532', '0.010788123', '0.010617906', '0.010960164', '0.009247089', '0.009532667', '0.012144309', '0.011353141', '0.011795310', '0.006165053', '0.010848858', '0.010324693', '0.012092963', '0.012073187', '0.010425244', '0.011234709', '0.008109182', '0.009149198', '0.009352438', '0.009284757', '0.006785762', '0.010068169', '0.009655243', '0.007858190', '0.010213765', '0.008958724', '0.009271093', '0.011551416', '0.009741466', '0.009752547', '0.009889320', '0.010824471', '0.008521790', '0.009885904', '0.010617906', '0.009975537', '0.011795310', '0.009960867', '0.009668414', '0.011317940', '0.009484337', '0.009600491', '0.011177019', '0.008737474', '0.010563564', '0.009149198', '0.011818803', '0.009281926', '0.009939305', '0.007424011', '0.007504088', '0.011481701', '0.008317244', '0.012092963', '0.012812892', '0.011177019', '0.009530505', '0.009370443', '0.008443009', '0.009939305', '0.006587653', '0.009180858', '0.012919915', '0.012035027', '0.011308007', '0.009145947', '0.011353141', '0.010564999', '0.009284757', '0.011551416', '0.009445933', '0.008192794', '0.013048433', '0.009674831', '0.009677648', '0.010530708', '0.009652536', '0.011481701', '0.009529326', '0.008501310', '0.009741466', '0.009387843', '0.009370443', '0.010730383', '0.008500055', '0.010042428', '0.010788123', '0.009805137', '0.010550543', '0.009816440', '0.012639453', '0.010213765', '0.012919915']" 
1 C_TND View4 0.094 0.190 0.563 0.074 0.232 0.003 nan 1120.0 1120.0 "['0.009021664', '0.010987909', '0.009392182', '0.011092709', '0.010282424', '0.011092476', '0.008999552', '0.009230925', '0.009292266', '0.011051906', '0.009613150', '0.009057734', '0.009234951', '0.011011153', '0.009278325', '0.011226098', '0.009345364', '0.010657082', '0.009770505', '0.009821344', '0.010334993', '0.009428641', '0.009117374', '0.011009922', '0.009805146', '0.009175212', '0.010091231', '0.010436486', '0.009770505', '0.009770505', '0.010869382', '0.010552282', '0.008827075', '0.010021582', '0.010057813', '0.008477810', '0.010261118', '0.010046149', '0.009770505', '0.011148628', '0.010941952', '0.010532270', '0.009338880', '0.010800446', '0.009563341', '0.009257644', '0.011018538', '0.008998591', '0.010766684', '0.009430660', '0.010334993', '0.009308832', '0.009257251', '0.010052077', '0.010067322', '0.009011692', '0.009566342', '0.010082604', '0.009725826', '0.010451825', '0.011054475', '0.009183435', '0.009257644', '0.010136680', '0.010626684', '0.010502903', '0.009423665', '0.009913735', '0.010103622', '0.009234951', '0.009821344', '0.009259239', '0.010822458', '0.010215596', '0.010562002', '0.009392182', '0.009257644', '0.010987909', '0.011268582', '0.010890664', '0.009367696', '0.010819537', '0.010949945', '0.010954089', '0.010321557', '0.009840504', '0.009770505', '0.009926071', '0.010657082', '0.009423665', '0.010621502', '0.010773739', '0.011129268', '0.009563341', '0.009076064', '0.010226578', '0.010699645', '0.008931104', '0.008843794', '0.009248978']" 
1 C_TND Concatenated 0.081 0.182 0.536 0.069 0.225 0.009 nan 1120.0 1120.0 "['0.008488951', '0.010161327', '0.009229015', '0.008629337', '0.008229903', '0.011180622', '0.010210211', '0.010032306', '0.010752679', '0.008718774', '0.010543011', '0.010999554', '0.013958460', '0.010693925', '0.008864617', '0.009007534', '0.008352031', '0.010541333', '0.009857186', '0.013907077', '0.009720457', '0.009582506', '0.010752679', '0.008048541', '0.010957975', '0.010294979', '0.008962050', '0.009081762', '0.014308005', '0.010620061', '0.011685609', '0.008624190', '0.008796222', '0.008320202', '0.010957975', '0.010391989', '0.008640618', '0.008791197', '0.008791197', '0.008668343', '0.009887375', '0.008809513', '0.010113555', '0.009236299', '0.010794208', '0.010309383', '0.012937712', '0.010871513', '0.008825251', '0.009493344', '0.014025616', '0.009009421', '0.010300501', '0.014594073', '0.010345845', '0.008309349', '0.009009421', '0.010731327', '0.010875592', '0.008780820', '0.008366888', '0.010300213', '0.010219860', '0.014025616', '0.009509990', '0.010957975', '0.010344362', '0.008407604', '0.010560635', '0.008887457', '0.009733282', '0.009301646', '0.009346395', '0.010398464', '0.010983365', '0.010493964', '0.008530245', '0.008825251', '0.010703936', '0.010281046', '0.010620387', '0.009282357', '0.008921174', '0.010610479', '0.008843747', '0.008642377', '0.010011072', '0.008536424', '0.009135900', '0.010238690', '0.009672614', '0.011038617', '0.011045096', '0.010068333', '0.009554960', '0.009638174', '0.008321178', '0.010066231', '0.009939116', '0.010020458']" 
1 C_TND Multiview 0.075 0.189 0.574 0.072 0.242 0.461 0.388 1120.0 1120.0 "[['0.000027072', '0.000048173', '0.000101662', '0.000023558', '0.000051343', '0.000024741', '0.000024020', '0.000106225', '0.000047563', '0.000041967', '0.000043525', '0.000055515', '0.000082733', '0.000047468', '0.000045401', '0.000039535', '0.000048430', '0.000047343', '0.000248137', '0.000102043', '0.000021056', '0.000077617', '0.000047935', '0.263116479', '0.000033351', '0.000036064', '0.000048786', '0.000065081', '0.000044373', '0.235332802', '0.000131960', '0.000042964', '0.000026508', '0.000052524', '0.000038805', '0.000027236', '0.000038093', '0.000030325', '0.000047840', '0.000089560', '0.000044254', '0.000027920', '0.000163541', '0.000079466', '0.000034503', '0.000048278', '0.000044298', '0.000027235', '0.000024681', '0.000046577', '0.000045240', '0.000067014', '0.000063293', '0.000103206', '0.000057971', '0.000155117', '0.216376960', '0.000039326', '0.000143142', '0.000183690', '0.000084735', '0.000047432', '0.000045403', '0.000046465', '0.000046676', '0.000080790', '0.000097040', '0.000045113', '0.000043628', '0.279382944', '0.000050286', '0.000089675', '0.000037341', '0.000047973', '0.000044328', '0.000054318', '0.000050717', '0.000098045', '0.000057844', '0.000039504', '0.000051041', '0.000044083', '0.000031251', '0.000040912', '0.000045097', '0.000038106', '0.000055802', '0.000047760', '0.000052448', '0.000105891', '0.000045079', '0.000050951', '0.000027942', '0.000051577', '0.000033213', '0.000210403', '0.000056434', '0.000036420', '0.000051293', '0.000052531'], ['0.010806859', '0.010154061', '0.011603914', '0.011395135', '0.006024810', '0.008871387', '0.012912540', '0.016444782', '0.005928746', '0.019125778', '0.009502603', '0.006056282', '0.006363166', '0.016365303', '0.012449275', '0.011781349', '0.010933834', '0.015526581', '0.010474584', '0.011290820', '0.006758248', '0.006152319', '0.011578058', '0.000119471', '0.004467247', '0.001626457', '0.014576253', '0.015695181', '0.004233635', '0.000139418', '0.009463483', '0.015402880', '0.007227776', '0.009906597', '0.003225897', '0.018383890', '0.008405867', '0.012748917', '0.010981441', '0.011765843', '0.007501007', '0.006688799', '0.006815903', '0.008744359', '0.013590205', '0.008387676', '0.003260774', '0.015805796', '0.008322636', '0.004700745', '0.010963227', '0.015732341', '0.023547621', '0.003583425', '0.011939903', '0.005224931', '0.000115057', '0.004081747', '0.005562731', '0.010434223', '0.004042837', '0.013582855', '0.012390817', '0.013711185', '0.014773120', '0.008551816', '0.008896505', '0.006282723', '0.005270221', '0.000107780', '0.009321524', '0.006115395', '0.012465280', '0.015644165', '0.008296909', '0.014123108', '0.010452041', '0.006413728', '0.007613105', '0.005807813', '0.013318474', '0.012160547', '0.011019419', '0.023719802', '0.022625569', '0.005307593', '0.006694455', '0.010814638', '0.006403244', '0.010854051', '0.011919448', '0.010717552', '0.007766400', '0.012263034', '0.020653386', '0.011260459', '0.006489004', '0.018157318', '0.009681720', '0.012437182'], ['0.008771557', '0.006868869', '0.011715558', '0.001565277', '0.019145016', '0.001598132', '0.014645218', '0.003815399', '0.005374494', '0.001398969', '0.005754271', '0.010320303', '0.019215649', '0.003546817', '0.008361145', '0.004810685', '0.001670935', '0.003460505', '0.004345168', '0.005938961', '0.005371624', '0.013437978', '0.009707821', '0.000145410', '0.019814080', '0.030359400', '0.007983553', '0.001193822', '0.011389224', '0.000203357', '0.002493621', '0.005530580', '0.007175231', '0.001729256', '0.017578162', '0.001988208', '0.020303594', '0.003324480', '0.002460530', '0.020718828', '0.003251960', '0.027451869', '0.016942713', '0.022536326', '0.006594454', '0.007120663', '0.021621285', '0.003145159', '0.006699415', '0.008970763', '0.002808686', '0.003685495', '0.002867043', '0.028805463', '0.001407173', '0.017463502', '0.000135415', '0.018919196', '0.009157151', '0.015009461', '0.032534897', '0.002058640', '0.014496802', '0.011787972', '0.007702567', '0.013987563', '0.023454022', '0.005842094', '0.008667565', '0.000170235', '0.006315689', '0.003878463', '0.003082564', '0.011697177', '0.008298128', '0.010107310', '0.002518572', '0.029756093', '0.011586100', '0.019115590', '0.017375866', '0.001982557', '0.025407987', '0.003380079', '0.001191737', '0.030357299', '0.010478212', '0.012509595', '0.025550954', '0.003658974', '0.008421029', '0.011729373', '0.002781219', '0.020193912', '0.001343094', '0.008735131', '0.023253260', '0.003475768', '0.008507133', '0.002783887'], ['0.011624263', '0.011795366', '0.009461430', '0.015381332', '0.006204360', '0.017609421', '0.002997145', '0.011806183', '0.018874414', '0.008076937', '0.012573187', '0.012888116', '0.005462602', '0.008453013', '0.009470229', '0.012156337', '0.016457208', '0.012277015', '0.017282277', '0.012486557', '0.022816446', '0.009723858', '0.008554089', '0.000101231', '0.008512641', '0.003694195', '0.009579088', '0.012991000', '0.016329952', '0.000132281', '0.014242571', '0.013341351', '0.017508157', '0.016155718', '0.014129720', '0.010504450', '0.004017134', '0.016718242', '0.019876357', '0.003633678', '0.020973671', '0.001724376', '0.005076902', '0.005488721', '0.008704916', '0.014363715', '0.009103293', '0.008593868', '0.014830190', '0.017412195', '0.016799077', '0.010114480', '0.002452465', '0.002608592', '0.015139144', '0.008834401', '0.000101588', '0.009848402', '0.014712058', '0.005697392', '0.001000856', '0.016640441', '0.002186762', '0.003644973', '0.006642605', '0.005106068', '0.004709712', '0.019420380', '0.019766368', '0.000112976', '0.020231405', '0.025005104', '0.014668047', '0.005905006', '0.020450618', '0.006672337', '0.015923752', '0.001436227', '0.011990661', '0.004726818', '0.003327450', '0.017948760', '0.002009506', '0.002503379', '0.003548790', '0.001491153', '0.014663828', '0.006341770', '0.002204177', '0.013700635', '0.013411121', '0.008748065', '0.016040348', '0.001031220', '0.003753003', '0.007281213', '0.002144104', '0.003979343', '0.008434338', '0.012717670']]" "['0.025044706', '0.369497150', '0.256079465', '0.349378705']"
2 Uniform View1 0.293 0.346 0.802 0.179 0.334 0.000 nan 1120.0 1120.0 "['0.010000000', '0.010000000', '0.010000000', '0.010000000', '0.010000000', '0.010000000', '0.010000000', '0.010000000', '0.010000000', '0.010000000', '0.010000000', '0.010000000', '0.010000000', '0.010000000', '0.010000000', '0.010000000', '0.010000000', '0.010000000', '0.010000000', '0.010000000', '0.010000000', '0.010000000', '0.010000000', '0.010000000', '0.010000000', '0.010000000', '0.010000000', '0.010000000', '0.010000000', '0.010000000', '0.010000000', '0.010000000', '0.010000000', '0.010000000', '0.010000000', '0.010000000', '0.010000000', '0.010000000', '0.010000000', '0.010000000', '0.010000000', '0.010000000', '0.010000000', '0.010000000', '0.010000000', '0.010000000', '0.010000000', '0.010000000', '0.010000000', '0.010000000', '0.010000000', '0.010000000', '0.010000000', '0.010000000', '0.010000000', '0.010000000', '0.010000000', '0.010000000', '0.010000000', '0.010000000', '0.010000000', '0.010000000', '0.010000000', '0.010000000', '0.010000000', '0.010000000', '0.010000000', '0.010000000', '0.010000000', '0.010000000', '0.010000000', '0.010000000', '0.010000000', '0.010000000', '0.010000000', '0.010000000', '0.010000000', '0.010000000', '0.010000000', '0.010000000', '0.010000000', '0.010000000', '0.010000000', '0.010000000', '0.010000000', '0.010000000', '0.010000000', '0.010000000', '0.010000000', '0.010000000', '0.010000000', '0.010000000', '0.010000000', '0.010000000', '0.010000000', '0.010000000', '0.010000000', '0.010000000', '0.010000000', '0.010000000']" 
2 Uniform View2 0.123 0.161 0.411 0.067 0.188 0.000 nan 1120.0 1120.0 "['0.010000000', '0.010000000', '0.010000000', '0.010000000', '0.010000000', '0.010000000', '0.010000000', '0.010000000', '0.010000000', '0.010000000', '0.010000000', '0.010000000', '0.010000000', '0.010000000', '0.010000000', '0.010000000', '0.010000000', '0.010000000', '0.010000000', '0.010000000', '0.010000000', '0.010000000', '0.010000000', '0.010000000', '0.010000000', '0.010000000', '0.010000000', '0.010000000', '0.010000000', '0.010000000', '0.010000000', '0.010000000', '0.010000000', '0.010000000', '0.010000000', '0.010000000', '0.010000000', '0.010000000', '0.010000000', '0.010000000', '0.010000000', '0.010000000', '0.010000000', '0.010000000', '0.010000000', '0.010000000', '0.010000000', '0.010000000', '0.010000000', '0.010000000', '0.010000000', '0.010000000', '0.010000000', '0.010000000', '0.010000000', '0.010000000', '0.010000000', '0.010000000', '0.010000000', '0.010000000', '0.010000000', '0.010000000', '0.010000000', '0.010000000', '0.010000000', '0.010000000', '0.010000000', '0.010000000', '0.010000000', '0.010000000', '0.010000000', '0.010000000', '0.010000000', '0.010000000', '0.010000000', '0.010000000', '0.010000000', '0.010000000', '0.010000000', '0.010000000', '0.010000000', '0.010000000', '0.010000000', '0.010000000', '0.010000000', '0.010000000', '0.010000000', '0.010000000', '0.010000000', '0.010000000', '0.010000000', '0.010000000', '0.010000000', '0.010000000', '0.010000000', '0.010000000', '0.010000000', '0.010000000', '0.010000000', '0.010000000']" 
2 Uniform View3 0.174 0.193 0.481 0.096 0.194 0.000 nan 1120.0 1120.0 "['0.010000000', '0.010000000', '0.010000000', '0.010000000', '0.010000000', '0.010000000', '0.010000000', '0.010000000', '0.010000000', '0.010000000', '0.010000000', '0.010000000', '0.010000000', '0.010000000', '0.010000000', '0.010000000', '0.010000000', '0.010000000', '0.010000000', '0.010000000', '0.010000000', '0.010000000', '0.010000000', '0.010000000', '0.010000000', '0.010000000', '0.010000000', '0.010000000', '0.010000000', '0.010000000', '0.010000000', '0.010000000', '0.010000000', '0.010000000', '0.010000000', '0.010000000', '0.010000000', '0.010000000', '0.010000000', '0.010000000', '0.010000000', '0.010000000', '0.010000000', '0.010000000', '0.010000000', '0.010000000', '0.010000000', '0.010000000', '0.010000000', '0.010000000', '0.010000000', '0.010000000', '0.010000000', '0.010000000', '0.010000000', '0.010000000', '0.010000000', '0.010000000', '0.010000000', '0.010000000', '0.010000000', '0.010000000', '0.010000000', '0.010000000', '0.010000000', '0.010000000', '0.010000000', '0.010000000', '0.010000000', '0.010000000', '0.010000000', '0.010000000', '0.010000000', '0.010000000', '0.010000000', '0.010000000', '0.010000000', '0.010000000', '0.010000000', '0.010000000', '0.010000000', '0.010000000', '0.010000000', '0.010000000', '0.010000000', '0.010000000', '0.010000000', '0.010000000', '0.010000000', '0.010000000', '0.010000000', '0.010000000', '0.010000000', '0.010000000', '0.010000000', '0.010000000', '0.010000000', '0.010000000', '0.010000000', '0.010000000']" 
2 Uniform View4 0.113 0.166 0.422 0.062 0.208 0.000 nan 1120.0 1120.0 "['0.010000000', '0.010000000', '0.010000000', '0.010000000', '0.010000000', '0.010000000', '0.010000000', '0.010000000', '0.010000000', '0.010000000', '0.010000000', '0.010000000', '0.010000000', '0.010000000', '0.010000000', '0.010000000', '0.010000000', '0.010000000', '0.010000000', '0.010000000', '0.010000000', '0.010000000', '0.010000000', '0.010000000', '0.010000000', '0.010000000', '0.010000000', '0.010000000', '0.010000000', '0.010000000', '0.010000000', '0.010000000', '0.010000000', '0.010000000', '0.010000000', '0.010000000', '0.010000000', '0.010000000', '0.010000000', '0.010000000', '0.010000000', '0.010000000', '0.010000000', '0.010000000', '0.010000000', '0.010000000', '0.010000000', '0.010000000', '0.010000000', '0.010000000', '0.010000000', '0.010000000', '0.010000000', '0.010000000', '0.010000000', '0.010000000', '0.010000000', '0.010000000', '0.010000000', '0.010000000', '0.010000000', '0.010000000', '0.010000000', '0.010000000', '0.010000000', '0.010000000', '0.010000000', '0.010000000', '0.010000000', '0.010000000', '0.010000000', '0.010000000', '0.010000000', '0.010000000', '0.010000000', '0.010000000', '0.010000000', '0.010000000', '0.010000000', '0.010000000', '0.010000000', '0.010000000', '0.010000000', '0.010000000', '0.010000000', '0.010000000', '0.010000000', '0.010000000', '0.010000000', '0.010000000', '0.010000000', '0.010000000', '0.010000000', '0.010000000', '0.010000000', '0.010000000', '0.010000000', '0.010000000', '0.010000000', '0.010000000']" 
2 Uniform Concatenated 0.107 0.161 0.411 0.056 0.210 0.000 nan 1120.0 1120.0 "['0.010000000', '0.010000000', '0.010000000', '0.010000000', '0.010000000', '0.010000000', '0.010000000', '0.010000000', '0.010000000', '0.010000000', '0.010000000', '0.010000000', '0.010000000', '0.010000000', '0.010000000', '0.010000000', '0.010000000', '0.010000000', '0.010000000', '0.010000000', '0.010000000', '0.010000000', '0.010000000', '0.010000000', '0.010000000', '0.010000000', '0.010000000', '0.010000000', '0.010000000', '0.010000000', '0.010000000', '0.010000000', '0.010000000', '0.010000000', '0.010000000', '0.010000000', '0.010000000', '0.010000000', '0.010000000', '0.010000000', '0.010000000', '0.010000000', '0.010000000', '0.010000000', '0.010000000', '0.010000000', '0.010000000', '0.010000000', '0.010000000', '0.010000000', '0.010000000', '0.010000000', '0.010000000', '0.010000000', '0.010000000', '0.010000000', '0.010000000', '0.010000000', '0.010000000', '0.010000000', '0.010000000', '0.010000000', '0.010000000', '0.010000000', '0.010000000', '0.010000000', '0.010000000', '0.010000000', '0.010000000', '0.010000000', '0.010000000', '0.010000000', '0.010000000', '0.010000000', '0.010000000', '0.010000000', '0.010000000', '0.010000000', '0.010000000', '0.010000000', '0.010000000', '0.010000000', '0.010000000', '0.010000000', '0.010000000', '0.010000000', '0.010000000', '0.010000000', '0.010000000', '0.010000000', '0.010000000', '0.010000000', '0.010000000', '0.010000000', '0.010000000', '0.010000000', '0.010000000', '0.010000000', '0.010000000', '0.010000000']" 
2 Uniform Multiview 0.135 0.214 0.525 0.076 0.275 0.000 0.000 1120.0 1120.0 "[['0.010000000', '0.010000000', '0.010000000', '0.010000000', '0.010000000', '0.010000000', '0.010000000', '0.010000000', '0.010000000', '0.010000000', '0.010000000', '0.010000000', '0.010000000', '0.010000000', '0.010000000', '0.010000000', '0.010000000', '0.010000000', '0.010000000', '0.010000000', '0.010000000', '0.010000000', '0.010000000', '0.010000000', '0.010000000', '0.010000000', '0.010000000', '0.010000000', '0.010000000', '0.010000000', '0.010000000', '0.010000000', '0.010000000', '0.010000000', '0.010000000', '0.010000000', '0.010000000', '0.010000000', '0.010000000', '0.010000000', '0.010000000', '0.010000000', '0.010000000', '0.010000000', '0.010000000', '0.010000000', '0.010000000', '0.010000000', '0.010000000', '0.010000000', '0.010000000', '0.010000000', '0.010000000', '0.010000000', '0.010000000', '0.010000000', '0.010000000', '0.010000000', '0.010000000', '0.010000000', '0.010000000', '0.010000000', '0.010000000', '0.010000000', '0.010000000', '0.010000000', '0.010000000', '0.010000000', '0.010000000', '0.010000000', '0.010000000', '0.010000000', '0.010000000', '0.010000000', '0.010000000', '0.010000000', '0.010000000', '0.010000000', '0.010000000', '0.010000000', '0.010000000', '0.010000000', '0.010000000', '0.010000000', '0.010000000', '0.010000000', '0.010000000', '0.010000000', '0.010000000', '0.010000000', '0.010000000', '0.010000000', '0.010000000', '0.010000000', '0.010000000', '0.010000000', '0.010000000', '0.010000000', '0.010000000', '0.010000000'], ['0.010000000', '0.010000000', '0.010000000', '0.010000000', '0.010000000', '0.010000000', '0.010000000', '0.010000000', '0.010000000', '0.010000000', '0.010000000', '0.010000000', '0.010000000', '0.010000000', '0.010000000', '0.010000000', '0.010000000', '0.010000000', '0.010000000', '0.010000000', '0.010000000', '0.010000000', '0.010000000', '0.010000000', '0.010000000', '0.010000000', '0.010000000', '0.010000000', '0.010000000', '0.010000000', '0.010000000', '0.010000000', '0.010000000', '0.010000000', '0.010000000', '0.010000000', '0.010000000', '0.010000000', '0.010000000', '0.010000000', '0.010000000', '0.010000000', '0.010000000', '0.010000000', '0.010000000', '0.010000000', '0.010000000', '0.010000000', '0.010000000', '0.010000000', '0.010000000', '0.010000000', '0.010000000', '0.010000000', '0.010000000', '0.010000000', '0.010000000', '0.010000000', '0.010000000', '0.010000000', '0.010000000', '0.010000000', '0.010000000', '0.010000000', '0.010000000', '0.010000000', '0.010000000', '0.010000000', '0.010000000', '0.010000000', '0.010000000', '0.010000000', '0.010000000', '0.010000000', '0.010000000', '0.010000000', '0.010000000', '0.010000000', '0.010000000', '0.010000000', '0.010000000', '0.010000000', '0.010000000', '0.010000000', '0.010000000', '0.010000000', '0.010000000', '0.010000000', '0.010000000', '0.010000000', '0.010000000', '0.010000000', '0.010000000', '0.010000000', '0.010000000', '0.010000000', '0.010000000', '0.010000000', '0.010000000', '0.010000000'], ['0.010000000', '0.010000000', '0.010000000', '0.010000000', '0.010000000', '0.010000000', '0.010000000', '0.010000000', '0.010000000', '0.010000000', '0.010000000', '0.010000000', '0.010000000', '0.010000000', '0.010000000', '0.010000000', '0.010000000', '0.010000000', '0.010000000', '0.010000000', '0.010000000', '0.010000000', '0.010000000', '0.010000000', '0.010000000', '0.010000000', '0.010000000', '0.010000000', '0.010000000', '0.010000000', '0.010000000', '0.010000000', '0.010000000', '0.010000000', '0.010000000', '0.010000000', '0.010000000', '0.010000000', '0.010000000', '0.010000000', '0.010000000', '0.010000000', '0.010000000', '0.010000000', '0.010000000', '0.010000000', '0.010000000', '0.010000000', '0.010000000', '0.010000000', '0.010000000', '0.010000000', '0.010000000', '0.010000000', '0.010000000', '0.010000000', '0.010000000', '0.010000000', '0.010000000', '0.010000000', '0.010000000', '0.010000000', '0.010000000', '0.010000000', '0.010000000', '0.010000000', '0.010000000', '0.010000000', '0.010000000', '0.010000000', '0.010000000', '0.010000000', '0.010000000', '0.010000000', '0.010000000', '0.010000000', '0.010000000', '0.010000000', '0.010000000', '0.010000000', '0.010000000', '0.010000000', '0.010000000', '0.010000000', '0.010000000', '0.010000000', '0.010000000', '0.010000000', '0.010000000', '0.010000000', '0.010000000', '0.010000000', '0.010000000', '0.010000000', '0.010000000', '0.010000000', '0.010000000', '0.010000000', '0.010000000', '0.010000000'], ['0.010000000', '0.010000000', '0.010000000', '0.010000000', '0.010000000', '0.010000000', '0.010000000', '0.010000000', '0.010000000', '0.010000000', '0.010000000', '0.010000000', '0.010000000', '0.010000000', '0.010000000', '0.010000000', '0.010000000', '0.010000000', '0.010000000', '0.010000000', '0.010000000', '0.010000000', '0.010000000', '0.010000000', '0.010000000', '0.010000000', '0.010000000', '0.010000000', '0.010000000', '0.010000000', '0.010000000', '0.010000000', '0.010000000', '0.010000000', '0.010000000', '0.010000000', '0.010000000', '0.010000000', '0.010000000', '0.010000000', '0.010000000', '0.010000000', '0.010000000', '0.010000000', '0.010000000', '0.010000000', '0.010000000', '0.010000000', '0.010000000', '0.010000000', '0.010000000', '0.010000000', '0.010000000', '0.010000000', '0.010000000', '0.010000000', '0.010000000', '0.010000000', '0.010000000', '0.010000000', '0.010000000', '0.010000000', '0.010000000', '0.010000000', '0.010000000', '0.010000000', '0.010000000', '0.010000000', '0.010000000', '0.010000000', '0.010000000', '0.010000000', '0.010000000', '0.010000000', '0.010000000', '0.010000000', '0.010000000', '0.010000000', '0.010000000', '0.010000000', '0.010000000', '0.010000000', '0.010000000', '0.010000000', '0.010000000', '0.010000000', '0.010000000', '0.010000000', '0.010000000', '0.010000000', '0.010000000', '0.010000000', '0.010000000', '0.010000000', '0.010000000', '0.010000000', '0.010000000', '0.010000000', '0.010000000', '0.010000000']]" "['0.250000000', '0.250000000', '0.250000000', '0.250000000']"
2 PBkl View1 0.299 0.304 0.720 0.176 0.257 0.544 nan 1120.0 1120.0 "['0.002052380', '0.002069261', '0.007202227', '0.014079984', '0.002048533', '0.002063373', '0.002050076', '0.023613987', '0.002061219', '0.002065730', '0.021181667', '0.022283563', '0.023613987', '0.013035671', '0.002054696', '0.008602355', '0.023013676', '0.002061219', '0.002046759', '0.002059258', '0.021181667', '0.006547576', '0.002064961', '0.023502804', '0.002068874', '0.003073214', '0.023267584', '0.016766855', '0.002054696', '0.023502804', '0.021181667', '0.002052753', '0.002057814', '0.002045376', '0.026419759', '0.002046759', '0.021181667', '0.007202227', '0.002047936', '0.003073214', '0.026392365', '0.003073214', '0.023502804', '0.002065730', '0.026392365', '0.002058977', '0.005949799', '0.026364474', '0.002359227', '0.002048533', '0.002059258', '0.002063373', '0.007202227', '0.023924200', '0.006547576', '0.002055588', '0.002065730', '0.023013676', '0.009994406', '0.002061336', '0.007202227', '0.022283563', '0.002047089', '0.002056250', '0.019473953', '0.013035671', '0.023613987', '0.023502804', '0.023613987', '0.013035671', '0.003073214', '0.018564953', '0.007202227', '0.003073214', '0.002057599', '0.009994406', '0.006547576', '0.002055919', '0.023613987', '0.002057203', '0.002061578', '0.026364474', '0.026419759', '0.002067768', '0.002066029', '0.013568369', '0.020746222', '0.002052380', '0.002056250', '0.002048533', '0.002057203', '0.002058977', '0.017156685', '0.002055588', '0.020746222', '0.026364474', '0.002046407', '0.002054696', '0.002058113', '0.002050076']" 
2 PBkl View2 0.146 0.137 0.366 0.084 0.106 1.221 nan 1120.0 1120.0 "['0.045682359', '0.042691860', '0.042691860', '0.045682359', '0.000884799', '0.030134048', '0.001969929', '0.000945763', '0.000870023', '0.000870089', '0.027146352', '0.027146352', '0.000945763', '0.000870089', '0.000875354', '0.039588064', '0.000884137', '0.003918254', '0.001017840', '0.001388108', '0.008920033', '0.001736375', '0.001264267', '0.000906712', '0.015054091', '0.042691860', '0.003918254', '0.045682359', '0.011631578', '0.019274408', '0.000873759', '0.000885259', '0.000871354', '0.045682359', '0.000875082', '0.001736375', '0.000922828', '0.000870167', '0.000887460', '0.000878504', '0.000870089', '0.001095509', '0.000870997', '0.000871733', '0.000895411', '0.000887460', '0.017060833', '0.042691860', '0.000945763', '0.019274408', '0.039588064', '0.007795763', '0.001044180', '0.000874964', '0.033244677', '0.001017840', '0.000977637', '0.030134048', '0.001017840', '0.000879409', '0.000872531', '0.002578388', '0.004503785', '0.036418341', '0.013247616', '0.000870089', '0.000870380', '0.000870089', '0.000922828', '0.000877877', '0.019274408', '0.000877877', '0.042691860', '0.000873759', '0.015054091', '0.001017840', '0.001736375', '0.000871354', '0.001017840', '0.000887177', '0.000870672', '0.000876836', '0.017060833', '0.001736375', '0.033244677', '0.001017840', '0.001736375', '0.013247616', '0.000887460', '0.001017840', '0.000877862', '0.010193707', '0.039588064', '0.000872531', '0.000877528', '0.000871801', '0.000922828', '0.000871733', '0.001543954', '0.001543954']" 
2 PBkl View3 0.171 0.175 0.443 0.102 0.146 0.241 nan 1120.0 1120.0 "['0.015869195', '0.003407130', '0.003293884', '0.004638464', '0.015771328', '0.015869195', '0.003388732', '0.015981721', '0.015680701', '0.003384569', '0.003428240', '0.003400098', '0.012962713', '0.003401409', '0.003382284', '0.015771328', '0.003429458', '0.013690080', '0.015929703', '0.003421449', '0.015947884', '0.003382284', '0.015910579', '0.015965190', '0.015947884', '0.015846770', '0.015680701', '0.003388732', '0.003313874', '0.003382284', '0.003424625', '0.003384569', '0.003364736', '0.012962713', '0.012962713', '0.015797954', '0.013690080', '0.015997469', '0.003410014', '0.012962713', '0.015929703', '0.013958609', '0.003377246', '0.015609425', '0.015743004', '0.015981721', '0.003371455', '0.003418147', '0.003427589', '0.015823059', '0.015869195', '0.015846770', '0.003395743', '0.003181078', '0.003384569', '0.015869195', '0.003430297', '0.003267558', '0.003379850', '0.015846770', '0.003412569', '0.015869195', '0.003412569', '0.015997469', '0.003900440', '0.003407130', '0.010936419', '0.012962713', '0.003329519', '0.003352372', '0.003434557', '0.014374659', '0.015947884', '0.015609425', '0.003382284', '0.003377246', '0.015947884', '0.015947884', '0.015997469', '0.015846770', '0.014538822', '0.003208592', '0.015981721', '0.012962713', '0.003374451', '0.015823059', '0.015823059', '0.015965190', '0.015997469', '0.003414116', '0.015481034', '0.013364566', '0.015869195', '0.003420938', '0.013958609', '0.015890429', '0.012962713', '0.003418741', '0.015743004', '0.003418741']" 
2 PBkl View4 0.170 0.133 0.360 0.101 0.065 1.603 nan 1120.0 1120.0 "['0.003657845', '0.101050705', '0.000741538', '0.006615390', '0.004898709', '0.000671901', '0.000668978', '0.000668449', '0.001014050', '0.000685058', '0.001107156', '0.022366235', '0.019297656', '0.016599989', '0.097373158', '0.000668449', '0.000675611', '0.097373158', '0.000933759', '0.000864955', '0.000667009', '0.000679554', '0.006615390', '0.101050705', '0.095105208', '0.000667930', '0.000674478', '0.001879083', '0.000667054', '0.000675611', '0.001215781', '0.000675611', '0.000670736', '0.000692797', '0.000668713', '0.000778377', '0.000670736', '0.101050705', '0.000667679', '0.010475473', '0.001343181', '0.000666763', '0.002126382', '0.000675611', '0.001107156', '0.000670736', '0.003174572', '0.000673111', '0.001493128', '0.022366235', '0.022366235', '0.010475473', '0.089385711', '0.000667213', '0.000809491', '0.000667679', '0.000675611', '0.002126382', '0.000672528', '0.001493128', '0.000670736', '0.004898709', '0.006615390', '0.007704128', '0.000667528', '0.000668449', '0.001879083', '0.001493128', '0.000667930', '0.001107156', '0.000672727', '0.016599989', '0.000675611', '0.000692797', '0.000675611', '0.001107156', '0.000666763', '0.000670269', '0.000669503', '0.010475473', '0.000667528', '0.000685058', '0.000666829', '0.000933759', '0.002765269', '0.000685058', '0.000741538', '0.002419034', '0.000864955', '0.001343181', '0.005687966', '0.000666829', '0.000666609', '0.010475473', '0.019297656', '0.000667930', '0.001493128', '0.000677640', '0.004898709', '0.016599989']" 
2 PBkl Concatenated 0.130 0.135 0.363 0.070 0.131 1.517 nan 1120.0 1120.0 "['0.001505216', '0.005911362', '0.043673113', '0.000651428', '0.000652308', '0.000650816', '0.002162614', '0.000687689', '0.000706653', '0.048449531', '0.000649013', '0.030204674', '0.043673113', '0.000648254', '0.000852475', '0.002162614', '0.000730322', '0.003223851', '0.001191728', '0.034489673', '0.000659082', '0.000649887', '0.004319713', '0.000649290', '0.000648254', '0.048449531', '0.000655797', '0.000674617', '0.019202949', '0.000730322', '0.000736519', '0.000661251', '0.002807805', '0.057754513', '0.080335729', '0.000648233', '0.000780497', '0.053202037', '0.048449531', '0.000947207', '0.000730322', '0.000655826', '0.000655027', '0.043673113', '0.013748670', '0.000656542', '0.057754513', '0.000730322', '0.005040642', '0.000687689', '0.000660723', '0.080335729', '0.000730322', '0.000947207', '0.000653035', '0.000650506', '0.000648233', '0.001339143', '0.000657333', '0.001339143', '0.003223851', '0.009760328', '0.019202949', '0.043673113', '0.002458225', '0.001339143', '0.000780497', '0.000653131', '0.000780497', '0.000653646', '0.000736519', '0.000649013', '0.000649097', '0.000649013', '0.000780497', '0.001339143', '0.000650195', '0.030204674', '0.000648233', '0.011585752', '0.000648334', '0.000674617', '0.000649097', '0.003721625', '0.003721625', '0.013748670', '0.000653035', '0.000852475', '0.000665806', '0.000650506', '0.009760328', '0.000648233', '0.000665806', '0.000649097', '0.009760328', '0.000947207', '0.008233308', '0.000649909', '0.053202037', '0.000947207']" 
2 PBkl Multiview 0.129 0.158 0.409 0.065 0.198 0.531 0.267 1120.0 1120.0 "[['0.002709589', '0.002802740', '0.012602360', '0.016815299', '0.002672520', '0.002776332', '0.002689225', '0.019741766', '0.002407699', '0.002382294', '0.019098563', '0.019389929', '0.019741766', '0.016354959', '0.002451662', '0.013786430', '0.019582488', '0.002407699', '0.002646749', '0.002754932', '0.019098563', '0.011897985', '0.002783861', '0.019712159', '0.002801125', '0.003425511', '0.019649679', '0.017814621', '0.002451662', '0.019712159', '0.019098563', '0.002712544', '0.002746633', '0.002605373', '0.020529110', '0.002646749', '0.019098563', '0.012602360', '0.002519131', '0.003425511', '0.020520877', '0.003425511', '0.019712159', '0.002382294', '0.020520877', '0.002753363', '0.011108776', '0.020512456', '0.001985908', '0.002672520', '0.002754932', '0.002776332', '0.012602360', '0.019824803', '0.011897985', '0.002732773', '0.002382294', '0.019582488', '0.014725831', '0.002766108', '0.012602360', '0.019389929', '0.002652424', '0.002737042', '0.018633502', '0.016354959', '0.019741766', '0.019712159', '0.019741766', '0.016354959', '0.003425511', '0.018373074', '0.012602360', '0.003425511', '0.002430725', '0.014725831', '0.011897985', '0.002734942', '0.019741766', '0.002742970', '0.002767353', '0.020512456', '0.020529110', '0.002796409', '0.002788754', '0.016595449', '0.018982116', '0.002709589', '0.002737042', '0.002672520', '0.002742970', '0.002753363', '0.017941667', '0.002732773', '0.018982116', '0.020512456', '0.002545477', '0.002451662', '0.002748387', '0.002689225'], ['0.001728628', '0.001947549', '0.019773196', '0.001653349', '0.018223301', '0.019386530', '0.012600184', '0.001958445', '0.020331012', '0.018223301', '0.001782769', '0.001559729', '0.018580664', '0.001540934', '0.001951427', '0.020538174', '0.001991878', '0.019591432', '0.019386530', '0.010932816', '0.001938924', '0.001967453', '0.008999937', '0.001804092', '0.001559729', '0.002026014', '0.001728628', '0.020331012', '0.001757888', '0.001983415', '0.020080857', '0.020538174', '0.001728628', '0.015079747', '0.013971292', '0.020080857', '0.002004308', '0.012600184', '0.001910438', '0.001955050', '0.001865093', '0.020331012', '0.001938924', '0.001865093', '0.018223301', '0.018223301', '0.020331012', '0.001728628', '0.020331012', '0.001757888', '0.001559729', '0.017304232', '0.020212134', '0.019935373', '0.020538174', '0.020538174', '0.019153828', '0.001967453', '0.001958445', '0.020439280', '0.020439280', '0.015975440', '0.017803341', '0.001938924', '0.001804092', '0.020331012', '0.020538174', '0.001865093', '0.001938924', '0.001977284', '0.006963748', '0.015079747', '0.019773196', '0.020331012', '0.001947549', '0.001967453', '0.001804092', '0.020439280', '0.001886093', '0.020538174', '0.001928908', '0.001975022', '0.001838555', '0.001782769', '0.001947549', '0.020439280', '0.001804092', '0.001653349', '0.019773196', '0.002008572', '0.018223301', '0.001653349', '0.019386530', '0.020212134', '0.001540934', '0.020538174', '0.001970119', '0.001934109', '0.019153828', '0.006963748'], ['0.004479152', '0.010454220', '0.001818566', '0.019214060', '0.001522195', '0.019727515', '0.019119978', '0.004479152', '0.019727515', '0.001780510', '0.001997454', '0.019666696', '0.005541522', '0.001967191', '0.010454220', '0.019534007', '0.019534007', '0.002005732', '0.019384284', '0.019214060', '0.019019002', '0.001913770', '0.004479152', '0.001708588', '0.001895014', '0.001807026', '0.019666696', '0.004479152', '0.019214060', '0.018529899', '0.001979147', '0.018666966', '0.001976450', '0.019666696', '0.018910460', '0.002005732', '0.003598012', '0.019534007', '0.017845180', '0.001794391', '0.019019002', '0.001943732', '0.004479152', '0.001943732', '0.001807026', '0.001925304', '0.001959819', '0.019461483', '0.001567916', '0.001941012', '0.005541522', '0.001807026', '0.019727515', '0.014036079', '0.019019002', '0.008015281', '0.001990427', '0.003598012', '0.017845180', '0.004479152', '0.018910460', '0.001748272', '0.019534007', '0.001957794', '0.001818566', '0.002009122', '0.001988424', '0.019534007', '0.019534007', '0.019727515', '0.018910460', '0.005541522', '0.018910460', '0.001870909', '0.019214060', '0.001932051', '0.001932051', '0.018529899', '0.019602288', '0.019384284', '0.019666696', '0.001685322', '0.002019033', '0.001818566', '0.001972059', '0.001729485', '0.001921662', '0.002016435', '0.019461483', '0.019534007', '0.019602288', '0.016125074', '0.019019002', '0.001963641', '0.019602288', '0.005541522', '0.004479152', '0.001829138', '0.015219163', '0.019785022'], ['0.002033605', '0.022983674', '0.021513583', '0.014958895', '0.002240919', '0.021178888', '0.024450798', '0.002100365', '0.006850537', '0.002033605', '0.002261297', '0.002033605', '0.002100365', '0.002033605', '0.002158178', '0.017488524', '0.002165049', '0.002086650', '0.022983674', '0.002133511', '0.002010508', '0.004999223', '0.002244371', '0.001768488', '0.022491565', '0.001822014', '0.001822014', '0.002033605', '0.001822014', '0.002010508', '0.002033605', '0.023240445', '0.002242684', '0.002208270', '0.002192351', '0.024484493', '0.002100365', '0.002192351', '0.023240445', '0.002123595', '0.024415443', '0.024484493', '0.020340731', '0.013259199', '0.013259199', '0.021805491', '0.002643484', '0.013259199', '0.006850537', '0.022062104', '0.002142501', '0.024484493', '0.016353700', '0.021805491', '0.023117933', '0.013259199', '0.013259199', '0.023240445', '0.002100365', '0.006850537', '0.002211668', '0.002123595', '0.002112604', '0.022491565', '0.002196727', '0.002177217', '0.006850537', '0.021805491', '0.002150689', '0.001800198', '0.013259199', '0.013259199', '0.002192351', '0.001983691', '0.024484493', '0.001983691', '0.014958895', '0.002100365', '0.011250478', '0.022983674', '0.022289265', '0.002071190', '0.002133511', '0.014958895', '0.002214869', '0.002171375', '0.024053879', '0.002071190', '0.002053650', '0.020340731', '0.002268540', '0.018414434', '0.001800198', '0.002228486', '0.021513583', '0.024484493', '0.016353700', '0.024160095', '0.002165049', '0.002010508']]" "['0.041704282', '0.345969617', '0.278792262', '0.333533823']"
2 PBkl_inv View1 0.272 0.267 0.651 0.171 0.194 1.728 nan 1120.0 1120.0 "['0.000532598', '0.000579723', '0.000918895', '0.001683951', '0.000518895', '0.000564100', '0.000524791', '0.019143559', '0.000463698', '0.000460762', '0.006386961', '0.009687819', '0.019143559', '0.001502483', '0.000469463', '0.001022328', '0.013696381', '0.000463698', '0.000510602', '0.000552876', '0.006386961', '0.000871582', '0.000568333', '0.017929645', '0.000578705', '0.000547216', '0.015690662', '0.002401652', '0.000469463', '0.017929645', '0.006386961', '0.000533793', '0.000548831', '0.000499051', '0.093797103', '0.000510602', '0.006386961', '0.000918895', '0.000480344', '0.000547216', '0.093248829', '0.000547216', '0.017929645', '0.000460762', '0.093248829', '0.000552099', '0.000826941', '0.092671566', '0.000443909', '0.000518895', '0.000552876', '0.000564100', '0.000918895', '0.023163840', '0.000871582', '0.000542423', '0.000460762', '0.013696381', '0.001138948', '0.000558589', '0.000918895', '0.009687819', '0.000512350', '0.000544352', '0.003985378', '0.001502483', '0.019143559', '0.017929645', '0.019143559', '0.001502483', '0.000547216', '0.003281268', '0.000918895', '0.000547216', '0.000466602', '0.001138948', '0.000871582', '0.000543398', '0.019143559', '0.000547095', '0.000559245', '0.092671566', '0.093797103', '0.000575780', '0.000571181', '0.001590230', '0.005569579', '0.000532598', '0.000544352', '0.000518895', '0.000547095', '0.000552099', '0.002553234', '0.000542423', '0.005569579', '0.092671566', '0.000485406', '0.000469463', '0.000549673', '0.000524791']" 
2 PBkl_inv View2 0.148 0.136 0.365 0.087 0.098 1.593 nan 1120.0 1120.0 "['0.053216480', '0.049016200', '0.049016200', '0.053216480', '0.000529298', '0.030324973', '0.001199092', '0.000565785', '0.000523457', '0.000523890', '0.026089620', '0.026089620', '0.000565785', '0.000523890', '0.000524848', '0.044430800', '0.000528961', '0.002194314', '0.000601721', '0.000882275', '0.005443607', '0.001077693', '0.000804123', '0.000545891', '0.011020873', '0.049016200', '0.002194314', '0.053216480', '0.007696937', '0.015782241', '0.000524218', '0.000529533', '0.000523451', '0.053216480', '0.000527906', '0.001077693', '0.000554234', '0.000523361', '0.000535406', '0.000526229', '0.000523890', '0.000680456', '0.000523378', '0.000523546', '0.000539836', '0.000535406', '0.013201024', '0.049016200', '0.000565785', '0.015782241', '0.044430800', '0.004611125', '0.000638123', '0.000524689', '0.034877535', '0.000601721', '0.000581583', '0.030324973', '0.000601721', '0.000526649', '0.000523786', '0.001504601', '0.002515713', '0.039640822', '0.009201722', '0.000523890', '0.000524274', '0.000523890', '0.000554234', '0.000529713', '0.015782241', '0.000529713', '0.049016200', '0.000524218', '0.011020873', '0.000601721', '0.001077693', '0.000523451', '0.000601721', '0.000530529', '0.000523333', '0.000525480', '0.013201024', '0.001077693', '0.034877535', '0.000601721', '0.001077693', '0.009201722', '0.000535406', '0.000601721', '0.000525936', '0.006459062', '0.044430800', '0.000523786', '0.000525787', '0.000525555', '0.000554234', '0.000523546', '0.000972874', '0.000972874']" 
2 PBkl_inv View3 0.178 0.159 0.417 0.114 0.091 1.416 nan 1120.0 1120.0 "['0.021437515', '0.000451584', '0.000442570', '0.000539798', '0.013125013', '0.021437515', '0.000447528', '0.037343565', '0.008815274', '0.000446809', '0.000458398', '0.000449853', '0.000849484', '0.000450158', '0.000446441', '0.013125013', '0.000458876', '0.000990186', '0.029306190', '0.000455912', '0.032050997', '0.000446441', '0.026583834', '0.034749705', '0.032050997', '0.019088069', '0.008815274', '0.000447528', '0.000442143', '0.000446441', '0.000457037', '0.000446809', '0.000444209', '0.000849484', '0.000849484', '0.014925451', '0.000990186', '0.039790370', '0.000452365', '0.000849484', '0.029306190', '0.001073146', '0.000445697', '0.006747729', '0.011511417', '0.037343565', '0.000444948', '0.000454808', '0.000458146', '0.016914263', '0.021437515', '0.019088069', '0.000448897', '0.000451769', '0.000446809', '0.021437515', '0.000459212', '0.000443849', '0.000446071', '0.019088069', '0.000453093', '0.021437515', '0.000453093', '0.039790370', '0.000520174', '0.000451584', '0.000687766', '0.000849484', '0.000442225', '0.000443181', '0.000460995', '0.001270662', '0.032050997', '0.006747729', '0.000446441', '0.000445697', '0.032050997', '0.032050997', '0.039790370', '0.019088069', '0.001388526', '0.000448767', '0.037343565', '0.000849484', '0.000445322', '0.016914263', '0.016914263', '0.034749705', '0.039790370', '0.000453552', '0.004569820', '0.000915994', '0.021437515', '0.000455737', '0.001073146', '0.023945885', '0.000849484', '0.000455001', '0.011511417', '0.000455001']" 
2 PBkl_inv View4 0.170 0.133 0.360 0.101 0.064 1.661 nan 1120.0 1120.0 "['0.003633903', '0.100166731', '0.000614794', '0.006678943', '0.004899309', '0.000629165', '0.000622210', '0.000620704', '0.000917936', '0.000600222', '0.001018394', '0.023414841', '0.020170193', '0.017301457', '0.096856572', '0.000620704', '0.000600657', '0.096856572', '0.000832136', '0.000759832', '0.000615370', '0.000600171', '0.006678943', '0.100166731', '0.094820969', '0.000619070', '0.000634377', '0.001831382', '0.000607395', '0.000600657', '0.001135471', '0.000600657', '0.000602506', '0.000601116', '0.000621472', '0.000667641', '0.000602506', '0.100166731', '0.000618201', '0.010762198', '0.001271719', '0.000608638', '0.002084526', '0.000600657', '0.001018394', '0.000602506', '0.003145164', '0.000631679', '0.001430339', '0.023414841', '0.023414841', '0.010762198', '0.089689583', '0.000616352', '0.000699891', '0.000618201', '0.000600657', '0.002084526', '0.000630483', '0.001430339', '0.000602506', '0.004899309', '0.006678943', '0.007822038', '0.000606143', '0.000620704', '0.001831382', '0.001430339', '0.000619070', '0.001018394', '0.000630895', '0.017301457', '0.000600657', '0.000601116', '0.000600657', '0.001018394', '0.000608638', '0.000625491', '0.000623600', '0.010762198', '0.000606143', '0.000600222', '0.000614347', '0.000832136', '0.002731936', '0.000600222', '0.000614794', '0.002381834', '0.000759832', '0.001271719', '0.005713560', '0.000614347', '0.000609852', '0.010762198', '0.020170193', '0.000619070', '0.001430339', '0.000640224', '0.004899309', '0.017301457']" 
2 PBkl_inv Concatenated 0.132 0.135 0.363 0.070 0.129 1.621 nan 1120.0 1120.0 "['0.001305687', '0.005413838', '0.044530522', '0.000556977', '0.000557618', '0.000556554', '0.001896056', '0.000597209', '0.000614677', '0.049778830', '0.000555526', '0.029932050', '0.044530522', '0.000555538', '0.000775175', '0.001896056', '0.000636654', '0.002881611', '0.001043007', '0.034523554', '0.000563204', '0.000555967', '0.003910238', '0.000555647', '0.000555538', '0.049778830', '0.000565544', '0.000584763', '0.018457275', '0.000636654', '0.000667261', '0.000565137', '0.002493276', '0.059737045', '0.081434317', '0.000555756', '0.000712969', '0.054938048', '0.049778830', '0.000850387', '0.000636654', '0.000560413', '0.000559757', '0.044530522', '0.012988468', '0.000561012', '0.059737045', '0.000636654', '0.004590027', '0.000597209', '0.000564663', '0.081434317', '0.000636654', '0.000850387', '0.000562433', '0.000556350', '0.000555756', '0.001164180', '0.000561686', '0.001164180', '0.002881611', '0.009094600', '0.018457275', '0.044530522', '0.002168636', '0.001164180', '0.000712969', '0.000558245', '0.000712969', '0.000558646', '0.000667261', '0.000555526', '0.000557466', '0.000555526', '0.000712969', '0.001164180', '0.000556153', '0.029932050', '0.000555756', '0.010865937', '0.000556116', '0.000584763', '0.000557466', '0.003348018', '0.003348018', '0.012988468', '0.000562433', '0.000775175', '0.000576038', '0.000556350', '0.009094600', '0.000555756', '0.000576038', '0.000557466', '0.009094600', '0.000850387', '0.007626066', '0.000558606', '0.054938048', '0.000850387']" 
2 PBkl_inv Multiview 0.127 0.135 0.369 0.067 0.150 1.662 0.909 1120.0 1120.0 "[['0.001302833', '0.001405288', '0.002754148', '0.007252561', '0.001267189', '0.001374209', '0.001282929', '0.028228061', '0.001075367', '0.001061502', '0.020206304', '0.023514275', '0.028228061', '0.006200303', '0.001100936', '0.003325451', '0.025993900', '0.001075367', '0.001243913', '0.001350257', '0.020206304', '0.002507957', '0.001382896', '0.027800065', '0.001403337', '0.001191059', '0.026916282', '0.010822555', '0.001100936', '0.027800065', '0.020206304', '0.001305793', '0.001341246', '0.001208950', '0.041564561', '0.001243913', '0.020206304', '0.002754148', '0.001144493', '0.001191059', '0.041407775', '0.001191059', '0.027800065', '0.001061502', '0.041407775', '0.001348541', '0.002286355', '0.041248299', '0.000902408', '0.001267189', '0.001350257', '0.001374209', '0.002754148', '0.029457787', '0.002507957', '0.001326531', '0.001061502', '0.025993900', '0.004007803', '0.001362638', '0.002754148', '0.023514275', '0.001248938', '0.001331019', '0.015939623', '0.006200303', '0.028228061', '0.027800065', '0.028228061', '0.006200303', '0.001191059', '0.014022216', '0.002754148', '0.001191059', '0.001088495', '0.004007803', '0.002507957', '0.001328805', '0.028228061', '0.001337313', '0.001364037', '0.041248299', '0.041564561', '0.001397681', '0.001388615', '0.006715433', '0.019026861', '0.001302833', '0.001331019', '0.001267189', '0.001337313', '0.001348541', '0.011455431', '0.001326531', '0.019026861', '0.041248299', '0.001163058', '0.001100936', '0.001343137', '0.001282929'], ['0.000593398', '0.000455931', '0.011876794', '0.000652439', '0.003085486', '0.007153279', '0.001161689', '0.000450322', '0.033565998', '0.003085486', '0.000555156', '0.000747171', '0.003723900', '0.000808368', '0.000453919', '0.049832508', '0.000433945', '0.009160387', '0.007153279', '0.001054111', '0.000460466', '0.000445782', '0.000966513', '0.000540887', '0.000747171', '0.000418640', '0.000593398', '0.033565998', '0.000572358', '0.000437965', '0.020296849', '0.049832508', '0.000593398', '0.001454417', '0.001293282', '0.020296849', '0.000428198', '0.001161689', '0.000476006', '0.000452054', '0.000502385', '0.033565998', '0.000460466', '0.000502385', '0.003085486', '0.003085486', '0.033565998', '0.000593398', '0.033565998', '0.000572358', '0.000747171', '0.002204619', '0.026314564', '0.015521143', '0.049832508', '0.049832508', '0.005667785', '0.000445782', '0.000450322', '0.041813985', '0.041813985', '0.001652606', '0.002591545', '0.000460466', '0.000540887', '0.033565998', '0.049832508', '0.000502385', '0.000460466', '0.000440932', '0.000896082', '0.001454417', '0.011876794', '0.033565998', '0.000455931', '0.000445782', '0.000540887', '0.041813985', '0.000489923', '0.049832508', '0.000465835', '0.000442038', '0.000518715', '0.000555156', '0.000455931', '0.041813985', '0.000540887', '0.000652439', '0.011876794', '0.000757803', '0.003085486', '0.000652439', '0.007153279', '0.026314564', '0.000808368', '0.049832508', '0.000444456', '0.000463033', '0.005667785', '0.000896082'], ['0.000787589', '0.001225248', '0.000510778', '0.021499617', '0.000497281', '0.031519640', '0.019874329', '0.000787589', '0.031519640', '0.000505768', '0.000548111', '0.030274903', '0.000856896', '0.000539875', '0.001225248', '0.027586870', '0.027586870', '0.000550532', '0.024646606', '0.021499617', '0.018234503', '0.000527440', '0.000787589', '0.000498518', '0.000523640', '0.000509167', '0.030274903', '0.000787589', '0.021499617', '0.011929324', '0.000543019', '0.013424251', '0.000542297', '0.030274903', '0.016598849', '0.000550532', '0.000725107', '0.027586870', '0.006982134', '0.000507497', '0.018234503', '0.000534102', '0.000787589', '0.000534102', '0.000509167', '0.000529916', '0.000538006', '0.026146548', '0.000492659', '0.000533465', '0.000856896', '0.000509167', '0.031519640', '0.001845558', '0.018234503', '0.001019756', '0.000546116', '0.000725107', '0.006982134', '0.000787589', '0.016598849', '0.000502173', '0.027586870', '0.000537501', '0.000510778', '0.000551545', '0.000545556', '0.027586870', '0.027586870', '0.031519640', '0.016598849', '0.000856896', '0.016598849', '0.000519148', '0.021499617', '0.000531413', '0.000531413', '0.011929324', '0.028964115', '0.024646606', '0.030274903', '0.000496757', '0.000554579', '0.000510778', '0.000541138', '0.000500342', '0.000529123', '0.000553773', '0.026146548', '0.027586870', '0.028964115', '0.002999495', '0.018234503', '0.000538969', '0.028964115', '0.000856896', '0.000787589', '0.000512325', '0.002328626', '0.032698400'], ['0.000494588', '0.010230790', '0.003588259', '0.001153015', '0.000511427', '0.003126106', '0.098007597', '0.000496342', '0.000750242', '0.000494588', '0.000515392', '0.000494588', '0.000496342', '0.000494588', '0.000500344', '0.001455801', '0.000501004', '0.000495758', '0.010230790', '0.000498320', '0.000494575', '0.000681175', '0.000512061', '0.000509677', '0.006426783', '0.000503676', '0.000503676', '0.000494588', '0.000503676', '0.000494575', '0.000494588', '0.014049596', '0.000511748', '0.000506173', '0.000504050', '0.100321762', '0.000496342', '0.000504050', '0.014049596', '0.000497642', '0.095191322', '0.100321762', '0.002395196', '0.001030284', '0.001030284', '0.004131916', '0.000575398', '0.001030284', '0.000750242', '0.004773013', '0.000498999', '0.100321762', '0.001293914', '0.004131916', '0.011985234', '0.001030284', '0.001030284', '0.014049596', '0.000496342', '0.000750242', '0.000506662', '0.000497642', '0.000496980', '0.006426783', '0.000504607', '0.000502271', '0.000750242', '0.004131916', '0.000499676', '0.000529800', '0.001030284', '0.001030284', '0.000504050', '0.000494897', '0.100321762', '0.000494897', '0.001153015', '0.000496342', '0.000923429', '0.010230790', '0.005530511', '0.000495242', '0.000498320', '0.001153015', '0.000507135', '0.000501646', '0.055931028', '0.000495242', '0.000494834', '0.002395196', '0.000516942', '0.001642138', '0.000529800', '0.000509276', '0.003588259', '0.100321762', '0.001293914', '0.066659689', '0.000501004', '0.000494575']]" "['0.010241705', '0.526081324', '0.045721050', '0.417955905']"
2 TND_DIS View1 0.287 0.341 0.803 0.173 0.343 0.007 nan 1120.0 11201.0 "['0.009738662', '0.010103747', '0.010249178', '0.009855102', '0.009747281', '0.010107182', '0.008428468', '0.010878908', '0.008821842', '0.008837249', '0.010728508', '0.010976753', '0.010878908', '0.010142386', '0.008755628', '0.010450294', '0.010463215', '0.008821842', '0.009668845', '0.008134127', '0.010728508', '0.010259160', '0.010255325', '0.010841327', '0.007084939', '0.009577894', '0.010558350', '0.009856256', '0.008755628', '0.010661690', '0.010728508', '0.008582140', '0.008372352', '0.010466477', '0.012538974', '0.009668845', '0.010728508', '0.010249178', '0.008785120', '0.009577894', '0.012528461', '0.009577894', '0.010841327', '0.010400630', '0.012519563', '0.007894647', '0.010160475', '0.012495455', '0.010955056', '0.009747281', '0.007917882', '0.010107182', '0.010249178', '0.011273081', '0.010259160', '0.010765052', '0.008837249', '0.010463215', '0.011086968', '0.009460417', '0.010249178', '0.010976753', '0.008852426', '0.008563650', '0.010408677', '0.010142386', '0.011194400', '0.010841327', '0.010690873', '0.010142386', '0.009577894', '0.010319322', '0.010249178', '0.009577894', '0.008828581', '0.011086968', '0.010259160', '0.009628875', '0.010690873', '0.008072420', '0.008420441', '0.012452041', '0.012538974', '0.009429255', '0.010397558', '0.009910330', '0.010568779', '0.009738662', '0.009922896', '0.009747281', '0.008072420', '0.007894647', '0.009889188', '0.010765052', '0.010555108', '0.012452041', '0.010035133', '0.008755628', '0.008067582', '0.008428468']" 
2 TND_DIS View2 0.121 0.160 0.415 0.067 0.196 0.002 nan 1120.0 11201.0 "['0.010824713', '0.010809124', '0.010834895', '0.010824713', '0.008626640', '0.010856317', '0.010491184', '0.009953449', '0.009664920', '0.009637523', '0.010711392', '0.010731974', '0.009972904', '0.009637523', '0.009363079', '0.010816618', '0.008447888', '0.010212060', '0.009862443', '0.009998706', '0.010259801', '0.010048904', '0.010301668', '0.009775649', '0.010554838', '0.010797316', '0.010227293', '0.010841989', '0.010596937', '0.010649296', '0.009498878', '0.008412644', '0.009236258', '0.010824713', '0.009850225', '0.010048904', '0.009966440', '0.009607879', '0.009732466', '0.009013035', '0.009637523', '0.009888978', '0.009303887', '0.009577868', '0.009769633', '0.009935808', '0.010748524', '0.010804557', '0.010197788', '0.010424556', '0.010867901', '0.010203548', '0.009842225', '0.009237496', '0.010785026', '0.009862443', '0.009832768', '0.010718652', '0.009821861', '0.008760564', '0.009289527', '0.010144874', '0.010317969', '0.010760014', '0.010398516', '0.009748518', '0.009627220', '0.009766195', '0.009894346', '0.009769678', '0.010424556', '0.009769678', '0.010833574', '0.009427313', '0.010554838', '0.009821861', '0.010445891', '0.009463177', '0.009862443', '0.008420234', '0.009214868', '0.009039626', '0.010748524', '0.010445891', '0.010785026', '0.009821861', '0.010193911', '0.010398516', '0.009718552', '0.009821861', '0.009195757', '0.010287814', '0.010794084', '0.009520914', '0.009008557', '0.009650634', '0.009942611', '0.009586060', '0.010163601', '0.010176027']" 
2 TND_DIS View3 0.174 0.190 0.484 0.097 0.196 0.003 nan 1120.0 11201.0 "['0.010733875', '0.009111376', '0.009655368', '0.010041055', '0.010585017', '0.010815775', '0.009299325', '0.010891847', '0.010698511', '0.009455871', '0.008488277', '0.009102025', '0.010008906', '0.009156186', '0.009477995', '0.010575256', '0.008323418', '0.010140484', '0.010776960', '0.008837706', '0.010854950', '0.009293035', '0.010765621', '0.010889390', '0.010909208', '0.010767643', '0.010684589', '0.009363488', '0.009684340', '0.009507461', '0.008815642', '0.009519491', '0.009598724', '0.010008906', '0.010097909', '0.010692693', '0.010055095', '0.011030595', '0.009002694', '0.010046590', '0.010911368', '0.010131523', '0.009283384', '0.010634312', '0.010742687', '0.010894763', '0.009600760', '0.008702866', '0.008644291', '0.010794090', '0.010857816', '0.010767643', '0.009277292', '0.009834657', '0.009459449', '0.010839425', '0.008284306', '0.009680744', '0.009474725', '0.010889659', '0.008946646', '0.010857816', '0.009104214', '0.010853282', '0.010019723', '0.009008707', '0.010025469', '0.010113825', '0.009575902', '0.009664895', '0.008262427', '0.010177365', '0.010909208', '0.010634312', '0.009543644', '0.009283384', '0.010909208', '0.010914898', '0.010974289', '0.010668292', '0.010204911', '0.009836125', '0.010881996', '0.010008906', '0.009554622', '0.010638733', '0.010638733', '0.010960942', '0.011029312', '0.008985993', '0.010532605', '0.010023197', '0.010860356', '0.008949657', '0.010117322', '0.010705397', '0.010100884', '0.008703369', '0.010590477', '0.008759915']" 
2 TND_DIS View4 0.116 0.164 0.430 0.064 0.218 0.021 nan 1120.0 11201.0 "['0.012059044', '0.011880979', '0.006944466', '0.010039584', '0.009927643', '0.008939682', '0.007663859', '0.009133761', '0.009900988', '0.006894250', '0.009926521', '0.010823002', '0.010564721', '0.010352395', '0.011748427', '0.008587640', '0.007037452', '0.011811149', '0.009847084', '0.011575375', '0.011557422', '0.009520866', '0.010001477', '0.011886677', '0.011725871', '0.009039848', '0.005652209', '0.012293761', '0.010283552', '0.011572422', '0.010664948', '0.011572422', '0.011498351', '0.006877318', '0.006731407', '0.009748531', '0.011316805', '0.011880979', '0.006358390', '0.010749625', '0.012040688', '0.009640452', '0.012183614', '0.007037452', '0.009926521', '0.007053391', '0.009917467', '0.006683817', '0.009157075', '0.010584031', '0.010830823', '0.010749625', '0.011615654', '0.009716596', '0.012604847', '0.011817520', '0.007037452', '0.012183614', '0.007304448', '0.009157075', '0.007053391', '0.009927643', '0.012197445', '0.010710521', '0.011019607', '0.009133761', '0.012305284', '0.011423765', '0.009039848', '0.011060247', '0.006136959', '0.010352395', '0.012562699', '0.006877318', '0.011572422', '0.012191811', '0.010877075', '0.006827998', '0.006199818', '0.011953957', '0.010431984', '0.010921545', '0.011048230', '0.009822998', '0.011910054', '0.011472783', '0.006944466', '0.009446918', '0.012567570', '0.011697914', '0.011570955', '0.011434972', '0.010428384', '0.011953957', '0.010565641', '0.008142424', '0.010314896', '0.005704130', '0.009927643', '0.010435535']" 
2 TND_DIS Concatenated 0.110 0.159 0.415 0.058 0.219 0.010 nan 1120.0 11201.0 "['0.011325095', '0.011646521', '0.011567114', '0.009048989', '0.008945236', '0.009012769', '0.011277566', '0.010517756', '0.010736882', '0.011390511', '0.009088415', '0.011197703', '0.011502406', '0.008753379', '0.008557854', '0.011289914', '0.011444084', '0.008189752', '0.011233178', '0.010671620', '0.008705609', '0.008489775', '0.011463476', '0.009371056', '0.009274536', '0.010557641', '0.010807691', '0.008569174', '0.011547245', '0.010790019', '0.010695634', '0.006875534', '0.011470019', '0.011542792', '0.009804451', '0.008738326', '0.010730475', '0.011631199', '0.011390511', '0.008355602', '0.011356733', '0.010540224', '0.009557829', '0.011502406', '0.010620799', '0.010938146', '0.011152915', '0.008613228', '0.010790904', '0.011983953', '0.006322214', '0.009804451', '0.011366714', '0.011760347', '0.008602425', '0.009074768', '0.009127521', '0.011553141', '0.008333971', '0.011527774', '0.008189752', '0.011642735', '0.011497970', '0.011495539', '0.010175860', '0.011384879', '0.011862441', '0.008222364', '0.011545499', '0.009722196', '0.008222573', '0.008925273', '0.008837878', '0.008490292', '0.010556786', '0.008391225', '0.008498467', '0.011459952', '0.008738326', '0.010694209', '0.008897238', '0.008374361', '0.008782723', '0.011001647', '0.011077489', '0.010620799', '0.008720389', '0.008423736', '0.010997487', '0.008141604', '0.008061634', '0.008738326', '0.008280057', '0.008782723', '0.008112548', '0.011007157', '0.011500462', '0.008889464', '0.011177675', '0.009120242']" 
2 TND_DIS Multiview 0.144 0.197 0.506 0.076 0.262 0.145 0.010 1120.0 11201.0 "[['0.004441515', '0.004143264', '0.011575554', '0.012463248', '0.005516521', '0.004061220', '0.006354851', '0.016794465', '0.006996149', '0.010849153', '0.016482061', '0.014555968', '0.014648990', '0.007512577', '0.011780587', '0.005887940', '0.013879109', '0.010732472', '0.004017083', '0.006921450', '0.017426301', '0.014135780', '0.004259221', '0.011977997', '0.007109686', '0.013026211', '0.014753145', '0.011395395', '0.008677386', '0.018220106', '0.014888035', '0.002491520', '0.010134398', '0.004113090', '0.007386917', '0.004664625', '0.015488801', '0.009320224', '0.009839537', '0.012599412', '0.007640420', '0.012617734', '0.016569018', '0.008872285', '0.007980058', '0.009022007', '0.014030602', '0.007116597', '0.005801531', '0.007681214', '0.008782643', '0.004628782', '0.008786744', '0.011088263', '0.004615549', '0.004132302', '0.009858042', '0.018002246', '0.005974692', '0.003969339', '0.009688528', '0.011854705', '0.006672343', '0.008851203', '0.020517131', '0.005588832', '0.019445963', '0.024093522', '0.015255589', '0.005671158', '0.021050742', '0.014179978', '0.012596733', '0.013897670', '0.010453887', '0.006251313', '0.014478185', '0.004011807', '0.019671753', '0.004705207', '0.003344454', '0.031482242', '0.011743326', '0.004636033', '0.005776945', '0.013350085', '0.012991844', '0.008801123', '0.003255454', '0.001581170', '0.006955164', '0.007469432', '0.007781876', '0.005101929', '0.010375882', '0.007109174', '0.010160852', '0.011275876', '0.001632379', '0.007546412'], ['0.010614450', '0.004631669', '0.014283733', '0.001905581', '0.013788628', '0.005680935', '0.007582726', '0.004441909', '0.010634368', '0.017076055', '0.012619551', '0.004960935', '0.009141997', '0.010222771', '0.001859121', '0.012007924', '0.003966566', '0.015474836', '0.005628679', '0.008625204', '0.004512900', '0.008998823', '0.017223980', '0.008655868', '0.010289381', '0.003530642', '0.004431228', '0.012450464', '0.010156170', '0.004469803', '0.014484593', '0.022461697', '0.011961559', '0.012653270', '0.016631581', '0.012493107', '0.004129245', '0.011983514', '0.003380718', '0.003730682', '0.007293981', '0.014034124', '0.004464823', '0.008801560', '0.008848798', '0.011804108', '0.014837530', '0.006668177', '0.017792910', '0.010422474', '0.010106103', '0.013048808', '0.013605057', '0.005326647', '0.021917282', '0.021436704', '0.013885332', '0.007641623', '0.003594897', '0.017934630', '0.015990242', '0.009055400', '0.010246348', '0.006872677', '0.006392850', '0.024540314', '0.009791158', '0.004896836', '0.004249469', '0.004412037', '0.005403949', '0.013117169', '0.014566239', '0.017304575', '0.004408534', '0.004585508', '0.004988614', '0.016756717', '0.005673963', '0.010946792', '0.005004690', '0.004840889', '0.004962069', '0.007837865', '0.007673994', '0.013582516', '0.003574254', '0.011159670', '0.016928157', '0.013205104', '0.012547276', '0.007944484', '0.010953804', '0.017755644', '0.008180841', '0.011659673', '0.004175626', '0.004965743', '0.019051857', '0.012553987'], ['0.007054954', '0.017929276', '0.005232015', '0.014144215', '0.009397386', '0.017781321', '0.012530213', '0.005602951', '0.012487886', '0.004736958', '0.004245699', '0.015259780', '0.010720237', '0.005638327', '0.012850374', '0.013311986', '0.012824998', '0.003781149', '0.026619524', '0.013022938', '0.010603271', '0.003978746', '0.008121648', '0.008915265', '0.009607214', '0.005067954', '0.015242715', '0.007365768', '0.014656848', '0.008541027', '0.004211997', '0.008574046', '0.004315922', '0.018975735', '0.012569707', '0.005252346', '0.008929180', '0.013904288', '0.017333157', '0.009431042', '0.009952000', '0.004131366', '0.004823730', '0.008435987', '0.006475498', '0.008556616', '0.004152179', '0.023749497', '0.007513904', '0.007233455', '0.009639454', '0.006130691', '0.014501880', '0.011422218', '0.008816415', '0.007100594', '0.003948119', '0.005869152', '0.028341480', '0.004581166', '0.009481966', '0.009641086', '0.013131863', '0.006616931', '0.005260780', '0.004538123', '0.004025751', '0.006420603', '0.016698765', '0.018097671', '0.007591465', '0.005050546', '0.006984517', '0.001513701', '0.018725004', '0.011494188', '0.012057504', '0.012594999', '0.008974034', '0.021167526', '0.019261122', '0.002302688', '0.004383194', '0.005747386', '0.006938650', '0.006990897', '0.007511600', '0.003753110', '0.016641136', '0.014790139', '0.012588331', '0.014068339', '0.009375653', '0.004871295', '0.014668379', '0.008523357', '0.006890515', '0.004893130', '0.014265313', '0.015323265'], ['0.017547768', '0.014557807', '0.008000706', '0.013363423', '0.009900138', '0.016020369', '0.013944151', '0.015544364', '0.009391569', '0.005070717', '0.004476282', '0.005838668', '0.004495238', '0.006751181', '0.013364738', '0.009995910', '0.009554094', '0.010164567', '0.006271081', '0.011552595', '0.007730934', '0.012641966', '0.007791618', '0.010248495', '0.012555457', '0.019031974', '0.005818539', '0.007503442', '0.005729613', '0.010629137', '0.004542258', '0.007106968', '0.011221929', '0.005076154', '0.006602908', '0.026136750', '0.010072882', '0.002484883', '0.011685591', '0.013547989', '0.010070439', '0.008511612', '0.017268302', '0.011976297', '0.008129337', '0.007401269', '0.004748422', '0.007547723', '0.007484269', '0.015450477', '0.010024776', '0.012427217', '0.002258512', '0.014440340', '0.006096554', '0.006575649', '0.010805302', '0.006778041', '0.002988371', '0.015359402', '0.004294211', '0.007527099', '0.010501505', '0.016827583', '0.006785876', '0.005856039', '0.006160705', '0.005917513', '0.003355331', '0.015130281', '0.004897882', '0.005737901', '0.003898153', '0.004899090', '0.008356079', '0.019298093', '0.006041424', '0.007038679', '0.006380813', '0.006851140', '0.017598098', '0.003970441', '0.023346085', '0.028983027', '0.007650784', '0.003142095', '0.018944647', '0.014562931', '0.003866378', '0.014912846', '0.008264941', '0.011674682', '0.012183478', '0.013520052', '0.006712981', '0.008971219', '0.021694621', '0.025651840', '0.004614853', '0.003671486']]" "['0.209920228', '0.302958488', '0.262313724', '0.224807560']"
2 TND_DIS_inv View1 0.290 0.342 0.805 0.176 0.338 0.003 nan 1120.0 11201.0 "['0.009742185', '0.009231865', '0.009994188', '0.010067814', '0.009497921', '0.009395635', '0.009294990', '0.010548068', '0.009598027', '0.009597181', '0.010313561', '0.010466620', '0.010548068', '0.010587215', '0.009568091', '0.010570749', '0.010458619', '0.009598027', '0.009887156', '0.009053882', '0.010313561', '0.009976829', '0.009406094', '0.010521222', '0.008471365', '0.009803106', '0.010497179', '0.010143751', '0.009568091', '0.010539170', '0.010313561', '0.009262521', '0.009052531', '0.010166585', '0.011980013', '0.009887156', '0.010313561', '0.009994188', '0.009546243', '0.009803106', '0.011972989', '0.009803106', '0.010521222', '0.009691966', '0.011974485', '0.008980163', '0.009974807', '0.011953984', '0.010438322', '0.009497921', '0.008958284', '0.009395635', '0.009994188', '0.010588478', '0.009976829', '0.009882099', '0.009597181', '0.010458619', '0.010692972', '0.009248144', '0.009994188', '0.010466620', '0.009426852', '0.009155483', '0.010240827', '0.010587215', '0.010521562', '0.010521222', '0.010542058', '0.010587215', '0.009803106', '0.010198542', '0.009994188', '0.009803106', '0.009611405', '0.010692972', '0.009976829', '0.009554373', '0.010542058', '0.008963766', '0.009016850', '0.011949701', '0.011980013', '0.008976963', '0.009279760', '0.010068166', '0.010290083', '0.009742185', '0.009184801', '0.009497921', '0.008963766', '0.008980163', '0.010146100', '0.009882099', '0.010289803', '0.011949701', '0.009567113', '0.009568091', '0.009007005', '0.009294990']" 
2 TND_DIS_inv View2 0.121 0.160 0.415 0.067 0.196 0.002 nan 1120.0 11201.0 "['0.010826434', '0.010802701', '0.010836599', '0.010826434', '0.008565198', '0.010847673', '0.010504398', '0.009917417', '0.009675262', '0.009645073', '0.010717697', '0.010735459', '0.009937342', '0.009645073', '0.009348677', '0.010807083', '0.008471433', '0.010226213', '0.009851264', '0.009971778', '0.010267545', '0.010049935', '0.010306093', '0.009772872', '0.010569403', '0.010790472', '0.010236197', '0.010834644', '0.010611050', '0.010661194', '0.009484607', '0.008453986', '0.009274548', '0.010826434', '0.009845704', '0.010049935', '0.009930735', '0.009604867', '0.009731767', '0.008982775', '0.009645073', '0.009879028', '0.009319811', '0.009576641', '0.009767365', '0.009928697', '0.010747651', '0.010807632', '0.010215845', '0.010435740', '0.010859873', '0.010214456', '0.009830893', '0.009275614', '0.010777508', '0.009851264', '0.009822835', '0.010724178', '0.009813575', '0.008668039', '0.009309019', '0.010160847', '0.010315296', '0.010755331', '0.010405954', '0.009747677', '0.009624152', '0.009764921', '0.009887168', '0.009770049', '0.010435740', '0.009770049', '0.010835342', '0.009418683', '0.010569403', '0.009813575', '0.010457487', '0.009468549', '0.009851264', '0.008462609', '0.009255442', '0.009023137', '0.010747651', '0.010457487', '0.010777508', '0.009813575', '0.010215985', '0.010405954', '0.009718381', '0.009813575', '0.009239635', '0.010297217', '0.010786053', '0.009510558', '0.008978085', '0.009648412', '0.009905968', '0.009586167', '0.010189470', '0.010200946']" 
2 TND_DIS_inv View3 0.174 0.191 0.484 0.097 0.197 0.003 nan 1120.0 11201.0 "['0.010737405', '0.009238016', '0.009932068', '0.010030759', '0.010565215', '0.010740021', '0.009435670', '0.010831283', '0.010660095', '0.009425193', '0.008478488', '0.009204173', '0.010061515', '0.009214934', '0.009449193', '0.010572976', '0.008424227', '0.010099757', '0.010763412', '0.008920967', '0.010795593', '0.009436348', '0.010758831', '0.010826140', '0.010830786', '0.010775128', '0.010642428', '0.009491504', '0.009716189', '0.009436797', '0.008693537', '0.009434300', '0.009538445', '0.010061515', '0.010044933', '0.010693834', '0.010089348', '0.010908946', '0.009017794', '0.010101115', '0.010831441', '0.010086802', '0.009477125', '0.010582185', '0.010687586', '0.010837863', '0.009575533', '0.008662387', '0.008547019', '0.010756581', '0.010785719', '0.010775128', '0.009409053', '0.009793004', '0.009428140', '0.010771332', '0.008402497', '0.009716249', '0.009412830', '0.010811191', '0.009161136', '0.010785719', '0.009186205', '0.010791264', '0.010017086', '0.009078384', '0.010047079', '0.010066756', '0.009602405', '0.009940294', '0.008434983', '0.010096457', '0.010830786', '0.010582185', '0.009456218', '0.009477125', '0.010830786', '0.010851696', '0.010871009', '0.010627982', '0.010127146', '0.009836379', '0.010824396', '0.010061515', '0.009493226', '0.010599181', '0.010599181', '0.010881886', '0.010908084', '0.009171793', '0.010476196', '0.010057254', '0.010811790', '0.008885069', '0.010068365', '0.010673663', '0.010136505', '0.008712873', '0.010579968', '0.008931455']" 
2 TND_DIS_inv View4 0.113 0.165 0.431 0.062 0.224 0.002 nan 1120.0 11201.0 "['0.010033371', '0.011152542', '0.009981176', '0.010362848', '0.010395518', '0.009123114', '0.009245583', '0.009400572', '0.010323707', '0.009920686', '0.010363526', '0.010564902', '0.010500248', '0.010459414', '0.011090149', '0.009305012', '0.009937565', '0.011111737', '0.010271606', '0.009975325', '0.009585449', '0.009934627', '0.010359404', '0.011155406', '0.011070938', '0.009193882', '0.008630519', '0.010138113', '0.009673717', '0.009721410', '0.010085393', '0.009721410', '0.009856712', '0.009954795', '0.009625539', '0.010308833', '0.009662822', '0.011152542', '0.009515024', '0.010609980', '0.010009411', '0.009516556', '0.010141678', '0.009937565', '0.010363526', '0.009897561', '0.010411019', '0.008880083', '0.009991704', '0.010500419', '0.010567755', '0.010609980', '0.011024754', '0.009411165', '0.009891979', '0.009493557', '0.009937565', '0.010141678', '0.009021161', '0.009991704', '0.009897561', '0.010395518', '0.010078380', '0.010591796', '0.009775896', '0.009400572', '0.010132206', '0.009929288', '0.009193882', '0.010029970', '0.008952925', '0.010459414', '0.009824156', '0.009954795', '0.009721410', '0.010075952', '0.009647349', '0.009597898', '0.009247726', '0.010784261', '0.009874563', '0.009992179', '0.009643572', '0.010296347', '0.009942717', '0.009721314', '0.009981176', '0.010050574', '0.009921258', '0.009925141', '0.010654881', '0.009461242', '0.009716623', '0.010784261', '0.010476961', '0.009366454', '0.010107820', '0.008314220', '0.010395518', '0.010466302']" 
2 TND_DIS_inv Concatenated 0.108 0.160 0.416 0.056 0.223 0.002 nan 1120.0 11201.0 "['0.010262890', '0.010289799', '0.010865284', '0.009318252', '0.009297336', '0.009433048', '0.010352567', '0.009991916', '0.009888232', '0.010795323', '0.009550776', '0.010736261', '0.010845741', '0.009541666', '0.009986675', '0.010350086', '0.010070744', '0.009963325', '0.010197373', '0.010641976', '0.008500905', '0.009578386', '0.010367022', '0.009372343', '0.009723922', '0.010835203', '0.009859955', '0.009792697', '0.010641273', '0.010177091', '0.009902122', '0.008081708', '0.010318620', '0.010933284', '0.010994844', '0.009726599', '0.009937851', '0.010908217', '0.010795323', '0.009770083', '0.009952968', '0.009016234', '0.009069549', '0.010845741', '0.010691619', '0.008791275', '0.010792660', '0.009738073', '0.010367624', '0.010053537', '0.008113567', '0.010994844', '0.010027059', '0.010253343', '0.009795351', '0.009562511', '0.009624873', '0.010368407', '0.008739927', '0.010372788', '0.009963325', '0.010380755', '0.010648867', '0.010864337', '0.010210126', '0.010372248', '0.010165441', '0.009057586', '0.010054168', '0.009164320', '0.009902499', '0.009634415', '0.009723598', '0.009587812', '0.010001538', '0.009841971', '0.009635738', '0.010690188', '0.009726599', '0.010663109', '0.009636515', '0.009673797', '0.009684479', '0.010520024', '0.010453410', '0.010691619', '0.009733041', '0.009919374', '0.009970888', '0.009496640', '0.010227943', '0.009726599', '0.009655495', '0.009684479', '0.010222074', '0.010002668', '0.010370105', '0.009639314', '0.010781806', '0.009852393']" 
2 TND_DIS_inv Multiview 0.127 0.171 0.471 0.068 0.240 0.791 0.050 1120.0 11201.0 "[['0.000445217', '0.000370682', '0.000537409', '0.000463734', '0.000305902', '0.000325293', '0.000283702', '0.038911492', '0.000308778', '0.000329445', '0.042982504', '0.002352714', '0.014866855', '0.043259304', '0.000954763', '0.000553379', '0.025712989', '0.000375624', '0.000310922', '0.000326885', '0.021925665', '0.039636072', '0.000378838', '0.016303705', '0.000350458', '0.005142769', '0.004107791', '0.000885589', '0.000267185', '0.038626634', '0.036228288', '0.000310166', '0.000553877', '0.000300073', '0.042213086', '0.000281391', '0.042024128', '0.000382900', '0.000280183', '0.002625995', '0.025626650', '0.000322286', '0.040023006', '0.000769525', '0.045204058', '0.000418777', '0.000525568', '0.039261468', '0.000821642', '0.000322157', '0.000480027', '0.000289152', '0.000465716', '0.001905741', '0.000435338', '0.000272536', '0.000378731', '0.031380340', '0.043554403', '0.000295906', '0.000328370', '0.045210648', '0.000297803', '0.000339377', '0.042548306', '0.044626646', '0.005456691', '0.001787020', '0.025958085', '0.001348687', '0.000502743', '0.001654721', '0.000414662', '0.000393319', '0.000336136', '0.046657309', '0.001458914', '0.000279338', '0.001875710', '0.000319987', '0.000332267', '0.053200435', '0.053940792', '0.000385294', '0.001304188', '0.001781967', '0.000555484', '0.000767232', '0.000311885', '0.000433351', '0.000397517', '0.000331357', '0.000582994', '0.001122165', '0.000650241', '0.001191748', '0.000293152', '0.000410604', '0.000272782', '0.000384756'], ['0.008885629', '0.002063859', '0.023094695', '0.001295860', '0.026897157', '0.007311921', '0.001279981', '0.001109577', '0.006057452', '0.029108498', '0.001815155', '0.003364756', '0.007565502', '0.001468210', '0.002434853', '0.012255386', '0.000977144', '0.032761306', '0.004155127', '0.004046243', '0.001177602', '0.001018767', '0.020972205', '0.003324986', '0.006151218', '0.001068971', '0.002037652', '0.026856309', '0.001588744', '0.000870779', '0.003453884', '0.022062624', '0.024236005', '0.004919051', '0.001601140', '0.004908625', '0.000826278', '0.004260005', '0.001505118', '0.004994022', '0.001438714', '0.003257516', '0.000961320', '0.006513047', '0.002002834', '0.019835379', '0.033042204', '0.001228892', '0.026298003', '0.002334091', '0.018448925', '0.002396149', '0.011725767', '0.009670647', '0.016700989', '0.030935343', '0.023929307', '0.000977779', '0.000722066', '0.030949680', '0.027232138', '0.001470850', '0.008092196', '0.001659215', '0.001096524', '0.001933744', '0.023949867', '0.002529384', '0.000935145', '0.001568335', '0.006468381', '0.013602187', '0.020713029', '0.033909552', '0.001401274', '0.000681297', '0.004246896', '0.028509555', '0.003225503', '0.021314975', '0.003223458', '0.000563282', '0.000589841', '0.005327230', '0.016733533', '0.032241389', '0.001825401', '0.013630357', '0.018773332', '0.015275128', '0.011182248', '0.008066635', '0.020681551', '0.032596119', '0.007519383', '0.004956811', '0.002603835', '0.002911400', '0.028330689', '0.009277434'], ['0.010456530', '0.007920728', '0.003197306', '0.026210327', '0.006208493', '0.019453589', '0.002830680', '0.003542434', '0.023916597', '0.002749853', '0.001424283', '0.027496519', '0.008558899', '0.001623960', '0.021351200', '0.015950888', '0.012159164', '0.001186871', '0.021670913', '0.026645057', '0.013306693', '0.001909123', '0.010596924', '0.005499983', '0.002141481', '0.017294709', '0.027717128', '0.004946864', '0.030503977', '0.005059638', '0.001541338', '0.006891422', '0.003450920', '0.031111665', '0.005017840', '0.000795185', '0.002763848', '0.031882718', '0.008859813', '0.013368145', '0.004827025', '0.000913562', '0.002541520', '0.002349838', '0.002068416', '0.002513487', '0.001079367', '0.006341350', '0.004209223', '0.000933085', '0.012638203', '0.001561313', '0.023466619', '0.004464581', '0.013577515', '0.001842099', '0.001083513', '0.003972379', '0.003310698', '0.002146104', '0.008933693', '0.001257831', '0.029266376', '0.001273013', '0.002261350', '0.000849131', '0.001078098', '0.029443253', '0.013628842', '0.035271049', '0.028114954', '0.008405939', '0.014853018', '0.001095160', '0.004758964', '0.000910813', '0.003192362', '0.007531350', '0.029010177', '0.013464414', '0.020360461', '0.001080313', '0.000677046', '0.008457288', '0.004007419', '0.001705805', '0.001757745', '0.001053244', '0.018316738', '0.017810464', '0.026688742', '0.009888334', '0.012697248', '0.001321992', '0.027527949', '0.002584221', '0.006949374', '0.002931112', '0.006115771', '0.028415352'], ['0.016143208', '0.027041625', '0.010379517', '0.011421126', '0.003078054', '0.011908785', '0.035682373', '0.002642511', '0.008809214', '0.004587843', '0.001309822', '0.006119763', '0.006139412', '0.001650289', '0.011884031', '0.010000952', '0.002401819', '0.002571153', '0.012934641', '0.007932973', '0.003092509', '0.002622835', '0.003907034', '0.011889760', '0.029301647', '0.013370666', '0.005764030', '0.004477327', '0.006894973', '0.001774879', '0.002701002', '0.008544881', '0.005898694', '0.002979000', '0.001542416', '0.033818185', '0.001520565', '0.002864761', '0.027662434', '0.014655525', '0.011433799', '0.035535194', '0.003261676', '0.026408479', '0.002176399', '0.013368132', '0.002396835', '0.002064666', '0.005666290', '0.034960229', '0.004056809', '0.035825394', '0.003310127', '0.022137584', '0.007544723', '0.004200031', '0.010854254', '0.006212904', '0.000944124', '0.003840598', '0.001135447', '0.001141270', '0.001472957', '0.034978669', '0.001200090', '0.001325015', '0.006632806', '0.005520701', '0.001158945', '0.001782488', '0.003148392', '0.012821980', '0.001379326', '0.001657213', '0.033899508', '0.001673178', '0.027251922', '0.001123148', '0.004959132', '0.003253839', '0.015078699', '0.001018213', '0.001205443', '0.022373021', '0.011102553', '0.001383537', '0.035218012', '0.019949637', '0.001183850', '0.004907640', '0.000814452', '0.019122371', '0.003620254', '0.001505592', '0.003423627', '0.031584591', '0.026952222', '0.033377443', '0.001369783', '0.001172560']]" "['0.133906811', '0.312790573', '0.263641447', '0.289661199']"
2 TND View1 0.261 0.345 0.798 0.155 0.380 0.056 nan 1120.0 1120.0 "['0.012816648', '0.017057344', '0.009197989', '0.008791419', '0.009232173', '0.016239023', '0.006221207', '0.008529096', '0.006684607', '0.006724674', '0.008565536', '0.008246792', '0.008529096', '0.011756247', '0.006565847', '0.012991573', '0.009232909', '0.006684607', '0.012188812', '0.005916697', '0.008565536', '0.009169349', '0.017518371', '0.008582032', '0.004848957', '0.008494327', '0.009150520', '0.008701906', '0.006565847', '0.009009643', '0.008565536', '0.006638083', '0.006459726', '0.015044192', '0.014691841', '0.012188812', '0.008565536', '0.009197989', '0.006672396', '0.008494327', '0.014689879', '0.008494327', '0.008582032', '0.008259249', '0.014613493', '0.005552873', '0.009255237', '0.014652584', '0.017057344', '0.009232173', '0.005631361', '0.016239023', '0.009197989', '0.009741344', '0.009169349', '0.019653073', '0.006724674', '0.009232909', '0.016277205', '0.012797263', '0.009197989', '0.008246792', '0.007057837', '0.006765308', '0.009168657', '0.011756247', '0.010901921', '0.008582032', '0.008953154', '0.011756247', '0.008494327', '0.009237740', '0.009197989', '0.008494327', '0.006681550', '0.016277205', '0.009169349', '0.012794286', '0.008953154', '0.005935707', '0.006648127', '0.014401370', '0.014691841', '0.013204663', '0.019951895', '0.008919643', '0.008921767', '0.012816648', '0.008244867', '0.009232173', '0.005935707', '0.005552873', '0.008781808', '0.019653073', '0.008952012', '0.014401370', '0.009079075', '0.006565847', '0.005851645', '0.006221207']" 
2 TND View2 0.113 0.163 0.384 0.064 0.198 0.037 nan 1120.0 1120.0 "['0.009712443', '0.010386750', '0.009642388', '0.009712443', '0.010302481', '0.008082472', '0.010390214', '0.008932541', '0.017670482', '0.017321765', '0.009998048', '0.010260481', '0.010191236', '0.017321765', '0.019592784', '0.008018502', '0.010301416', '0.011390380', '0.008370917', '0.010371951', '0.006848949', '0.007669711', '0.010307881', '0.007495860', '0.009894983', '0.010465345', '0.006824752', '0.010467658', '0.009869797', '0.009833524', '0.014435892', '0.006219087', '0.009646781', '0.009712443', '0.007804178', '0.007669711', '0.008842842', '0.008147177', '0.007354097', '0.009943840', '0.017321765', '0.010075988', '0.011245574', '0.016386896', '0.008110985', '0.010164417', '0.010303222', '0.009476398', '0.012476658', '0.010052545', '0.008059118', '0.006650025', '0.006363242', '0.013047917', '0.007669711', '0.008370917', '0.006418170', '0.010048530', '0.006538764', '0.007242620', '0.012940683', '0.006831630', '0.013166299', '0.007452273', '0.007771401', '0.010215052', '0.008460109', '0.010109050', '0.008429687', '0.010399151', '0.010052545', '0.010399151', '0.009636438', '0.008082472', '0.009894983', '0.006538764', '0.010321430', '0.006172925', '0.008370917', '0.012980203', '0.009573266', '0.013329549', '0.010303222', '0.010321430', '0.007669711', '0.006538764', '0.010098313', '0.007771401', '0.007060425', '0.006538764', '0.015550300', '0.006923806', '0.007690851', '0.016096221', '0.016049074', '0.010298397', '0.009994355', '0.016571295', '0.009948145', '0.009998048']" 
2 TND View3 0.161 0.195 0.507 0.091 0.208 0.032 nan 1120.0 1120.0 "['0.009949907', '0.010845509', '0.019744150', '0.009602485', '0.009464549', '0.008662531', '0.013994391', '0.009750250', '0.009527864', '0.007659260', '0.008348846', '0.009124603', '0.010905537', '0.008496567', '0.008116522', '0.009521423', '0.009925243', '0.008810963', '0.008949964', '0.010960874', '0.009874891', '0.014487130', '0.009320667', '0.009839701', '0.009707568', '0.010148542', '0.009555412', '0.013922392', '0.010059776', '0.006296845', '0.005826614', '0.006044065', '0.007007227', '0.010905537', '0.008046824', '0.010153878', '0.010602271', '0.009602590', '0.006806609', '0.011022137', '0.009656211', '0.008593788', '0.018079499', '0.009854134', '0.009848736', '0.009616534', '0.009704872', '0.009872310', '0.006114926', '0.009641758', '0.009320328', '0.010148542', '0.013430910', '0.007083685', '0.007659260', '0.009389482', '0.008913758', '0.010255137', '0.006381092', '0.009349084', '0.017099641', '0.009320328', '0.009819344', '0.009823111', '0.009578107', '0.009810679', '0.009971239', '0.008547039', '0.010107705', '0.019573763', '0.016180206', '0.006663986', '0.009707568', '0.009854134', '0.006065922', '0.018079499', '0.009707568', '0.009606273', '0.009459857', '0.009497697', '0.006732088', '0.009214981', '0.009745914', '0.010905537', '0.006767902', '0.009531700', '0.009531700', '0.009569958', '0.009602590', '0.014955929', '0.009777223', '0.010542724', '0.009649950', '0.005853282', '0.008373057', '0.009470340', '0.010544126', '0.010283404', '0.009227390', '0.016740445']" 
2 TND View4 0.110 0.167 0.366 0.061 0.213 0.007 nan 1120.0 1120.0 "['0.009624614', '0.009307726', '0.013468524', '0.009058031', '0.009559656', '0.009266114', '0.010256422', '0.009831150', '0.009112881', '0.013241283', '0.009213403', '0.008885661', '0.008916323', '0.008995455', '0.009281978', '0.009817944', '0.013003425', '0.009244703', '0.009022774', '0.010007013', '0.009365793', '0.009032779', '0.009098812', '0.009310280', '0.009230898', '0.009416859', '0.011440812', '0.009737800', '0.009295189', '0.009555199', '0.009409895', '0.009555199', '0.009735171', '0.013508446', '0.012222068', '0.009283151', '0.009436091', '0.009307726', '0.012624648', '0.009144174', '0.009550975', '0.010102788', '0.009714885', '0.013003425', '0.009213403', '0.012743676', '0.009448393', '0.009924257', '0.008927900', '0.008907636', '0.008887053', '0.009144174', '0.009248930', '0.009680605', '0.010116234', '0.009259588', '0.013003425', '0.009714885', '0.009716223', '0.008927900', '0.012743676', '0.009559656', '0.009712093', '0.009098812', '0.009532479', '0.009831150', '0.009737800', '0.009253170', '0.009416859', '0.009966660', '0.011093475', '0.008995455', '0.010007013', '0.013508446', '0.009555199', '0.009629657', '0.009095981', '0.011966934', '0.011930129', '0.010611565', '0.010700861', '0.009826833', '0.009378065', '0.009132149', '0.009422797', '0.010151357', '0.013468524', '0.009180813', '0.010152887', '0.009291520', '0.010396644', '0.009137531', '0.009345353', '0.010611565', '0.008887962', '0.010263312', '0.009406858', '0.009438238', '0.009559656', '0.008938487']" 
2 TND Concatenated 0.095 0.161 0.332 0.054 0.214 0.027 nan 1120.0 1120.0 "['0.010171274', '0.007561413', '0.008452937', '0.006847395', '0.010438669', '0.007150530', '0.010360814', '0.010216811', '0.008703968', '0.008582807', '0.010977323', '0.008968207', '0.008516752', '0.008500589', '0.010889111', '0.010353494', '0.008006790', '0.014079111', '0.009964152', '0.010089279', '0.006704185', '0.013708035', '0.008030657', '0.009132293', '0.009409487', '0.010222469', '0.008331747', '0.014082951', '0.007723743', '0.009649990', '0.008582807', '0.006554103', '0.008473964', '0.008864057', '0.013735812', '0.012783107', '0.010078738', '0.008511347', '0.008582807', '0.015034296', '0.007330705', '0.006917911', '0.010095965', '0.008516752', '0.010479843', '0.006489914', '0.009401971', '0.009911755', '0.009906359', '0.006987392', '0.007387074', '0.013735812', '0.007840001', '0.007302660', '0.013066972', '0.010946359', '0.008406502', '0.007617795', '0.008645378', '0.007695564', '0.014079111', '0.007357350', '0.007833056', '0.008622401', '0.010129355', '0.008611006', '0.007196477', '0.010104720', '0.007704884', '0.006884275', '0.012532733', '0.011277103', '0.010252004', '0.013763520', '0.009956898', '0.015082955', '0.014005914', '0.008026650', '0.012783107', '0.009811697', '0.012123241', '0.014562774', '0.012868462', '0.010006095', '0.009930278', '0.010479843', '0.012999726', '0.010494664', '0.007956448', '0.014036794', '0.014067587', '0.012783107', '0.014722529', '0.012868462', '0.013885393', '0.008274240', '0.007819285', '0.009283132', '0.009246654', '0.009865366']" 
2 TND Multiview 0.092 0.195 0.384 0.063 0.262 0.364 0.052 1120.0 1120.0 "[['0.025608778', '0.043377168', '0.000756591', '0.001284096', '0.001341482', '0.039639678', '0.001132019', '0.000601720', '0.001206902', '0.000905005', '0.001174343', '0.001029747', '0.001538549', '0.018775990', '0.000981469', '0.027533071', '0.000853503', '0.000990570', '0.022634331', '0.001053515', '0.000659702', '0.000989844', '0.047254879', '0.002911807', '0.001172200', '0.000799893', '0.000978563', '0.001471680', '0.001057949', '0.001026472', '0.001104893', '0.001086602', '0.000894453', '0.038131960', '0.037873331', '0.017615663', '0.000754177', '0.001927426', '0.001319096', '0.001280812', '0.032055572', '0.001342787', '0.000681762', '0.002074071', '0.016895304', '0.001153437', '0.000883307', '0.035994314', '0.042101610', '0.002420034', '0.001256102', '0.013293874', '0.001645757', '0.003514592', '0.002283245', '0.057948653', '0.001615907', '0.001976119', '0.050811693', '0.031552628', '0.001645992', '0.002483796', '0.002581832', '0.001214523', '0.000694631', '0.018985737', '0.001286023', '0.002176896', '0.000666477', '0.024525067', '0.002190044', '0.002319718', '0.000954684', '0.002306363', '0.001028699', '0.050147835', '0.002352093', '0.032471709', '0.001899471', '0.002013886', '0.001393533', '0.032880791', '0.004904907', '0.003088196', '0.030946624', '0.000982442', '0.001833991', '0.001170675', '0.003822425', '0.004530095', '0.003432933', '0.001485219', '0.004701148', '0.056191906', '0.002036861', '0.029729197', '0.000969287', '0.001210309', '0.003358997', '0.003154317'], ['0.006553524', '0.004020994', '0.002173428', '0.010962259', '0.011078094', '0.003618718', '0.011738694', '0.035661012', '0.011418911', '0.010779968', '0.009030467', '0.009284291', '0.012519541', '0.004127410', '0.022143098', '0.004080686', '0.020868259', '0.008727955', '0.005721623', '0.013820418', '0.028849272', '0.001481335', '0.002135720', '0.009987816', '0.013604981', '0.001223961', '0.008509013', '0.010493041', '0.004411550', '0.016789082', '0.005038456', '0.011172265', '0.007178934', '0.002389631', '0.002624335', '0.009851134', '0.026096242', '0.009584844', '0.012361249', '0.014081243', '0.002102952', '0.011551218', '0.031844914', '0.012362382', '0.002891871', '0.011292490', '0.005872082', '0.002866788', '0.002595614', '0.008866874', '0.012192247', '0.002083427', '0.009702132', '0.014761581', '0.010528097', '0.001718311', '0.011405312', '0.008210889', '0.001277092', '0.005377416', '0.009726422', '0.009805141', '0.012800222', '0.013510359', '0.005269048', '0.004636024', '0.010789500', '0.010186171', '0.034671701', '0.004356229', '0.012231454', '0.009069253', '0.007850938', '0.010338284', '0.018937986', '0.001203508', '0.016055299', '0.004302892', '0.012147567', '0.011339142', '0.014365607', '0.001789106', '0.010786697', '0.005399945', '0.004654436', '0.008130356', '0.013641316', '0.009830926', '0.010324683', '0.013784972', '0.010340880', '0.010825782', '0.010732995', '0.000880036', '0.011315268', '0.003202134', '0.024051571', '0.012226029', '0.009527362', '0.009265577'], ['0.009080222', '0.007543151', '0.037186027', '0.009077598', '0.010774665', '0.006560933', '0.007211589', '0.003675304', '0.009284076', '0.005593299', '0.011214152', '0.005904927', '0.007660426', '0.012773438', '0.003428176', '0.010438306', '0.007841532', '0.020122211', '0.006607347', '0.007623467', '0.005758691', '0.034936510', '0.006513787', '0.005699925', '0.004880554', '0.037541319', '0.004305456', '0.010374346', '0.003935494', '0.010095507', '0.032244053', '0.011237034', '0.025301164', '0.005375912', '0.008259551', '0.001755478', '0.003711719', '0.009176214', '0.008081391', '0.012714449', '0.006498531', '0.008519179', '0.005552884', '0.005307158', '0.025706641', '0.007403934', '0.019541916', '0.005675219', '0.004016255', '0.005768558', '0.009079041', '0.025676312', '0.009363403', '0.006000825', '0.009319344', '0.001990614', '0.006497844', '0.012646873', '0.003537933', '0.005882481', '0.010047498', '0.002628732', '0.013507013', '0.006839683', '0.034745354', '0.004131739', '0.006923979', '0.008653370', '0.003661416', '0.011921607', '0.008157467', '0.010994015', '0.007621822', '0.008435227', '0.005882348', '0.001084274', '0.002147415', '0.005914881', '0.008815690', '0.009002170', '0.010247972', '0.006504239', '0.017796252', '0.034783982', '0.002889374', '0.006668788', '0.005380366', '0.004888602', '0.008764242', '0.013916178', '0.016757870', '0.009788137', '0.014553414', '0.005919496', '0.009406445', '0.002253244', '0.004227876', '0.010179539', '0.008603493', '0.009870467'], ['0.004657157', '0.002613605', '0.003848372', '0.012460131', '0.010331641', '0.004051505', '0.013629274', '0.002724033', '0.011595752', '0.019898675', '0.014286924', '0.020107230', '0.012222823', '0.009700716', '0.008391794', '0.006458561', '0.007206027', '0.006628382', '0.008121858', '0.011366387', '0.005916247', '0.003475971', '0.002004658', '0.012838342', '0.013288529', '0.005067701', '0.023079531', '0.010750996', '0.026657851', '0.008480534', '0.003250186', '0.012767862', '0.005876400', '0.005281152', '0.003065459', '0.011024277', '0.006961691', '0.013276455', '0.013391599', '0.006592756', '0.009264011', '0.014695982', '0.002497770', '0.013213600', '0.003268184', '0.016571274', '0.014378348', '0.005902740', '0.005952620', '0.013896765', '0.011056355', '0.006608873', '0.013345432', '0.009539565', '0.014934954', '0.001812632', '0.013749962', '0.013474558', '0.001376104', '0.001787548', '0.013910460', '0.017486615', '0.003616629', '0.012271910', '0.003311956', '0.014725565', '0.019184332', '0.016772233', '0.003324940', '0.001155941', '0.016722249', '0.012437188', '0.019431282', '0.013641736', '0.013230915', '0.003721958', '0.016540889', '0.002925104', '0.014801207', '0.015863737', '0.009427481', '0.003442117', '0.005544678', '0.001658252', '0.010951844', '0.019725645', '0.014442921', '0.020434842', '0.011491316', '0.001831882', '0.001689648', '0.012273601', '0.003705809', '0.000721520', '0.016599029', '0.011784353', '0.006722216', '0.013579762', '0.015412240', '0.012807684']]" "['0.136443630', '0.308133066', '0.237307698', '0.318115652']"
2 TND_inv View1 0.261 0.346 0.802 0.156 0.380 0.048 nan 1120.0 1120.0 "['0.013547537', '0.016556781', '0.008450053', '0.008088964', '0.008372085', '0.015985386', '0.007063750', '0.008551135', '0.007182781', '0.007195144', '0.008537073', '0.008674868', '0.008551135', '0.012737390', '0.007147977', '0.013674916', '0.008445931', '0.007182781', '0.013078692', '0.007011835', '0.008537073', '0.008450754', '0.016871436', '0.008531107', '0.006956329', '0.007940911', '0.008450757', '0.008043162', '0.007147977', '0.008452022', '0.008537073', '0.007168815', '0.007119298', '0.015138156', '0.014887976', '0.013078692', '0.008537073', '0.008450053', '0.007179076', '0.007940911', '0.014886581', '0.007940911', '0.008531107', '0.008668414', '0.014832361', '0.006977708', '0.008435575', '0.014860109', '0.016556781', '0.008372085', '0.006982660', '0.015985386', '0.008450053', '0.008888979', '0.008450754', '0.018217312', '0.007195144', '0.008445931', '0.016012300', '0.013533350', '0.008450053', '0.008674868', '0.007308925', '0.007207987', '0.008450761', '0.012737390', '0.009077320', '0.008531107', '0.008455524', '0.012737390', '0.007940911', '0.008444684', '0.008450053', '0.007940911', '0.007181851', '0.016012300', '0.008450754', '0.013531171', '0.008455524', '0.007014441', '0.007171795', '0.014681818', '0.014887976', '0.013828891', '0.018388992', '0.008157775', '0.008458362', '0.013547537', '0.008675928', '0.008372085', '0.007014441', '0.006977708', '0.008083977', '0.018217312', '0.008455616', '0.014681818', '0.008450422', '0.007147977', '0.007003563', '0.007063750']" 
2 TND_inv View2 0.117 0.162 0.390 0.066 0.193 0.006 nan 1120.0 1120.0 "['0.009341503', '0.009808987', '0.009326595', '0.009341503', '0.009558374', '0.010033825', '0.009811766', '0.010222127', '0.012903510', '0.012758894', '0.009409219', '0.009506628', '0.010551167', '0.012758894', '0.014122473', '0.010018607', '0.009637944', '0.010888712', '0.009135052', '0.009796456', '0.008793514', '0.009931831', '0.009590462', '0.008969087', '0.009385869', '0.009859860', '0.008785866', '0.009861040', '0.009379619', '0.009370502', '0.011917697', '0.008584298', '0.010397142', '0.009341503', '0.009965873', '0.009931831', '0.010202432', '0.010048960', '0.008934617', '0.010480451', '0.012758894', '0.009425713', '0.010850287', '0.012448814', '0.009094477', '0.009451834', '0.009710331', '0.009295485', '0.011219926', '0.009420525', '0.010028300', '0.008728416', '0.008630855', '0.011440597', '0.009931831', '0.009135052', '0.008649321', '0.009419671', '0.008690491', '0.008906139', '0.011397639', '0.008788048', '0.011488000', '0.009876600', '0.009957617', '0.009475760', '0.010119228', '0.009433929', '0.010112552', '0.009818679', '0.009420525', '0.009818679', '0.009325392', '0.010033825', '0.009385869', '0.008690491', '0.009742612', '0.008570222', '0.009135052', '0.011413448', '0.010377211', '0.011552460', '0.009710331', '0.009742612', '0.009931831', '0.008690491', '0.009431111', '0.009957617', '0.008856634', '0.008690491', '0.012217008', '0.008816620', '0.009937203', '0.012366148', '0.012353035', '0.009657378', '0.010494855', '0.012503521', '0.009398441', '0.009409219']" 
2 TND_inv View3 0.167 0.194 0.517 0.093 0.203 0.010 nan 1120.0 1120.0 "['0.010228410', '0.010743252', '0.016666407', '0.009572672', '0.009815367', '0.009142101', '0.011934020', '0.009557638', '0.009648266', '0.009086119', '0.009173994', '0.009951212', '0.010847493', '0.009161828', '0.009175991', '0.010053497', '0.010217435', '0.009122674', '0.009932197', '0.010944299', '0.009361791', '0.012038759', '0.009992092', '0.009485731', '0.009354634', '0.010318042', '0.009593112', '0.011922721', '0.010277803', '0.008569619', '0.007733125', '0.008310375', '0.008717448', '0.010847493', '0.009171264', '0.010320472', '0.010525568', '0.009259895', '0.008614277', '0.011045229', '0.009306827', '0.009150788', '0.014561987', '0.009394778', '0.009401267', '0.009577062', '0.009352142', '0.009365776', '0.008429096', '0.009586954', '0.009117675', '0.010318042', '0.011868861', '0.008765890', '0.009086119', '0.009137252', '0.009930252', '0.010366608', '0.008580227', '0.009124828', '0.013559472', '0.009117675', '0.009508656', '0.009418285', '0.009573952', '0.009515867', '0.010237936', '0.009156329', '0.010299508', '0.016435439', '0.012828322', '0.008577163', '0.009354634', '0.009394778', '0.008351245', '0.014561987', '0.009354634', '0.009573622', '0.009166394', '0.009745115', '0.008590430', '0.009101572', '0.009560571', '0.010847493', '0.008600705', '0.009638379', '0.009638379', '0.009578414', '0.009259895', '0.012187449', '0.009409543', '0.010499199', '0.009589512', '0.007815382', '0.009172480', '0.009824797', '0.010499833', '0.010379535', '0.009970107', '0.013248525']" 
2 TND_inv View4 0.110 0.167 0.366 0.061 0.213 0.008 nan 1120.0 1120.0 "['0.009618026', '0.009295177', '0.013444179', '0.009060774', '0.009551294', '0.009258379', '0.010167144', '0.009818079', '0.009102564', '0.013276307', '0.009196857', '0.008762318', '0.008843124', '0.009000382', '0.009273908', '0.009804757', '0.013105862', '0.009234233', '0.009029703', '0.010044276', '0.009342884', '0.009039101', '0.009092117', '0.009297135', '0.009217693', '0.009408012', '0.011540066', '0.009737995', '0.009285274', '0.009546023', '0.009397614', '0.009546023', '0.009733276', '0.013474355', '0.012514436', '0.009274971', '0.009434137', '0.009295177', '0.012834591', '0.009126910', '0.009541007', '0.010084805', '0.009698477', '0.013105862', '0.009196857', '0.012921025', '0.009446933', '0.010003370', '0.008876613', '0.008816482', '0.008764861', '0.009126910', '0.009239212', '0.009669225', '0.010090468', '0.009251350', '0.013105862', '0.009698477', '0.009700296', '0.008876613', '0.012921025', '0.009551294', '0.009694913', '0.009092117', '0.009519695', '0.009818079', '0.009737995', '0.009244123', '0.009408012', '0.010025891', '0.011016440', '0.009000382', '0.010044276', '0.013474355', '0.009546023', '0.009623312', '0.009090015', '0.012266462', '0.012225964', '0.010531888', '0.010613435', '0.009813580', '0.009355634', '0.009117236', '0.009416686', '0.010105842', '0.013444179', '0.009160759', '0.010106541', '0.009282238', '0.010310098', '0.009121500', '0.009324502', '0.010531888', '0.008766580', '0.010172587', '0.009393112', '0.009436605', '0.009551294', '0.008903628']" 
2 TND_inv Concatenated 0.099 0.161 0.337 0.055 0.213 0.009 nan 1120.0 1120.0 "['0.009465083', '0.008784309', '0.009123656', '0.008499475', '0.010614810', '0.008613714', '0.009548567', '0.009476539', '0.009179632', '0.009152445', '0.010821204', '0.009238112', '0.009137827', '0.009134253', '0.010788530', '0.009519583', '0.008999243', '0.012384438', '0.009410104', '0.010060055', '0.008372856', '0.012188767', '0.009007755', '0.009271765', '0.009321677', '0.009906715', '0.009095498', '0.012386451', '0.008871390', '0.009679179', '0.009152445', '0.008124942', '0.009128347', '0.009215592', '0.012203528', '0.011679193', '0.009618817', '0.009136632', '0.009152445', '0.012911706', '0.008679018', '0.008534284', '0.009444592', '0.009137827', '0.009938287', '0.007979690', '0.009320501', '0.009809305', '0.010281835', '0.008560036', '0.008701887', '0.012203528', '0.008930038', '0.008668193', '0.011838340', '0.010809664', '0.009113145', '0.008814231', '0.009166419', '0.008856306', '0.012384438', '0.008689628', '0.008926753', '0.009161268', '0.010467191', '0.009158724', '0.008629558', '0.010453295', '0.008861315', '0.008519195', '0.011541998', '0.010939702', '0.009589916', '0.012218229', '0.009408425', '0.012943493', '0.012346050', '0.009006348', '0.011679193', '0.009883053', '0.011330598', '0.012638621', '0.011726886', '0.009628544', '0.009802961', '0.009938287', '0.011800586', '0.010638325', '0.008980243', '0.012362257', '0.012378400', '0.011679193', '0.012725822', '0.011726886', '0.012282651', '0.009081041', '0.008920144', '0.009300452', '0.009293785', '0.009792178']" 
2 TND_inv Multiview 0.091 0.195 0.384 0.063 0.262 0.412 0.055 1120.0 1120.0 "[['0.026265755', '0.043787684', '0.000663892', '0.001089540', '0.001138295', '0.040477674', '0.000987626', '0.000536391', '0.001048571', '0.000804703', '0.000983753', '0.000869556', '0.001267781', '0.018440211', '0.000854124', '0.027809113', '0.000739468', '0.000869588', '0.023307191', '0.000926085', '0.000575456', '0.000842777', '0.048138961', '0.002522306', '0.001033019', '0.000715751', '0.000828543', '0.001253915', '0.000921789', '0.000881291', '0.000935016', '0.000954322', '0.000796537', '0.039379761', '0.038749527', '0.017165024', '0.000641038', '0.001576284', '0.001132566', '0.001097175', '0.032269146', '0.001127462', '0.000587767', '0.001721830', '0.015569975', '0.001018473', '0.000789546', '0.037018616', '0.043014131', '0.002098963', '0.001093062', '0.011918999', '0.001344874', '0.003223422', '0.001783497', '0.058920495', '0.001379764', '0.001652016', '0.052194990', '0.033650093', '0.001294166', '0.002097107', '0.002253549', '0.001048487', '0.000610497', '0.018769981', '0.001073130', '0.001894633', '0.000594110', '0.024932213', '0.001789232', '0.001839088', '0.000787159', '0.001879549', '0.000899859', '0.051680267', '0.001843955', '0.034472842', '0.001627868', '0.001682945', '0.001200174', '0.037549727', '0.004406444', '0.002677411', '0.030819634', '0.000835380', '0.001496392', '0.001017522', '0.003139573', '0.003873574', '0.003078055', '0.001275338', '0.004191876', '0.056899577', '0.001775525', '0.030003874', '0.000793395', '0.001053653', '0.002819533', '0.002637451'], ['0.006169503', '0.003788620', '0.001764742', '0.011027870', '0.011105999', '0.003319055', '0.011851031', '0.036890950', '0.011481812', '0.010812808', '0.009013054', '0.009243174', '0.012695770', '0.003766314', '0.022787986', '0.003692938', '0.021296499', '0.008369858', '0.005287872', '0.013934464', '0.029680725', '0.001228405', '0.001886507', '0.010137302', '0.013622208', '0.001037010', '0.008281679', '0.010521616', '0.003912854', '0.017489612', '0.004384729', '0.011227783', '0.006347744', '0.002095080', '0.002307474', '0.009825721', '0.026946586', '0.009672803', '0.012504837', '0.014312336', '0.001864648', '0.011678666', '0.032998133', '0.012619956', '0.002561627', '0.011454915', '0.005105031', '0.002531188', '0.002324350', '0.008810768', '0.012259736', '0.001856419', '0.009734124', '0.014819218', '0.010731379', '0.001551577', '0.011580088', '0.008003077', '0.001069380', '0.004733220', '0.009723628', '0.009601787', '0.012955321', '0.013718350', '0.004598697', '0.004113464', '0.011119911', '0.010264024', '0.035931293', '0.003546162', '0.012616160', '0.009152052', '0.007717003', '0.010439303', '0.019573111', '0.001041562', '0.016434105', '0.003738133', '0.012236411', '0.011464689', '0.014462830', '0.001387045', '0.010688555', '0.004689696', '0.004375601', '0.007837218', '0.014143790', '0.009675691', '0.010541633', '0.014085203', '0.010322483', '0.010876657', '0.010886262', '0.000747833', '0.011475414', '0.002777603', '0.025504090', '0.012484864', '0.009620505', '0.009421047'], ['0.009424868', '0.007795467', '0.039157242', '0.008780079', '0.010692847', '0.006679959', '0.006831166', '0.002962170', '0.009077263', '0.004710124', '0.010676282', '0.005031312', '0.007235259', '0.013509323', '0.003030477', '0.011009148', '0.007539407', '0.021206429', '0.006558346', '0.007305878', '0.005074607', '0.036477465', '0.006644075', '0.005323724', '0.004501147', '0.039314944', '0.003544484', '0.010252272', '0.003356223', '0.009142538', '0.034341775', '0.011033331', '0.027288008', '0.005097523', '0.008504131', '0.001575225', '0.003005117', '0.008911605', '0.007813239', '0.013125826', '0.006416963', '0.008123310', '0.004822802', '0.004804468', '0.027937941', '0.006878580', '0.020732487', '0.005603813', '0.003880338', '0.005415768', '0.008844504', '0.028123036', '0.009079760', '0.005866534', '0.009107646', '0.001879055', '0.006054688', '0.012997503', '0.003310539', '0.005532445', '0.009844363', '0.002297000', '0.014024829', '0.006369886', '0.037004717', '0.003800873', '0.006157902', '0.008522772', '0.002985495', '0.012639507', '0.007780471', '0.010962719', '0.006964797', '0.008289234', '0.005012679', '0.001009948', '0.001889130', '0.005766711', '0.008491792', '0.008881056', '0.009874962', '0.005579614', '0.019140411', '0.036663935', '0.002731544', '0.006095491', '0.004660372', '0.004281370', '0.008513074', '0.014367152', '0.017195685', '0.009648882', '0.015360827', '0.005987146', '0.009128712', '0.002048771', '0.003272044', '0.009620014', '0.008537364', '0.009644232'], ['0.004190812', '0.002354580', '0.003058477', '0.012695407', '0.010410977', '0.003709174', '0.013865720', '0.002160449', '0.011730051', '0.020689944', '0.014836494', '0.021025628', '0.012518401', '0.009499921', '0.008121734', '0.006086071', '0.007005154', '0.006157084', '0.007961390', '0.011508156', '0.005657114', '0.002927559', '0.001761409', '0.013206014', '0.013543408', '0.004194306', '0.024075994', '0.010878329', '0.027792420', '0.008621553', '0.002529707', '0.012889109', '0.005188304', '0.005019804', '0.002686091', '0.011267131', '0.006750307', '0.013563644', '0.013502183', '0.006040069', '0.009319473', '0.014950194', '0.002005831', '0.013539340', '0.002865939', '0.016878212', '0.014203719', '0.005589779', '0.005747253', '0.014362462', '0.011207517', '0.006089577', '0.013679764', '0.009660003', '0.015177232', '0.001649644', '0.014018005', '0.013514673', '0.001225310', '0.001490384', '0.014241509', '0.018209426', '0.003169619', '0.012483825', '0.002460253', '0.015243857', '0.019591531', '0.016913634', '0.002693937', '0.001035689', '0.016857406', '0.012624995', '0.020215558', '0.013853401', '0.013362288', '0.003295855', '0.016657181', '0.002416069', '0.015104561', '0.015949281', '0.009694182', '0.002587247', '0.004850017', '0.001398763', '0.011118393', '0.020614089', '0.014701834', '0.021176433', '0.011858637', '0.001571655', '0.001507726', '0.012391517', '0.003131731', '0.000666146', '0.016767809', '0.011956221', '0.006230046', '0.013786399', '0.015649837', '0.013106979']]" "['0.133912787', '0.310947686', '0.235231251', '0.319908291']"
2 DIS View1 0.292 0.312 0.966 0.177 0.276 0.452 nan 1120.0 11201.0 "['0.002500145', '0.002301621', '0.010537971', '0.015638400', '0.002466748', '0.002390026', '0.002453669', '0.021673422', '0.002327790', '0.002313606', '0.021227669', '0.021546518', '0.021673422', '0.017689770', '0.002353318', '0.019837881', '0.020729525', '0.002327790', '0.002518457', '0.002403822', '0.021227669', '0.009359046', '0.002367797', '0.021651413', '0.002296953', '0.002575963', '0.020936796', '0.016952338', '0.002353318', '0.021133939', '0.021227669', '0.002447494', '0.002418055', '0.002518755', '0.016814699', '0.002518457', '0.021227669', '0.010537971', '0.002393925', '0.002575963', '0.016741324', '0.002575963', '0.021651413', '0.002334882', '0.016808303', '0.002405555', '0.007452128', '0.016650757', '0.003843280', '0.002466748', '0.002403902', '0.002390026', '0.010537971', '0.022883879', '0.009359046', '0.002485659', '0.002313606', '0.020729525', '0.020807939', '0.002415037', '0.010537971', '0.021546518', '0.002456443', '0.002429442', '0.019722307', '0.017689770', '0.023857959', '0.021651413', '0.021268187', '0.017689770', '0.002575963', '0.019204929', '0.010537971', '0.002575963', '0.002340745', '0.020807939', '0.009359046', '0.002472922', '0.021268187', '0.002422058', '0.002384702', '0.016838420', '0.016814699', '0.002324463', '0.002353733', '0.015463693', '0.020618485', '0.002500145', '0.002442542', '0.002466748', '0.002422058', '0.002405555', '0.017295687', '0.002485659', '0.020576438', '0.016838420', '0.002427868', '0.002353318', '0.002413798', '0.002453669']" 
2 DIS View2 0.131 0.149 0.508 0.076 0.155 0.792 nan 1120.0 11201.0 "['0.013591428', '0.014141887', '0.013511713', '0.013591428', '0.002122045', '0.014219927', '0.018769633', '0.001007781', '0.001799313', '0.001751965', '0.013627714', '0.013726422', '0.001007671', '0.001751965', '0.001998343', '0.014359379', '0.002117858', '0.034187928', '0.000771875', '0.071079336', '0.013342884', '0.063026033', '0.004986883', '0.001216644', '0.013828131', '0.014224536', '0.012759839', '0.014161846', '0.013529009', '0.013582716', '0.001951553', '0.002125318', '0.001878073', '0.013591428', '0.001549034', '0.063026033', '0.001121613', '0.001798710', '0.001373908', '0.002039852', '0.001751965', '0.001122465', '0.001865400', '0.001898605', '0.001301702', '0.001374750', '0.013821124', '0.013528647', '0.001007676', '0.014449255', '0.014257583', '0.013417942', '0.000853867', '0.001979707', '0.014283433', '0.000771875', '0.000888633', '0.013679282', '0.000773231', '0.002047042', '0.001922077', '0.013238051', '0.032930542', '0.014288080', '0.015818750', '0.001720651', '0.001702646', '0.001719753', '0.001121649', '0.001500755', '0.014449255', '0.001500755', '0.013512677', '0.001940720', '0.013828131', '0.000773231', '0.021223137', '0.001853913', '0.000771875', '0.002156034', '0.001847798', '0.002018500', '0.013821124', '0.021223137', '0.014283433', '0.000773231', '0.032623451', '0.015818750', '0.001373493', '0.000773231', '0.002035077', '0.013349872', '0.014312778', '0.001923634', '0.002034738', '0.001632390', '0.001122448', '0.001898820', '0.040551268', '0.039286286']" 
2 DIS View3 0.176 0.168 0.622 0.106 0.137 0.507 nan 1120.0 11201.0 "['0.019988535', '0.001894138', '0.001666192', '0.001938384', '0.019476458', '0.018964481', '0.001850136', '0.019715151', '0.018782467', '0.001832244', '0.001950145', '0.001874936', '0.007607101', '0.001875997', '0.001826944', '0.019775301', '0.001955394', '0.008739039', '0.019940652', '0.001932857', '0.019516457', '0.001835399', '0.019959411', '0.019606570', '0.019390773', '0.019909753', '0.018784029', '0.001849750', '0.001687575', '0.001824753', '0.001937135', '0.001829521', '0.001784736', '0.007607101', '0.006377166', '0.019847021', '0.010238499', '0.019459702', '0.001898070', '0.007614266', '0.019295901', '0.009871464', '0.001826878', '0.018247716', '0.018706229', '0.019770147', '0.001801851', '0.001922494', '0.001946574', '0.019204313', '0.019018179', '0.019909753', '0.001866762', '0.001506390', '0.001832226', '0.019050907', '0.001957513', '0.001613593', '0.001819285', '0.018880427', '0.001912443', '0.019018179', '0.001906103', '0.019694991', '0.001752146', '0.001892366', '0.003912570', '0.006418135', '0.001717256', '0.001772521', '0.001971553', '0.011204951', '0.019390773', '0.018247716', '0.001823924', '0.001826878', '0.019390773', '0.019614659', '0.019496689', '0.019585308', '0.012072542', '0.001535138', '0.019727137', '0.007607101', '0.001806822', '0.019506412', '0.019506412', '0.019655121', '0.019461097', '0.001915089', '0.017732939', '0.008798519', '0.019319361', '0.001926406', '0.009854831', '0.019740786', '0.007269374', '0.001925496', '0.019567860', '0.001928753']" 
2 DIS View4 0.145 0.152 0.481 0.075 0.174 0.563 nan 1120.0 11201.0 "['0.024905298', '0.018269056', '0.001660940', '0.019164097', '0.020518390', '0.002276844', '0.002228681', '0.002212313', '0.004038572', '0.001855828', '0.006368523', '0.018150393', '0.018512420', '0.018869927', '0.018297382', '0.002213711', '0.001931536', '0.018227851', '0.002447191', '0.001908337', '0.002156495', '0.001855798', '0.019284138', '0.018266609', '0.018253841', '0.002199016', '0.002323251', '0.025281852', '0.002058533', '0.001906115', '0.013584886', '0.001906115', '0.001967675', '0.001810149', '0.002227116', '0.001551889', '0.001969346', '0.018269056', '0.002203840', '0.018193616', '0.024145400', '0.002086210', '0.024822118', '0.001931536', '0.006368523', '0.001992617', '0.019747306', '0.002299268', '0.017739495', '0.018517315', '0.018142672', '0.018193616', '0.018294794', '0.002172374', '0.001670951', '0.002184731', '0.001931536', '0.024822118', '0.002289265', '0.017739495', '0.001992617', '0.020518390', '0.023224778', '0.017998531', '0.002039343', '0.002212313', '0.025449669', '0.024757117', '0.002199016', '0.014088854', '0.002297717', '0.018869927', '0.001907468', '0.001810149', '0.001906115', '0.010277105', '0.002074717', '0.002256678', '0.002248213', '0.020410961', '0.002046847', '0.001821233', '0.002144992', '0.002467499', '0.026144836', '0.001832047', '0.001660940', '0.022206839', '0.001950329', '0.023026248', '0.020718765', '0.002146956', '0.002091661', '0.020410961', '0.018447449', '0.002201000', '0.020167388', '0.002353207', '0.020518390', '0.018684762']" 
2 DIS Concatenated 0.095 0.155 0.396 0.052 0.227 0.855 nan 1120.0 11201.0 "['0.001049479', '0.001064695', '0.006877077', '0.001002165', '0.001034751', '0.001003316', '0.001058536', '0.001032933', '0.001036778', '0.009997074', '0.017123111', '0.008790364', '0.007560939', '0.001020436', '0.018282238', '0.001057325', '0.001022398', '0.019438503', '0.001045135', '0.036540326', '0.000986087', '0.018176295', '0.001054195', '0.001021766', '0.001015156', '0.023213033', '0.001021673', '0.018973909', '0.001064435', '0.001032955', '0.001042284', '0.000979840', '0.001051181', '0.009267107', '0.026482372', '0.018174931', '0.014441187', '0.007959399', '0.009997074', '0.019303659', '0.001022571', '0.000994407', '0.000997413', '0.007560939', '0.017247250', '0.000993603', '0.014734891', '0.017625311', '0.047435906', '0.001015141', '0.000974296', '0.026482372', '0.001023078', '0.001020307', '0.018589243', '0.001037593', '0.001017760', '0.001023539', '0.000989177', '0.001023839', '0.019438503', '0.001063260', '0.001065956', '0.007435807', '0.025131268', '0.001028417', '0.001018792', '0.001049283', '0.001025130', '0.000998347', '0.018801188', '0.016292768', '0.001032511', '0.018405596', '0.001045734', '0.019354653', '0.018027836', '0.006820976', '0.018174931', '0.015364369', '0.018292468', '0.019116679', '0.018541271', '0.001065104', '0.012610395', '0.017247250', '0.018676400', '0.018386012', '0.001018647', '0.018321857', '0.019592274', '0.018174931', '0.019112511', '0.018541271', '0.019588990', '0.001039771', '0.001072841', '0.001033421', '0.013505843', '0.076382041']" 
2 DIS Multiview 0.114 0.174 0.434 0.062 0.246 0.217 0.169 1120.0 11201.0 "[['0.013741405', '0.013494215', '0.008568991', '0.003692820', '0.003589908', '0.013659402', '0.003857102', '0.006157310', '0.003649848', '0.003593177', '0.005230482', '0.006052583', '0.005232936', '0.014051137', '0.003595438', '0.014463634', '0.005205809', '0.003590866', '0.013676013', '0.003657105', '0.037287708', '0.003736042', '0.013709757', '0.005248649', '0.003732156', '0.005540701', '0.006212531', '0.003695693', '0.003595409', '0.007125948', '0.007722292', '0.004814440', '0.003572076', '0.015221906', '0.014431201', '0.013379319', '0.006812360', '0.003777644', '0.003749808', '0.003652551', '0.141603217', '0.004420724', '0.005693575', '0.003705158', '0.015071377', '0.005829005', '0.006697708', '0.014716858', '0.014068061', '0.003589429', '0.003588635', '0.012870524', '0.003721479', '0.009220378', '0.010599921', '0.013561280', '0.003690950', '0.035157133', '0.010623065', '0.003740488', '0.004002660', '0.005507230', '0.003614342', '0.003579086', '0.016761089', '0.013952879', '0.013870480', '0.015917223', '0.008699536', '0.008947686', '0.010511751', '0.007794973', '0.003848831', '0.003685890', '0.004058800', '0.009056997', '0.012991020', '0.003829401', '0.015869534', '0.004518338', '0.003658180', '0.011007553', '0.017713679', '0.004224731', '0.010313416', '0.003786392', '0.057382569', '0.003705145', '0.003631990', '0.003583893', '0.003607661', '0.003590545', '0.005135147', '0.015421357', '0.014251454', '0.014697713', '0.003625608', '0.003598661', '0.004487418', '0.003611769'], ['0.015419553', '0.015311560', '0.016036784', '0.004465404', '0.006012265', '0.016059274', '0.004915898', '0.004678397', '0.007119106', '0.005879411', '0.004521742', '0.004501718', '0.004714111', '0.015085314', '0.004404041', '0.016319435', '0.004321225', '0.006115287', '0.015831718', '0.006505990', '0.015011933', '0.004269327', '0.015970450', '0.004328522', '0.006811348', '0.004750174', '0.004499326', '0.004689857', '0.004350778', '0.004362205', '0.009515561', '0.017598884', '0.006216854', '0.016237661', '0.004611961', '0.016386067', '0.004327204', '0.004553992', '0.004485294', '0.004365969', '0.009529394', '0.012251919', '0.004500224', '0.004532439', '0.015515935', '0.022091130', '0.078931831', '0.004553662', '0.016020207', '0.004401622', '0.004698187', '0.015745927', '0.006075004', '0.010324083', '0.016012371', '0.016105786', '0.008454341', '0.005673408', '0.004386651', '0.010890860', '0.009320537', '0.004615519', '0.006045910', '0.004444088', '0.014797965', '0.016382037', '0.016461551', '0.009126401', '0.004664352', '0.004334331', '0.015155273', '0.006673845', '0.008112809', '0.007062982', '0.004514137', '0.004490347', '0.014978596', '0.010632201', '0.010063993', '0.017194984', '0.004394655', '0.004248343', '0.014038027', '0.015139219', '0.015368362', '0.006939718', '0.036522601', '0.007101887', '0.007073971', '0.004407608', '0.004706709', '0.004489312', '0.005090062', '0.017412627', '0.012206982', '0.015909677', '0.004365409', '0.004369906', '0.016373355', '0.004513156'], ['0.016758047', '0.017027197', '0.015171683', '0.006140669', '0.004368954', '0.017889747', '0.008675776', '0.007211432', '0.008388652', '0.004232494', '0.003910265', '0.009424488', '0.004267599', '0.009693007', '0.004353030', '0.018889980', '0.008564231', '0.003834074', '0.017538378', '0.008161104', '0.020519819', '0.004272492', '0.017464155', '0.004128376', '0.004127854', '0.032087389', '0.009681681', '0.004278274', '0.006042411', '0.011685635', '0.004097460', '0.017149728', '0.004088627', '0.030887973', '0.011000137', '0.003089083', '0.007175171', '0.006765204', '0.007651373', '0.004266856', '0.032988571', '0.004273249', '0.004496641', '0.004017849', '0.015898379', '0.005496281', '0.004544483', '0.011517678', '0.016188355', '0.004028060', '0.005531987', '0.016335741', '0.008040227', '0.004436348', '0.016998939', '0.016459070', '0.003920181', '0.019634007', '0.010903012', '0.009163164', '0.011675701', '0.004102304', '0.007223591', '0.004012199', '0.016341791', '0.006166935', '0.004292140', '0.018764388', '0.012553922', '0.010496510', '0.017066590', '0.007314299', '0.011805930', '0.004156331', '0.011697521', '0.004067751', '0.004646323', '0.012487644', '0.018809503', '0.017214984', '0.008994874', '0.004372155', '0.003935569', '0.015975762', '0.015200733', '0.004245612', '0.004891613', '0.003769084', '0.008870154', '0.005810686', '0.007080876', '0.004590742', '0.008208499', '0.015558597', '0.017764928', '0.012726720', '0.004590706', '0.004197353', '0.016317884', '0.008168381'], ['0.015791923', '0.016723488', '0.016438160', '0.004713337', '0.004383724', '0.016418736', '0.013061873', '0.004596180', '0.004676923', '0.004766436', '0.004396423', '0.004617042', '0.004505405', '0.015721895', '0.004501370', '0.012635127', '0.004473494', '0.004784232', '0.016528415', '0.004508167', '0.009893998', '0.004774779', '0.009053499', '0.004541428', '0.009275671', '0.023506464', '0.004788327', '0.004522227', '0.004798996', '0.004648449', '0.004904844', '0.017910514', '0.004495817', '0.008130163', '0.004505386', '0.018144621', '0.004755661', '0.004480519', '0.010907962', '0.004513867', '0.035516195', '0.018693164', '0.004686974', '0.006231225', '0.015628764', '0.027250642', '0.021463905', '0.004939028', '0.016101889', '0.004858115', '0.004627756', '0.017239597', '0.004862555', '0.004737820', '0.016737562', '0.016028410', '0.007691619', '0.022879075', '0.004784711', '0.004790453', '0.004592827', '0.004507842', '0.004468322', '0.006748365', '0.009717752', '0.015631722', '0.016215362', '0.016842848', '0.004709219', '0.004521052', '0.016432565', '0.009479076', '0.004597868', '0.004807841', '0.016226092', '0.006528675', '0.016441340', '0.004745150', '0.015937518', '0.017464040', '0.006026141', '0.004654862', '0.004739738', '0.015985051', '0.015866078', '0.004607712', '0.042715166', '0.004824710', '0.004765809', '0.004533554', '0.004295604', '0.005864561', '0.004558409', '0.007100255', '0.016603539', '0.017343473', '0.005866741', '0.007805541', '0.015786903', '0.004895618']]" "['0.066330150', '0.302596182', '0.337680668', '0.293393016']"
2 DIS_inv View1 0.289 0.339 0.954 0.174 0.335 0.058 nan 1120.0 11201.0 "['0.009448688', '0.009163205', '0.008880163', '0.008830505', '0.008610832', '0.009273050', '0.008452863', '0.009224090', '0.008589360', '0.008598287', '0.009184437', '0.009220589', '0.009224090', '0.010113452', '0.008576772', '0.009934932', '0.009061571', '0.008589360', '0.009549263', '0.008316469', '0.009184437', '0.008888170', '0.009247345', '0.009220940', '0.008051336', '0.008749933', '0.009088368', '0.008844110', '0.008576772', '0.009116891', '0.009184437', '0.008439603', '0.008377337', '0.009550354', '0.011724621', '0.009549263', '0.009184437', '0.008880163', '0.008563474', '0.008749933', '0.011699644', '0.008749933', '0.009220940', '0.008993721', '0.011729607', '0.008313908', '0.008850577', '0.011667106', '0.009662380', '0.008610832', '0.008317522', '0.009273050', '0.008880163', '0.034287777', '0.008888170', '0.009369690', '0.008598287', '0.009061571', '0.009813179', '0.009308200', '0.008880163', '0.009220589', '0.008519675', '0.008404059', '0.009017717', '0.010113452', '0.067580327', '0.009220940', '0.009139281', '0.010113452', '0.008749933', '0.008985095', '0.008880163', '0.008749933', '0.008579854', '0.009813179', '0.008888170', '0.009394009', '0.009139281', '0.008379268', '0.008304909', '0.011750795', '0.011724621', '0.009191928', '0.009230681', '0.008834576', '0.009099735', '0.009448688', '0.008772410', '0.008610832', '0.008379268', '0.008313908', '0.008858393', '0.009369690', '0.009093804', '0.011750795', '0.008811111', '0.008576772', '0.008345457', '0.008452863']" 
2 DIS_inv View2 0.105 0.161 0.460 0.063 0.208 0.774 nan 1120.0 11201.0 "['0.001485860', '0.017104337', '0.001473997', '0.001485860', '0.001402289', '0.015776550', '0.001436412', '0.040592566', '0.018318629', '0.018356958', '0.001470627', '0.001478564', '0.017804265', '0.018356958', '0.018354911', '0.020770308', '0.001443819', '0.018172078', '0.001438864', '0.027577553', '0.001439899', '0.035107527', '0.001430763', '0.001427323', '0.001466446', '0.018736711', '0.001426015', '0.018104604', '0.001448446', '0.001459650', '0.017812973', '0.001392968', '0.017736049', '0.001485860', '0.001460495', '0.035107527', '0.031836946', '0.001474543', '0.001424640', '0.017256193', '0.018356958', '0.001470274', '0.017943004', '0.018133618', '0.001430823', '0.001428700', '0.001469885', '0.001475739', '0.018988801', '0.015627304', '0.018688515', '0.001440002', '0.001420682', '0.017888501', '0.017642589', '0.001438864', '0.001418391', '0.001478117', '0.001422367', '0.001421071', '0.018028833', '0.001426096', '0.018255120', '0.018519312', '0.031528167', '0.001426128', '0.021588525', '0.001422920', '0.033005163', '0.001472971', '0.015627304', '0.001472971', '0.001474095', '0.001449700', '0.001466446', '0.001422367', '0.001434453', '0.001406191', '0.001438864', '0.001447261', '0.017872971', '0.018043824', '0.001469885', '0.001434453', '0.017642589', '0.001422367', '0.001444103', '0.031528167', '0.001422859', '0.001422367', '0.017962707', '0.001441505', '0.019797755', '0.018107556', '0.018233426', '0.001465515', '0.019028105', '0.018142842', '0.001442005', '0.001440932']" 
2 DIS_inv View3 0.145 0.192 0.565 0.085 0.223 0.744 nan 1120.0 11201.0 "['0.024740996', '0.016811160', '0.018148446', '0.001485864', '0.016991787', '0.001485282', '0.017681647', '0.009690671', '0.001542193', '0.001426517', '0.001405093', '0.015612226', '0.018119032', '0.001430170', '0.001428983', '0.026057048', '0.001479907', '0.001467788', '0.018470038', '0.016553579', '0.001552350', '0.017783601', '0.020421736', '0.008088635', '0.001519324', '0.023896536', '0.001542525', '0.017627675', '0.036410429', '0.001423155', '0.001410791', '0.001424679', '0.001427044', '0.018119032', '0.001457328', '0.026077734', '0.028205022', '0.001510603', '0.001416948', '0.018112144', '0.001509258', '0.001469709', '0.018003872', '0.001496947', '0.001498468', '0.010944188', '0.001437650', '0.001449241', '0.001402333', '0.001546628', '0.001491415', '0.023896536', '0.017550519', '0.001438712', '0.001426406', '0.001495566', '0.001449103', '0.016788524', '0.001423359', '0.001483192', '0.017786380', '0.001491415', '0.001426856', '0.008392013', '0.001485945', '0.001455665', '0.040901519', '0.001461300', '0.016471487', '0.018051308', '0.017226551', '0.001445442', '0.001519324', '0.001496947', '0.001424947', '0.018003872', '0.001519324', '0.009238239', '0.001518370', '0.014493396', '0.001446661', '0.001454840', '0.009964548', '0.018119032', '0.001424673', '0.014141737', '0.014141737', '0.009210613', '0.001510880', '0.017584423', '0.001493815', '0.027716879', '0.001546583', '0.001414067', '0.001468557', '0.015560350', '0.078021601', '0.016738651', '0.021843398', '0.017729310']" 
2 DIS_inv View4 0.108 0.164 0.425 0.059 0.231 0.625 nan 1120.0 11201.0 "['0.033513866', '0.018013524', '0.017128840', '0.002041625', '0.002088880', '0.001960482', '0.017480355', '0.002026671', '0.001973331', '0.017036187', '0.001977608', '0.002020322', '0.002039833', '0.002060932', '0.017768316', '0.002055541', '0.017138219', '0.002114171', '0.001970647', '0.027588397', '0.001979056', '0.001972221', '0.002046990', '0.017940847', '0.002113156', '0.002058659', '0.015460464', '0.024230238', '0.001993909', '0.002055472', '0.002043481', '0.002055472', '0.002020922', '0.017037380', '0.016613862', '0.001969459', '0.002038223', '0.018013524', '0.016357334', '0.002011409', '0.023217751', '0.019133613', '0.024056781', '0.017138219', '0.001977608', '0.017124269', '0.002036836', '0.002033585', '0.002027453', '0.002044687', '0.002019878', '0.002011409', '0.002107349', '0.002050711', '0.021557990', '0.001975008', '0.017138219', '0.024056781', '0.001997811', '0.002027453', '0.017124269', '0.002088880', '0.036303084', '0.002001897', '0.002000545', '0.002026671', '0.023854356', '0.025258839', '0.002058659', '0.024383374', '0.015854081', '0.002060932', '0.002073909', '0.017037380', '0.002055472', '0.002069891', '0.001979555', '0.016647225', '0.016138488', '0.028190022', '0.019912628', '0.002023522', '0.001975743', '0.001972968', '0.029638549', '0.020210624', '0.017128840', '0.002084489', '0.021781826', '0.024958810', '0.027039135', '0.001991567', '0.001981241', '0.028190022', '0.002035466', '0.017978294', '0.002053417', '0.001956140', '0.002088880', '0.002047048']" 
2 DIS_inv Concatenated 0.093 0.159 0.395 0.052 0.233 0.511 nan 1120.0 11201.0 "['0.002770477', '0.002779248', '0.002790967', '0.002633163', '0.017198801', '0.002641110', '0.002786854', '0.002746118', '0.002757996', '0.002833128', '0.017929837', '0.002813766', '0.002799119', '0.002732052', '0.019860398', '0.002783398', '0.002694049', '0.019038312', '0.002763360', '0.040592913', '0.002569337', '0.017553775', '0.002758961', '0.002762377', '0.002701338', '0.029732065', '0.002709060', '0.018289547', '0.002759321', '0.002739361', '0.002771512', '0.002527648', '0.002759488', '0.002824215', '0.023374125', '0.018140974', '0.002864207', '0.002804834', '0.002833128', '0.018236261', '0.002694889', '0.002601071', '0.002677576', '0.002799119', '0.027326418', '0.002590684', '0.002916846', '0.020021327', '0.064049035', '0.002653321', '0.002580370', '0.023374125', '0.002697305', '0.002671186', '0.018399470', '0.017434059', '0.002713012', '0.002680313', '0.002651526', '0.002681789', '0.019038312', '0.002767082', '0.002762477', '0.002797581', '0.024521001', '0.002701589', '0.002668007', '0.017053982', '0.002701017', '0.002619051', '0.018998852', '0.017927809', '0.002776806', '0.017655879', '0.002780195', '0.018388379', '0.017533891', '0.002790563', '0.018140974', '0.002890931', '0.018167889', '0.018042712', '0.018173259', '0.002790252', '0.002851713', '0.027326418', '0.018313942', '0.019759776', '0.002686716', '0.017381202', '0.019813007', '0.018140974', '0.017971590', '0.018173259', '0.019874807', '0.002751711', '0.002791641', '0.002776524', '0.002891143', '0.021937056']" 
2 DIS_inv Multiview 0.115 0.163 0.417 0.058 0.233 0.346 0.338 1120.0 11201.0 "[['0.016842451', '0.016115140', '0.010945175', '0.003072917', '0.002875062', '0.016604148', '0.003168320', '0.004765986', '0.003017030', '0.002892708', '0.004247690', '0.004741495', '0.004197653', '0.018047903', '0.002832385', '0.020267578', '0.003383645', '0.002889856', '0.017061463', '0.002882304', '0.053357728', '0.003058993', '0.016393395', '0.004205260', '0.002863697', '0.006191174', '0.004826166', '0.003026277', '0.002886332', '0.005856705', '0.006636703', '0.005898585', '0.002784834', '0.020678861', '0.012967829', '0.015578260', '0.005719339', '0.003169054', '0.003165737', '0.002951040', '0.047762193', '0.004059147', '0.004598594', '0.003073510', '0.026199434', '0.005134617', '0.007742606', '0.013245984', '0.018071095', '0.002800503', '0.002736694', '0.015640436', '0.003097021', '0.008056298', '0.013460084', '0.016570291', '0.003176062', '0.049690362', '0.009638731', '0.003527118', '0.003628931', '0.004461893', '0.002910749', '0.002776612', '0.029492445', '0.017463299', '0.018661590', '0.032145385', '0.007544766', '0.007936301', '0.013144379', '0.005766532', '0.003477992', '0.003093270', '0.003538891', '0.008703520', '0.014958894', '0.015367277', '0.031180179', '0.005489802', '0.002762227', '0.009776950', '0.017660525', '0.005233358', '0.014945924', '0.003189453', '0.018462079', '0.003077849', '0.002937966', '0.002817503', '0.002769649', '0.002694719', '0.003407127', '0.019592902', '0.020532094', '0.022743691', '0.002915993', '0.002954240', '0.005414195', '0.003021191'], ['0.016306683', '0.015367631', '0.024089562', '0.003498913', '0.004845997', '0.018996455', '0.004127193', '0.003651432', '0.005461823', '0.004751089', '0.003516042', '0.003626922', '0.003825391', '0.015920574', '0.003261965', '0.022373106', '0.003069978', '0.004947738', '0.019088499', '0.005263591', '0.016229015', '0.003078495', '0.017882030', '0.003302551', '0.005757977', '0.002279830', '0.003603191', '0.003836454', '0.003345850', '0.003273851', '0.007966154', '0.026472773', '0.004988642', '0.019600283', '0.004020091', '0.022182098', '0.003106593', '0.003658036', '0.003522081', '0.003211417', '0.009831692', '0.010056003', '0.003430924', '0.003508032', '0.018549424', '0.021237353', '0.050098766', '0.003849140', '0.019960962', '0.003363513', '0.003720871', '0.018268205', '0.004036651', '0.008795544', '0.022337472', '0.020620642', '0.006923553', '0.006444804', '0.003419454', '0.009841803', '0.007735601', '0.003720648', '0.004851765', '0.003360100', '0.015749507', '0.021517675', '0.024266530', '0.009743242', '0.003789250', '0.003270075', '0.016840881', '0.004305840', '0.006628121', '0.005802135', '0.003602546', '0.003508090', '0.014717596', '0.024270084', '0.010743004', '0.026327649', '0.003303750', '0.003103675', '0.012574506', '0.015560142', '0.015463735', '0.005678707', '0.014718553', '0.005793899', '0.005635022', '0.003441012', '0.003823970', '0.003459944', '0.003877649', '0.024984311', '0.013323538', '0.021065947', '0.003174247', '0.003300659', '0.023584718', '0.003778836'], ['0.019241296', '0.020133628', '0.015430158', '0.004296143', '0.002936331', '0.025854908', '0.005912222', '0.004990935', '0.005650029', '0.002768537', '0.002208847', '0.006526356', '0.002886800', '0.009415953', '0.002942956', '0.031165881', '0.004925394', '0.002089106', '0.025096754', '0.005836919', '0.027392989', '0.002716647', '0.020940064', '0.002666887', '0.002681224', '0.029073421', '0.006702196', '0.002857999', '0.004233680', '0.008420321', '0.002515732', '0.021544311', '0.002465883', '0.043020226', '0.008305531', '0.002719084', '0.005150376', '0.004764835', '0.005077017', '0.002763517', '0.030676348', '0.002689038', '0.003089719', '0.002433795', '0.016918950', '0.003112174', '0.005030667', '0.008713055', '0.017684275', '0.002423547', '0.003790981', '0.017530208', '0.004825728', '0.003318847', '0.023172187', '0.019081078', '0.002231100', '0.022605954', '0.008280682', '0.007330598', '0.008531748', '0.002630237', '0.004997625', '0.002409845', '0.017171761', '0.005664119', '0.003856268', '0.032264449', '0.009436615', '0.007772557', '0.022259617', '0.003778177', '0.008626361', '0.002669168', '0.007958945', '0.002592944', '0.003940759', '0.026810588', '0.032354079', '0.022818636', '0.005525094', '0.003010261', '0.001802757', '0.015775392', '0.014668510', '0.002811989', '0.003932811', '0.001972527', '0.006300220', '0.004106857', '0.005030849', '0.003116025', '0.004534784', '0.014426024', '0.027103819', '0.014207168', '0.003042683', '0.002737904', '0.018533774', '0.007556037'], ['0.015827077', '0.019145956', '0.021004008', '0.003637651', '0.003009515', '0.018335320', '0.010184957', '0.003469905', '0.003656409', '0.003598296', '0.002963176', '0.003533123', '0.003310021', '0.015316310', '0.003238613', '0.013962120', '0.003219731', '0.003598884', '0.019451318', '0.003358852', '0.010921450', '0.003633613', '0.008548161', '0.003404482', '0.007738049', '0.023391368', '0.003743601', '0.003319059', '0.003652888', '0.003639218', '0.003889262', '0.024790322', '0.003148447', '0.007993496', '0.003412769', '0.032959398', '0.003660268', '0.003226910', '0.008399077', '0.003275106', '0.032852877', '0.015178060', '0.003662710', '0.004829726', '0.017052215', '0.026593255', '0.022205746', '0.004141592', '0.017080043', '0.003777048', '0.003415578', '0.023073472', '0.003729124', '0.003970572', '0.020766890', '0.017234510', '0.006097691', '0.028710412', '0.003820668', '0.003933046', '0.003470228', '0.003305058', '0.003294172', '0.005265195', '0.009474688', '0.014296086', '0.016835503', '0.020577352', '0.003698959', '0.003546367', '0.017831046', '0.006589395', '0.003495420', '0.003672304', '0.012634703', '0.005721817', '0.017266169', '0.010988462', '0.017981106', '0.022498842', '0.003924710', '0.003554653', '0.003895951', '0.019328240', '0.015160669', '0.003402045', '0.043933950', '0.003686488', '0.003690660', '0.003475303', '0.002796741', '0.003760134', '0.003416388', '0.006599758', '0.019190291', '0.025435628', '0.003748961', '0.006239324', '0.014900734', '0.004723013']]" "['0.032666396', '0.407851249', '0.230727777', '0.328754514']"
2 Cbound View1 0.257 0.327 0.869 0.148 0.358 0.303 nan 1120.0 1120.0 "['0.019858167', '0.003821423', '0.003674805', '0.003678487', '0.003531712', '0.004026598', '0.003482118', '0.014333673', '0.003499126', '0.003500716', '0.016687123', '0.021244049', '0.014333673', '0.020289594', '0.003495276', '0.020265549', '0.011852168', '0.003499126', '0.020034574', '0.003483287', '0.016687123', '0.003671334', '0.003999407', '0.014210066', '0.003491549', '0.003562559', '0.012294765', '0.003736490', '0.003495276', '0.012778057', '0.016687123', '0.003489421', '0.003489963', '0.020121327', '0.019592205', '0.020034574', '0.016687123', '0.003674805', '0.003495226', '0.003562559', '0.019610209', '0.003562559', '0.014210066', '0.003611315', '0.019604657', '0.003476115', '0.003647766', '0.019625355', '0.020212222', '0.003531712', '0.003478095', '0.004026598', '0.003674805', '0.020594466', '0.003671334', '0.019955607', '0.003500716', '0.011852168', '0.020235142', '0.003853095', '0.003674805', '0.021244049', '0.003496522', '0.003492868', '0.012607908', '0.020289594', '0.019856403', '0.014210066', '0.012924829', '0.020289594', '0.003562559', '0.011766474', '0.003674805', '0.003562559', '0.003498372', '0.020235142', '0.003671334', '0.019643331', '0.012924829', '0.003481051', '0.003497783', '0.019607069', '0.019592205', '0.003751203', '0.019241653', '0.003681425', '0.014084811', '0.019858167', '0.003550247', '0.003531712', '0.003481051', '0.003476115', '0.003763055', '0.019955607', '0.013907229', '0.019607069', '0.003562263', '0.003495276', '0.003480612', '0.003482118']" 
2 Cbound View2 0.096 0.169 0.551 0.065 0.208 1.697 nan 1120.0 1120.0 "['0.001862835', '0.003671951', '0.001819975', '0.001862835', '0.000207382', '0.007423490', '0.004471785', '0.034602519', '0.034693282', '0.034746714', '0.001976776', '0.002332874', '0.034776144', '0.034746714', '0.034325097', '0.005781232', '0.000207139', '0.036143299', '0.000206594', '0.003228381', '0.000207082', '0.036567800', '0.000212031', '0.000205559', '0.001752318', '0.003995386', '0.000206065', '0.003913350', '0.001642472', '0.001776241', '0.033676818', '0.000209219', '0.000212121', '0.001862835', '0.000211773', '0.036567800', '0.034448590', '0.000210147', '0.000205398', '0.000208727', '0.034746714', '0.000209401', '0.033214040', '0.034299050', '0.000205951', '0.000207947', '0.003458835', '0.001743395', '0.035006791', '0.001961847', '0.005920164', '0.000206366', '0.000204762', '0.032979537', '0.005154277', '0.000206594', '0.000204806', '0.002036507', '0.000204907', '0.000206499', '0.033486240', '0.000205750', '0.036076464', '0.004402483', '0.015315424', '0.000207045', '0.000211976', '0.000206853', '0.034428779', '0.000210494', '0.001961847', '0.000210494', '0.001817083', '0.000208266', '0.001752318', '0.000204907', '0.002840000', '0.000205473', '0.000206594', '0.000208284', '0.000212618', '0.032596815', '0.003458835', '0.002840000', '0.005154277', '0.000204907', '0.000211099', '0.015315424', '0.000205215', '0.000204907', '0.033234835', '0.000207511', '0.004838503', '0.034161177', '0.033438142', '0.000208457', '0.034640491', '0.034322284', '0.000210211', '0.000210365']" 
2 Cbound View3 0.149 0.193 0.625 0.087 0.213 1.455 nan 1120.0 1120.0 "['0.019280102', '0.000289660', '0.033962969', '0.000293070', '0.005733946', '0.001653440', '0.032867603', '0.003155788', '0.004499417', '0.000284163', '0.000289246', '0.000285528', '0.034396071', '0.000284677', '0.000283942', '0.019576952', '0.000286465', '0.000287813', '0.006928842', '0.000286769', '0.002630965', '0.033089206', '0.009713089', '0.002910167', '0.002323915', '0.038725823', '0.004230924', '0.032852288', '0.031716257', '0.000285965', '0.000294840', '0.000287282', '0.000283943', '0.034396071', '0.000285138', '0.038009599', '0.034580130', '0.002262708', '0.000287036', '0.034390792', '0.002266205', '0.000287551', '0.033543672', '0.002303026', '0.002405170', '0.003551975', '0.000283957', '0.000285675', '0.000293601', '0.003607661', '0.001988655', '0.038725823', '0.032516520', '0.000282814', '0.000284163', '0.002030100', '0.000287183', '0.032665662', '0.000285562', '0.001984718', '0.032716490', '0.001988655', '0.000284920', '0.002488591', '0.000292788', '0.000284579', '0.034193575', '0.000286349', '0.000296935', '0.033793382', '0.000290437', '0.000282454', '0.002323915', '0.002303026', '0.000287013', '0.033543672', '0.002323915', '0.003633543', '0.002169433', '0.004496483', '0.000282684', '0.000284599', '0.003167269', '0.034396071', '0.000284511', '0.004228671', '0.004228671', '0.003759267', '0.002262708', '0.032048978', '0.001986637', '0.034513284', '0.003542850', '0.000293521', '0.000286877', '0.004798437', '0.034432631', '0.000285574', '0.015996840', '0.032277495']" 
2 Cbound View4 0.109 0.165 0.542 0.064 0.201 1.539 nan 1120.0 1120.0 "['0.033066723', '0.004745770', '0.031008024', '0.000516842', '0.016359402', '0.000481816', '0.000501841', '0.000496628', '0.000502413', '0.030875260', '0.000506179', '0.000514473', '0.000517344', '0.000522995', '0.004771189', '0.000496389', '0.030802513', '0.004648846', '0.000499551', '0.031240955', '0.000491496', '0.000493288', '0.000518534', '0.004752684', '0.004646684', '0.000490391', '0.000507324', '0.032257222', '0.000494171', '0.000504854', '0.000514892', '0.000504854', '0.000508244', '0.030913163', '0.030039443', '0.000503957', '0.000500077', '0.004745770', '0.030247044', '0.000525777', '0.000523364', '0.000511060', '0.032414369', '0.030802513', '0.000506179', '0.030724332', '0.009230345', '0.000486609', '0.000499887', '0.000517508', '0.000514631', '0.000525777', '0.004801752', '0.000496971', '0.031123416', '0.000488333', '0.030802513', '0.032414369', '0.000485967', '0.000499887', '0.030724332', '0.016359402', '0.033484235', '0.000520062', '0.000499976', '0.000496628', '0.032257222', '0.000510875', '0.000490391', '0.031564713', '0.000507177', '0.000522995', '0.000517284', '0.030913163', '0.000504854', '0.000524296', '0.000490034', '0.029736022', '0.029840380', '0.032758273', '0.030176166', '0.000516257', '0.000492249', '0.000502055', '0.000526849', '0.000525875', '0.031008024', '0.000512495', '0.031213395', '0.000511302', '0.032560635', '0.000488239', '0.000493917', '0.032758273', '0.000513454', '0.000505532', '0.000517468', '0.000472806', '0.016359402', '0.000518474']" 
2 Cbound Concatenated 0.111 0.161 0.524 0.057 0.208 1.824 nan 1120.0 1120.0 "['0.000198677', '0.000194253', '0.001434276', '0.000186469', '0.000197208', '0.000187153', '0.002500962', '0.000195117', '0.000192744', '0.001503219', '0.027900232', '0.001637839', '0.001464259', '0.000190148', '0.029337699', '0.002309896', '0.000191540', '0.029752823', '0.000197252', '0.005311507', '0.000185707', '0.028202254', '0.000195685', '0.000190172', '0.000191209', '0.003652251', '0.000191118', '0.028980622', '0.000197661', '0.000198172', '0.000192972', '0.000185920', '0.000196170', '0.001624878', '0.031958766', '0.028465021', '0.000198279', '0.001479666', '0.001503219', '0.029260300', '0.000189728', '0.000186080', '0.000188645', '0.001464259', '0.005666656', '0.000185540', '0.001815407', '0.000200094', '0.031139556', '0.000188356', '0.000185975', '0.031958766', '0.000191142', '0.000190204', '0.028772423', '0.027522113', '0.000190160', '0.000191813', '0.000187100', '0.000192070', '0.029752823', '0.000194016', '0.000198327', '0.001512232', '0.030257525', '0.000194599', '0.000189547', '0.000194996', '0.000191139', '0.000186274', '0.029165257', '0.027969124', '0.000193997', '0.028335771', '0.000195799', '0.029377522', '0.028197816', '0.000920887', '0.028465021', '0.004916879', '0.028452868', '0.028987417', '0.028617678', '0.003186659', '0.005536008', '0.005666656', '0.028769337', '0.029365912', '0.000190737', '0.028160926', '0.030126063', '0.028465021', '0.028950850', '0.028617678', '0.030154061', '0.000193007', '0.000196181', '0.000191955', '0.001764938', '0.030657126']" 
2 Cbound Multiview 0.128 0.191 0.552 0.069 0.248 0.042 0.029 1120.0 1120.0 "[['0.007148051', '0.007304998', '0.012687283', '0.012754881', '0.007175442', '0.007392995', '0.007329586', '0.012662267', '0.007188390', '0.007101947', '0.012349505', '0.012664797', '0.012729839', '0.012521075', '0.007096930', '0.013155563', '0.012667220', '0.007109488', '0.007507753', '0.007256136', '0.012652244', '0.009800716', '0.007279733', '0.012534594', '0.007248348', '0.006928290', '0.012699533', '0.012432782', '0.007116605', '0.012729845', '0.012682443', '0.007329051', '0.007179987', '0.007194526', '0.012915843', '0.007242704', '0.012573207', '0.012630383', '0.007225967', '0.006940475', '0.012921933', '0.007047741', '0.012877933', '0.007056784', '0.012926284', '0.007269145', '0.012846172', '0.012924327', '0.013206802', '0.007179782', '0.007203608', '0.007268122', '0.013254064', '0.012986623', '0.013258447', '0.007359299', '0.007201650', '0.012903732', '0.012618013', '0.007315732', '0.012730685', '0.012709697', '0.007235202', '0.007213954', '0.012305059', '0.012712128', '0.012918036', '0.012911567', '0.012763312', '0.012562063', '0.013414430', '0.013064846', '0.012663017', '0.006956285', '0.007207557', '0.012015554', '0.011441256', '0.007240497', '0.012916888', '0.007315467', '0.007260429', '0.012802876', '0.012818228', '0.007222480', '0.007190065', '0.012085103', '0.012710782', '0.007135052', '0.007246451', '0.007224311', '0.007250823', '0.007255491', '0.012870008', '0.007174644', '0.012963122', '0.012977510', '0.007165958', '0.007124178', '0.007255813', '0.007201575'], ['0.006907449', '0.007119374', '0.013114002', '0.007668230', '0.011842963', '0.013095196', '0.013162795', '0.007124709', '0.012891376', '0.011934618', '0.007002492', '0.007053048', '0.012731407', '0.008676231', '0.007063546', '0.013193135', '0.007151283', '0.012413248', '0.013085613', '0.011935675', '0.007148776', '0.007110113', '0.012453653', '0.007032261', '0.006981367', '0.007114195', '0.007091327', '0.012956817', '0.007013745', '0.007147061', '0.012920801', '0.013099727', '0.006913012', '0.012284634', '0.013106210', '0.012951947', '0.007136157', '0.013096740', '0.007138282', '0.007040941', '0.007283236', '0.012942155', '0.007271113', '0.007016127', '0.013149756', '0.012874338', '0.013122128', '0.007486392', '0.013179333', '0.007002679', '0.006896900', '0.012768073', '0.013207339', '0.013220245', '0.013197360', '0.013091578', '0.012861144', '0.007207251', '0.007137864', '0.013094896', '0.013094590', '0.012347317', '0.012586274', '0.007073013', '0.006987002', '0.012988361', '0.013123329', '0.007282154', '0.007138018', '0.007140985', '0.013396376', '0.013332536', '0.013092605', '0.012665031', '0.007133128', '0.007088639', '0.007119104', '0.012929363', '0.007312883', '0.013103516', '0.007124647', '0.007098286', '0.006961066', '0.006947306', '0.007008024', '0.012953443', '0.007113209', '0.007794060', '0.012842970', '0.006955222', '0.012542113', '0.007060333', '0.013101496', '0.012753460', '0.009650243', '0.013195934', '0.007109031', '0.007069839', '0.012836571', '0.008034525'], ['0.009993390', '0.012164216', '0.007030940', '0.012603688', '0.006676835', '0.012593715', '0.012593753', '0.009417851', '0.012488135', '0.006781218', '0.006878996', '0.012498549', '0.007154901', '0.006876515', '0.009024868', '0.012682308', '0.012494751', '0.006884416', '0.012594842', '0.012469126', '0.012486476', '0.006850414', '0.011813917', '0.006781181', '0.006828673', '0.006709951', '0.012495770', '0.007981140', '0.012266945', '0.012482732', '0.006900352', '0.012612559', '0.006840054', '0.012494852', '0.012606846', '0.006907573', '0.009057675', '0.012599808', '0.012395842', '0.006740275', '0.012612589', '0.006895698', '0.012482597', '0.006849314', '0.007139115', '0.006896397', '0.006957196', '0.012612303', '0.010689865', '0.006849909', '0.008674869', '0.006826160', '0.012676114', '0.012786661', '0.012698855', '0.012535742', '0.006903458', '0.012731269', '0.012433913', '0.012598373', '0.012606598', '0.006844485', '0.012476940', '0.006860954', '0.006761604', '0.006911074', '0.006938284', '0.012620528', '0.012508742', '0.012504588', '0.012713620', '0.012910262', '0.012608299', '0.006816816', '0.012480921', '0.006848063', '0.006888806', '0.012448145', '0.012624668', '0.012612379', '0.012508051', '0.006735823', '0.006892393', '0.006737576', '0.006831857', '0.006831910', '0.006885689', '0.006878014', '0.012478394', '0.012418465', '0.012485117', '0.012242367', '0.012602660', '0.006859034', '0.012646781', '0.012902968', '0.009020339', '0.006804428', '0.012224130', '0.012421837'], ['0.007073659', '0.013199602', '0.013385853', '0.013432262', '0.007232483', '0.013328403', '0.013350495', '0.007216971', '0.007070363', '0.007122498', '0.007249162', '0.007221305', '0.007250840', '0.007113955', '0.007173713', '0.013570266', '0.007250613', '0.007145037', '0.013350149', '0.007232641', '0.007219361', '0.009668550', '0.007264081', '0.007095641', '0.012846710', '0.007862066', '0.007168283', '0.007264130', '0.007062726', '0.007221438', '0.007221209', '0.013355756', '0.007202668', '0.007253584', '0.007333446', '0.013284075', '0.007205627', '0.007345824', '0.013207105', '0.007137723', '0.013357151', '0.013278371', '0.013367143', '0.010155445', '0.013464735', '0.013201825', '0.013560558', '0.013455355', '0.013597361', '0.012501291', '0.007154955', '0.013280210', '0.013610674', '0.013509712', '0.013472755', '0.013393003', '0.012327384', '0.013383053', '0.007244333', '0.013359271', '0.007354320', '0.007247959', '0.007234799', '0.012780826', '0.007208025', '0.007284496', '0.013506046', '0.013406321', '0.007262789', '0.007158012', '0.013586409', '0.013619005', '0.007364943', '0.007098900', '0.013275218', '0.007086444', '0.012997951', '0.007231848', '0.013489568', '0.013375437', '0.013095757', '0.007143720', '0.007172430', '0.010141043', '0.007157867', '0.007262569', '0.013259445', '0.007091872', '0.007226486', '0.011187111', '0.007279763', '0.012752004', '0.007649543', '0.007230174', '0.013447625', '0.013418403', '0.011556386', '0.013112566', '0.007271957', '0.007109075']]" "['0.156163275', '0.282256305', '0.279191166', '0.282389313']"
2 C_TND View1 0.277 0.335 0.915 0.156 0.358 0.061 nan 1120.0 1120.0 "['0.011321780', '0.009319643', '0.008702274', '0.008681560', '0.007186180', '0.010968079', '0.006365508', '0.010345398', '0.007207064', '0.007242959', '0.009862623', '0.010176471', '0.010345398', '0.013767239', '0.007124490', '0.014369125', '0.009893630', '0.007207064', '0.011647207', '0.005639626', '0.009862623', '0.008690931', '0.011034735', '0.010296497', '0.004230864', '0.008033133', '0.010012958', '0.008818290', '0.007124490', '0.010138395', '0.009862623', '0.006301720', '0.005894996', '0.013539631', '0.020517617', '0.011647207', '0.009862623', '0.008702274', '0.007053718', '0.008033133', '0.020463686', '0.008033133', '0.010296497', '0.008337511', '0.020399954', '0.005553537', '0.008589490', '0.020380383', '0.016079692', '0.007186180', '0.005555862', '0.010968079', '0.008702274', '0.010834267', '0.008690931', '0.014156192', '0.007242959', '0.009893630', '0.016558396', '0.009955598', '0.008702274', '0.010176471', '0.006772010', '0.006085134', '0.009430856', '0.013767239', '0.010965222', '0.010296497', '0.010190262', '0.013767239', '0.008033133', '0.009292203', '0.008702274', '0.008033133', '0.007181196', '0.016558396', '0.008690931', '0.010841658', '0.010190262', '0.005808562', '0.005599309', '0.020170707', '0.020517617', '0.008562321', '0.011632621', '0.008694973', '0.009681777', '0.011321780', '0.006979233', '0.007186180', '0.005808562', '0.005553537', '0.008869539', '0.014156192', '0.009670658', '0.020170707', '0.007824934', '0.007124490', '0.005714382', '0.006365508']" 
2 C_TND View2 0.118 0.161 0.498 0.066 0.190 0.005 nan 1120.0 1120.0 "['0.010105882', '0.010583454', '0.010069410', '0.010105882', '0.008073674', '0.010729561', '0.010010093', '0.010184525', '0.012557764', '0.012464355', '0.010042156', '0.010149268', '0.010510535', '0.012464355', '0.013090652', '0.010785083', '0.008225372', '0.011229577', '0.009136585', '0.009927307', '0.009205779', '0.010113705', '0.009696431', '0.008891404', '0.009905457', '0.010636127', '0.009075729', '0.010660705', '0.009855550', '0.009935047', '0.011045727', '0.007224940', '0.009896219', '0.010105882', '0.009772482', '0.010113705', '0.010140507', '0.009660183', '0.008819755', '0.009507938', '0.012464355', '0.009491165', '0.010344874', '0.011845682', '0.008986617', '0.009344343', '0.010274313', '0.010036817', '0.011146338', '0.009991746', '0.010794898', '0.009122592', '0.008676843', '0.010562185', '0.010650770', '0.009136585', '0.008657857', '0.010078882', '0.008720960', '0.008040084', '0.010692708', '0.009016455', '0.011780045', '0.010615442', '0.010489293', '0.009189053', '0.009820265', '0.009149075', '0.010050664', '0.009648543', '0.009991746', '0.009648543', '0.010068198', '0.009412009', '0.009905457', '0.008720960', '0.009921876', '0.008165538', '0.009136585', '0.009060145', '0.009926328', '0.010505783', '0.010274313', '0.009921876', '0.010650770', '0.008720960', '0.009608442', '0.010489293', '0.008751236', '0.008720960', '0.011085664', '0.009248192', '0.010703097', '0.011679770', '0.011282234', '0.009423903', '0.010430261', '0.011915660', '0.009544658', '0.009557361']" 
2 C_TND View3 0.168 0.191 0.620 0.094 0.195 0.012 nan 1120.0 1120.0 "['0.011241846', '0.009552054', '0.015660379', '0.009680796', '0.010664231', '0.010037893', '0.011282945', '0.010643873', '0.010474822', '0.008284514', '0.007208087', '0.009025651', '0.011078678', '0.008205933', '0.008398655', '0.011000254', '0.007981787', '0.009419316', '0.011017176', '0.009072729', '0.010453766', '0.011585888', '0.011100853', '0.010555448', '0.010357940', '0.011287637', '0.010449946', '0.011253909', '0.009930725', '0.007818104', '0.006551378', '0.007613648', '0.008269789', '0.011078678', '0.009228129', '0.011235354', '0.010826546', '0.010400636', '0.007642014', '0.011171538', '0.010317662', '0.009404332', '0.013617352', '0.010106209', '0.010200473', '0.010732543', '0.008772355', '0.008022314', '0.006624305', '0.010512349', '0.010165088', '0.011287637', '0.010932893', '0.008679875', '0.008284514', '0.010179617', '0.007695063', '0.010107867', '0.007889648', '0.010146787', '0.012085703', '0.010165088', '0.008291774', '0.010479582', '0.009672462', '0.008443852', '0.010386246', '0.009324486', '0.009893015', '0.015144962', '0.009605522', '0.008918880', '0.010357940', '0.010106209', '0.007652944', '0.013617352', '0.010357940', '0.010689341', '0.010365554', '0.010661692', '0.008973195', '0.009106459', '0.010646651', '0.011078678', '0.008116180', '0.010598565', '0.010598565', '0.010742998', '0.010400636', '0.010984291', '0.009990578', '0.010751319', '0.010557367', '0.006738512', '0.009363465', '0.010762484', '0.010724726', '0.008770590', '0.010888275', '0.011563533']" 
2 C_TND View4 0.112 0.166 0.485 0.061 0.210 0.007 nan 1120.0 1120.0 "['0.009962952', '0.010287554', '0.013511917', '0.009463717', '0.009937484', '0.008454498', '0.009510892', '0.009261294', '0.009210273', '0.013210391', '0.009324363', '0.009338921', '0.009407961', '0.009522235', '0.010218357', '0.009249974', '0.012959776', '0.010173534', '0.009114535', '0.009977085', '0.008947235', '0.008925947', '0.009498380', '0.010290238', '0.010136119', '0.008918434', '0.010056295', '0.009969014', '0.009026259', '0.009406007', '0.009549439', '0.009406007', '0.009535951', '0.013451159', '0.011705570', '0.009299242', '0.009250184', '0.010287554', '0.012179773', '0.009598479', '0.009716243', '0.009674775', '0.009960781', '0.012959776', '0.009324363', '0.012686198', '0.009762427', '0.008860619', '0.009085268', '0.009401998', '0.009342340', '0.009598479', '0.010117480', '0.009229706', '0.010038435', '0.008788794', '0.012959776', '0.009960781', '0.008790500', '0.009085268', '0.012686198', '0.009937484', '0.010129584', '0.009518396', '0.009274115', '0.009261294', '0.009969014', '0.009429533', '0.008918434', '0.010015093', '0.009912413', '0.009522235', '0.009758335', '0.013451159', '0.009406007', '0.009755805', '0.008818715', '0.011274574', '0.011313205', '0.011091303', '0.010345847', '0.009710962', '0.008979242', '0.009206550', '0.009710941', '0.009914289', '0.013511917', '0.009432181', '0.010092891', '0.009450431', '0.010760985', '0.008752564', '0.009030788', '0.011091303', '0.009325287', '0.009608241', '0.009587086', '0.007789534', '0.009937484', '0.009439615']" 
2 C_TND Concatenated 0.100 0.160 0.454 0.055 0.211 0.010 nan 1120.0 1120.0 "['0.009611634', '0.009167632', '0.009718631', '0.007934982', '0.009932471', '0.008183065', '0.009763015', '0.009421116', '0.009154866', '0.009772116', '0.010397081', '0.009779453', '0.009735011', '0.008857522', '0.010849047', '0.009734361', '0.008994172', '0.012698702', '0.009528474', '0.010719969', '0.007111927', '0.011548750', '0.009307381', '0.008886963', '0.009033457', '0.010589874', '0.008970898', '0.012244321', '0.009368688', '0.009664931', '0.009166834', '0.006531106', '0.009373982', '0.009875268', '0.013227360', '0.011281807', '0.009650310', '0.009767356', '0.009772116', '0.013091745', '0.008720771', '0.007676120', '0.008634409', '0.009735011', '0.010446384', '0.007192547', '0.009984066', '0.009801716', '0.010649172', '0.008469095', '0.007188970', '0.013227360', '0.008939014', '0.008779289', '0.011572918', '0.010269219', '0.008854678', '0.008985818', '0.008138764', '0.009017484', '0.012698702', '0.009122925', '0.009411025', '0.009761121', '0.010712497', '0.009289974', '0.008681685', '0.009715986', '0.008927005', '0.007825168', '0.011512849', '0.010514766', '0.009375506', '0.011658271', '0.009446914', '0.013214798', '0.011690299', '0.009536099', '0.011281807', '0.010337689', '0.011006849', '0.012555026', '0.011398387', '0.009927357', '0.010109830', '0.010446384', '0.011539073', '0.010683057', '0.008902132', '0.011681581', '0.012879634', '0.011281807', '0.012637815', '0.011398387', '0.012763461', '0.009148364', '0.009310827', '0.009110173', '0.009934336', '0.009869165']" 
2 C_TND Multiview 0.101 0.164 0.487 0.057 0.219 0.298 0.526 1120.0 1120.0 "[['0.000067097', '0.000089549', '0.000022886', '0.000022368', '0.000018256', '0.000065503', '0.000012005', '0.000020718', '0.000014604', '0.000013213', '0.000041715', '0.000026323', '0.000024137', '0.000080230', '0.000014925', '0.000074346', '0.000022944', '0.000015417', '0.000058346', '0.000012275', '0.000022851', '0.000025448', '0.000072461', '0.000042991', '0.000011277', '0.000020494', '0.000025219', '0.000022268', '0.000015479', '0.000024747', '0.000021943', '0.000013915', '0.000014988', '0.000072838', '0.543128252', '0.000032636', '0.000027848', '0.000028593', '0.000018674', '0.000021833', '0.000086016', '0.000022273', '0.000022548', '0.000022688', '0.000072504', '0.000012975', '0.000023800', '0.453450203', '0.000069498', '0.000017541', '0.000015208', '0.000024583', '0.000025919', '0.000045977', '0.000026429', '0.000067002', '0.000017942', '0.000026438', '0.000140844', '0.000029127', '0.000029448', '0.000035024', '0.000020357', '0.000014963', '0.000024773', '0.000068554', '0.000025038', '0.000034658', '0.000022161', '0.000072801', '0.000027690', '0.000029011', '0.000027167', '0.000026159', '0.000020629', '0.000130168', '0.000028000', '0.000041105', '0.000036709', '0.000018436', '0.000016848', '0.000086350', '0.000080876', '0.000023333', '0.000021147', '0.000022594', '0.000027400', '0.000022239', '0.000025045', '0.000025365', '0.000024301', '0.000016468', '0.000030170', '0.000057490', '0.000023868', '0.000075250', '0.000023363', '0.000019451', '0.000021257', '0.000023288'], ['0.007527160', '0.007180623', '0.005716560', '0.007464213', '0.011554016', '0.011020715', '0.008578854', '0.022377310', '0.010449827', '0.012045451', '0.012811597', '0.007801314', '0.012765779', '0.010229625', '0.014958171', '0.010302589', '0.009562432', '0.014674810', '0.008759130', '0.011627793', '0.018084308', '0.002049661', '0.010596923', '0.008776817', '0.011024030', '0.000974838', '0.006047198', '0.011358470', '0.004008399', '0.004473362', '0.011025367', '0.010526069', '0.011147732', '0.008058070', '0.000052810', '0.012647514', '0.010168759', '0.007636246', '0.007711217', '0.009979581', '0.007158316', '0.011930286', '0.020310488', '0.010432828', '0.005884060', '0.011784260', '0.011470904', '0.000050155', '0.011485214', '0.007323419', '0.010990271', '0.005007235', '0.008973518', '0.014468082', '0.010135555', '0.012052251', '0.012598865', '0.004402013', '0.006204625', '0.011389495', '0.010129588', '0.012262669', '0.010441802', '0.009514608', '0.005047717', '0.014178022', '0.013192653', '0.006101905', '0.019871319', '0.009164663', '0.010000126', '0.008737616', '0.008659210', '0.012936108', '0.009494774', '0.015197159', '0.013480726', '0.010725399', '0.007675743', '0.010588146', '0.008163383', '0.005282048', '0.015001906', '0.005359967', '0.022419780', '0.010945500', '0.010806498', '0.010048992', '0.010236952', '0.011162397', '0.008970629', '0.008172252', '0.010577922', '0.012867714', '0.008356230', '0.011316460', '0.007934732', '0.008593196', '0.010253618', '0.008322610'], ['0.007810264', '0.007420560', '0.021793116', '0.012790835', '0.011798539', '0.011226836', '0.006591072', '0.007922477', '0.011872045', '0.004453180', '0.004635004', '0.012852427', '0.007533847', '0.003338007', '0.006309621', '0.011703356', '0.016965104', '0.002931396', '0.009921034', '0.012640334', '0.011488934', '0.023862392', '0.013247657', '0.004933645', '0.002137855', '0.030198907', '0.010445649', '0.009581325', '0.008573355', '0.022835217', '0.003338147', '0.010606017', '0.012652500', '0.012781778', '0.000069400', '0.001255083', '0.011389033', '0.015505817', '0.009594573', '0.012186747', '0.010130452', '0.002691442', '0.007349579', '0.003323172', '0.025309509', '0.003228402', '0.004993269', '0.000065731', '0.008662025', '0.001772106', '0.011102510', '0.020100627', '0.011812500', '0.004127269', '0.009247462', '0.006063444', '0.002038431', '0.013202176', '0.009360235', '0.012787357', '0.014802291', '0.002952350', '0.016357120', '0.003063503', '0.029371107', '0.002262193', '0.002046816', '0.012612007', '0.009927250', '0.017803339', '0.010841071', '0.009940570', '0.014654702', '0.004756086', '0.008805241', '0.001646173', '0.002003591', '0.014946766', '0.013008905', '0.009763275', '0.014128619', '0.007711764', '0.001821679', '0.028923500', '0.002223691', '0.005786970', '0.003133080', '0.001507717', '0.012805867', '0.016035030', '0.019023443', '0.010665826', '0.015177984', '0.014379282', '0.012332411', '0.004954757', '0.010112674', '0.007007747', '0.009504112', '0.014638694'], ['0.014450180', '0.012406876', '0.007557552', '0.009531452', '0.004809919', '0.009213203', '0.015450579', '0.003234758', '0.007849141', '0.014478771', '0.008660707', '0.010401169', '0.008344653', '0.015977263', '0.006692816', '0.008566929', '0.004046156', '0.009767104', '0.012320030', '0.005618236', '0.004383957', '0.006374259', '0.005053406', '0.011957237', '0.015218955', '0.006298019', '0.014843171', '0.007420965', '0.017910842', '0.004996372', '0.015652901', '0.011503401', '0.005369402', '0.008719367', '0.000053131', '0.017508024', '0.007147440', '0.006385917', '0.013184087', '0.005964225', '0.014810025', '0.017162511', '0.004671469', '0.013148812', '0.005504712', '0.016129857', '0.015454620', '0.000059230', '0.010636871', '0.017351976', '0.006313186', '0.012204589', '0.009628386', '0.010308275', '0.013595335', '0.011432363', '0.013193454', '0.013663524', '0.013267593', '0.005792157', '0.005799905', '0.011023282', '0.002428027', '0.015239478', '0.002618857', '0.012934798', '0.016819423', '0.014570370', '0.004154045', '0.002053053', '0.013146497', '0.010879739', '0.007456476', '0.010929074', '0.015489220', '0.011452152', '0.015102671', '0.004333990', '0.011862159', '0.013844797', '0.008601042', '0.016632138', '0.012127874', '0.002909340', '0.008681870', '0.012238429', '0.016069505', '0.017662635', '0.006643901', '0.002155068', '0.000934711', '0.010844573', '0.003500079', '0.002829687', '0.014057338', '0.017354330', '0.010999953', '0.015860517', '0.010693608', '0.007413874']]" "['0.013894872', '0.359841913', '0.259476483', '0.366786689']"
3 Uniform View1 0.346 0.368 0.848 0.236 0.264 0.000 nan 1120.0 1120.0 "['0.010000000', '0.010000000', '0.010000000', '0.010000000', '0.010000000', '0.010000000', '0.010000000', '0.010000000', '0.010000000', '0.010000000', '0.010000000', '0.010000000', '0.010000000', '0.010000000', '0.010000000', '0.010000000', '0.010000000', '0.010000000', '0.010000000', '0.010000000', '0.010000000', '0.010000000', '0.010000000', '0.010000000', '0.010000000', '0.010000000', '0.010000000', '0.010000000', '0.010000000', '0.010000000', '0.010000000', '0.010000000', '0.010000000', '0.010000000', '0.010000000', '0.010000000', '0.010000000', '0.010000000', '0.010000000', '0.010000000', '0.010000000', '0.010000000', '0.010000000', '0.010000000', '0.010000000', '0.010000000', '0.010000000', '0.010000000', '0.010000000', '0.010000000', '0.010000000', '0.010000000', '0.010000000', '0.010000000', '0.010000000', '0.010000000', '0.010000000', '0.010000000', '0.010000000', '0.010000000', '0.010000000', '0.010000000', '0.010000000', '0.010000000', '0.010000000', '0.010000000', '0.010000000', '0.010000000', '0.010000000', '0.010000000', '0.010000000', '0.010000000', '0.010000000', '0.010000000', '0.010000000', '0.010000000', '0.010000000', '0.010000000', '0.010000000', '0.010000000', '0.010000000', '0.010000000', '0.010000000', '0.010000000', '0.010000000', '0.010000000', '0.010000000', '0.010000000', '0.010000000', '0.010000000', '0.010000000', '0.010000000', '0.010000000', '0.010000000', '0.010000000', '0.010000000', '0.010000000', '0.010000000', '0.010000000', '0.010000000']" 
3 Uniform View2 0.126 0.174 0.439 0.079 0.189 0.000 nan 1120.0 1120.0 "['0.010000000', '0.010000000', '0.010000000', '0.010000000', '0.010000000', '0.010000000', '0.010000000', '0.010000000', '0.010000000', '0.010000000', '0.010000000', '0.010000000', '0.010000000', '0.010000000', '0.010000000', '0.010000000', '0.010000000', '0.010000000', '0.010000000', '0.010000000', '0.010000000', '0.010000000', '0.010000000', '0.010000000', '0.010000000', '0.010000000', '0.010000000', '0.010000000', '0.010000000', '0.010000000', '0.010000000', '0.010000000', '0.010000000', '0.010000000', '0.010000000', '0.010000000', '0.010000000', '0.010000000', '0.010000000', '0.010000000', '0.010000000', '0.010000000', '0.010000000', '0.010000000', '0.010000000', '0.010000000', '0.010000000', '0.010000000', '0.010000000', '0.010000000', '0.010000000', '0.010000000', '0.010000000', '0.010000000', '0.010000000', '0.010000000', '0.010000000', '0.010000000', '0.010000000', '0.010000000', '0.010000000', '0.010000000', '0.010000000', '0.010000000', '0.010000000', '0.010000000', '0.010000000', '0.010000000', '0.010000000', '0.010000000', '0.010000000', '0.010000000', '0.010000000', '0.010000000', '0.010000000', '0.010000000', '0.010000000', '0.010000000', '0.010000000', '0.010000000', '0.010000000', '0.010000000', '0.010000000', '0.010000000', '0.010000000', '0.010000000', '0.010000000', '0.010000000', '0.010000000', '0.010000000', '0.010000000', '0.010000000', '0.010000000', '0.010000000', '0.010000000', '0.010000000', '0.010000000', '0.010000000', '0.010000000', '0.010000000']" 
3 Uniform View3 0.161 0.213 0.524 0.110 0.207 0.000 nan 1120.0 1120.0 "['0.010000000', '0.010000000', '0.010000000', '0.010000000', '0.010000000', '0.010000000', '0.010000000', '0.010000000', '0.010000000', '0.010000000', '0.010000000', '0.010000000', '0.010000000', '0.010000000', '0.010000000', '0.010000000', '0.010000000', '0.010000000', '0.010000000', '0.010000000', '0.010000000', '0.010000000', '0.010000000', '0.010000000', '0.010000000', '0.010000000', '0.010000000', '0.010000000', '0.010000000', '0.010000000', '0.010000000', '0.010000000', '0.010000000', '0.010000000', '0.010000000', '0.010000000', '0.010000000', '0.010000000', '0.010000000', '0.010000000', '0.010000000', '0.010000000', '0.010000000', '0.010000000', '0.010000000', '0.010000000', '0.010000000', '0.010000000', '0.010000000', '0.010000000', '0.010000000', '0.010000000', '0.010000000', '0.010000000', '0.010000000', '0.010000000', '0.010000000', '0.010000000', '0.010000000', '0.010000000', '0.010000000', '0.010000000', '0.010000000', '0.010000000', '0.010000000', '0.010000000', '0.010000000', '0.010000000', '0.010000000', '0.010000000', '0.010000000', '0.010000000', '0.010000000', '0.010000000', '0.010000000', '0.010000000', '0.010000000', '0.010000000', '0.010000000', '0.010000000', '0.010000000', '0.010000000', '0.010000000', '0.010000000', '0.010000000', '0.010000000', '0.010000000', '0.010000000', '0.010000000', '0.010000000', '0.010000000', '0.010000000', '0.010000000', '0.010000000', '0.010000000', '0.010000000', '0.010000000', '0.010000000', '0.010000000', '0.010000000']" 
3 Uniform View4 0.099 0.189 0.473 0.081 0.217 0.000 nan 1120.0 1120.0 "['0.010000000', '0.010000000', '0.010000000', '0.010000000', '0.010000000', '0.010000000', '0.010000000', '0.010000000', '0.010000000', '0.010000000', '0.010000000', '0.010000000', '0.010000000', '0.010000000', '0.010000000', '0.010000000', '0.010000000', '0.010000000', '0.010000000', '0.010000000', '0.010000000', '0.010000000', '0.010000000', '0.010000000', '0.010000000', '0.010000000', '0.010000000', '0.010000000', '0.010000000', '0.010000000', '0.010000000', '0.010000000', '0.010000000', '0.010000000', '0.010000000', '0.010000000', '0.010000000', '0.010000000', '0.010000000', '0.010000000', '0.010000000', '0.010000000', '0.010000000', '0.010000000', '0.010000000', '0.010000000', '0.010000000', '0.010000000', '0.010000000', '0.010000000', '0.010000000', '0.010000000', '0.010000000', '0.010000000', '0.010000000', '0.010000000', '0.010000000', '0.010000000', '0.010000000', '0.010000000', '0.010000000', '0.010000000', '0.010000000', '0.010000000', '0.010000000', '0.010000000', '0.010000000', '0.010000000', '0.010000000', '0.010000000', '0.010000000', '0.010000000', '0.010000000', '0.010000000', '0.010000000', '0.010000000', '0.010000000', '0.010000000', '0.010000000', '0.010000000', '0.010000000', '0.010000000', '0.010000000', '0.010000000', '0.010000000', '0.010000000', '0.010000000', '0.010000000', '0.010000000', '0.010000000', '0.010000000', '0.010000000', '0.010000000', '0.010000000', '0.010000000', '0.010000000', '0.010000000', '0.010000000', '0.010000000', '0.010000000']" 
3 Uniform Concatenated 0.101 0.174 0.439 0.072 0.204 0.000 nan 1120.0 1120.0 "['0.010000000', '0.010000000', '0.010000000', '0.010000000', '0.010000000', '0.010000000', '0.010000000', '0.010000000', '0.010000000', '0.010000000', '0.010000000', '0.010000000', '0.010000000', '0.010000000', '0.010000000', '0.010000000', '0.010000000', '0.010000000', '0.010000000', '0.010000000', '0.010000000', '0.010000000', '0.010000000', '0.010000000', '0.010000000', '0.010000000', '0.010000000', '0.010000000', '0.010000000', '0.010000000', '0.010000000', '0.010000000', '0.010000000', '0.010000000', '0.010000000', '0.010000000', '0.010000000', '0.010000000', '0.010000000', '0.010000000', '0.010000000', '0.010000000', '0.010000000', '0.010000000', '0.010000000', '0.010000000', '0.010000000', '0.010000000', '0.010000000', '0.010000000', '0.010000000', '0.010000000', '0.010000000', '0.010000000', '0.010000000', '0.010000000', '0.010000000', '0.010000000', '0.010000000', '0.010000000', '0.010000000', '0.010000000', '0.010000000', '0.010000000', '0.010000000', '0.010000000', '0.010000000', '0.010000000', '0.010000000', '0.010000000', '0.010000000', '0.010000000', '0.010000000', '0.010000000', '0.010000000', '0.010000000', '0.010000000', '0.010000000', '0.010000000', '0.010000000', '0.010000000', '0.010000000', '0.010000000', '0.010000000', '0.010000000', '0.010000000', '0.010000000', '0.010000000', '0.010000000', '0.010000000', '0.010000000', '0.010000000', '0.010000000', '0.010000000', '0.010000000', '0.010000000', '0.010000000', '0.010000000', '0.010000000', '0.010000000']" 
3 Uniform Multiview 0.130 0.238 0.577 0.095 0.286 0.000 0.000 1120.0 1120.0 "[['0.010000000', '0.010000000', '0.010000000', '0.010000000', '0.010000000', '0.010000000', '0.010000000', '0.010000000', '0.010000000', '0.010000000', '0.010000000', '0.010000000', '0.010000000', '0.010000000', '0.010000000', '0.010000000', '0.010000000', '0.010000000', '0.010000000', '0.010000000', '0.010000000', '0.010000000', '0.010000000', '0.010000000', '0.010000000', '0.010000000', '0.010000000', '0.010000000', '0.010000000', '0.010000000', '0.010000000', '0.010000000', '0.010000000', '0.010000000', '0.010000000', '0.010000000', '0.010000000', '0.010000000', '0.010000000', '0.010000000', '0.010000000', '0.010000000', '0.010000000', '0.010000000', '0.010000000', '0.010000000', '0.010000000', '0.010000000', '0.010000000', '0.010000000', '0.010000000', '0.010000000', '0.010000000', '0.010000000', '0.010000000', '0.010000000', '0.010000000', '0.010000000', '0.010000000', '0.010000000', '0.010000000', '0.010000000', '0.010000000', '0.010000000', '0.010000000', '0.010000000', '0.010000000', '0.010000000', '0.010000000', '0.010000000', '0.010000000', '0.010000000', '0.010000000', '0.010000000', '0.010000000', '0.010000000', '0.010000000', '0.010000000', '0.010000000', '0.010000000', '0.010000000', '0.010000000', '0.010000000', '0.010000000', '0.010000000', '0.010000000', '0.010000000', '0.010000000', '0.010000000', '0.010000000', '0.010000000', '0.010000000', '0.010000000', '0.010000000', '0.010000000', '0.010000000', '0.010000000', '0.010000000', '0.010000000', '0.010000000'], ['0.010000000', '0.010000000', '0.010000000', '0.010000000', '0.010000000', '0.010000000', '0.010000000', '0.010000000', '0.010000000', '0.010000000', '0.010000000', '0.010000000', '0.010000000', '0.010000000', '0.010000000', '0.010000000', '0.010000000', '0.010000000', '0.010000000', '0.010000000', '0.010000000', '0.010000000', '0.010000000', '0.010000000', '0.010000000', '0.010000000', '0.010000000', '0.010000000', '0.010000000', '0.010000000', '0.010000000', '0.010000000', '0.010000000', '0.010000000', '0.010000000', '0.010000000', '0.010000000', '0.010000000', '0.010000000', '0.010000000', '0.010000000', '0.010000000', '0.010000000', '0.010000000', '0.010000000', '0.010000000', '0.010000000', '0.010000000', '0.010000000', '0.010000000', '0.010000000', '0.010000000', '0.010000000', '0.010000000', '0.010000000', '0.010000000', '0.010000000', '0.010000000', '0.010000000', '0.010000000', '0.010000000', '0.010000000', '0.010000000', '0.010000000', '0.010000000', '0.010000000', '0.010000000', '0.010000000', '0.010000000', '0.010000000', '0.010000000', '0.010000000', '0.010000000', '0.010000000', '0.010000000', '0.010000000', '0.010000000', '0.010000000', '0.010000000', '0.010000000', '0.010000000', '0.010000000', '0.010000000', '0.010000000', '0.010000000', '0.010000000', '0.010000000', '0.010000000', '0.010000000', '0.010000000', '0.010000000', '0.010000000', '0.010000000', '0.010000000', '0.010000000', '0.010000000', '0.010000000', '0.010000000', '0.010000000', '0.010000000'], ['0.010000000', '0.010000000', '0.010000000', '0.010000000', '0.010000000', '0.010000000', '0.010000000', '0.010000000', '0.010000000', '0.010000000', '0.010000000', '0.010000000', '0.010000000', '0.010000000', '0.010000000', '0.010000000', '0.010000000', '0.010000000', '0.010000000', '0.010000000', '0.010000000', '0.010000000', '0.010000000', '0.010000000', '0.010000000', '0.010000000', '0.010000000', '0.010000000', '0.010000000', '0.010000000', '0.010000000', '0.010000000', '0.010000000', '0.010000000', '0.010000000', '0.010000000', '0.010000000', '0.010000000', '0.010000000', '0.010000000', '0.010000000', '0.010000000', '0.010000000', '0.010000000', '0.010000000', '0.010000000', '0.010000000', '0.010000000', '0.010000000', '0.010000000', '0.010000000', '0.010000000', '0.010000000', '0.010000000', '0.010000000', '0.010000000', '0.010000000', '0.010000000', '0.010000000', '0.010000000', '0.010000000', '0.010000000', '0.010000000', '0.010000000', '0.010000000', '0.010000000', '0.010000000', '0.010000000', '0.010000000', '0.010000000', '0.010000000', '0.010000000', '0.010000000', '0.010000000', '0.010000000', '0.010000000', '0.010000000', '0.010000000', '0.010000000', '0.010000000', '0.010000000', '0.010000000', '0.010000000', '0.010000000', '0.010000000', '0.010000000', '0.010000000', '0.010000000', '0.010000000', '0.010000000', '0.010000000', '0.010000000', '0.010000000', '0.010000000', '0.010000000', '0.010000000', '0.010000000', '0.010000000', '0.010000000', '0.010000000'], ['0.010000000', '0.010000000', '0.010000000', '0.010000000', '0.010000000', '0.010000000', '0.010000000', '0.010000000', '0.010000000', '0.010000000', '0.010000000', '0.010000000', '0.010000000', '0.010000000', '0.010000000', '0.010000000', '0.010000000', '0.010000000', '0.010000000', '0.010000000', '0.010000000', '0.010000000', '0.010000000', '0.010000000', '0.010000000', '0.010000000', '0.010000000', '0.010000000', '0.010000000', '0.010000000', '0.010000000', '0.010000000', '0.010000000', '0.010000000', '0.010000000', '0.010000000', '0.010000000', '0.010000000', '0.010000000', '0.010000000', '0.010000000', '0.010000000', '0.010000000', '0.010000000', '0.010000000', '0.010000000', '0.010000000', '0.010000000', '0.010000000', '0.010000000', '0.010000000', '0.010000000', '0.010000000', '0.010000000', '0.010000000', '0.010000000', '0.010000000', '0.010000000', '0.010000000', '0.010000000', '0.010000000', '0.010000000', '0.010000000', '0.010000000', '0.010000000', '0.010000000', '0.010000000', '0.010000000', '0.010000000', '0.010000000', '0.010000000', '0.010000000', '0.010000000', '0.010000000', '0.010000000', '0.010000000', '0.010000000', '0.010000000', '0.010000000', '0.010000000', '0.010000000', '0.010000000', '0.010000000', '0.010000000', '0.010000000', '0.010000000', '0.010000000', '0.010000000', '0.010000000', '0.010000000', '0.010000000', '0.010000000', '0.010000000', '0.010000000', '0.010000000', '0.010000000', '0.010000000', '0.010000000', '0.010000000', '0.010000000']]" "['0.250000000', '0.250000000', '0.250000000', '0.250000000']"
3 PBkl View1 0.315 0.338 0.788 0.220 0.237 0.279 nan 1120.0 1120.0 "['0.019809881', '0.018843696', '0.003265818', '0.003552046', '0.004208760', '0.016387347', '0.015347157', '0.004155075', '0.002418535', '0.004087107', '0.003338520', '0.004159458', '0.018245986', '0.014589926', '0.015792813', '0.004155075', '0.018932251', '0.003690519', '0.021616125', '0.013703718', '0.004068865', '0.016198194', '0.004155075', '0.004035861', '0.012656244', '0.014310276', '0.016198194', '0.019809881', '0.003874287', '0.004095325', '0.004143102', '0.004155075', '0.012656244', '0.019986738', '0.003717837', '0.004143102', '0.019986738', '0.008071993', '0.003507675', '0.003552046', '0.021680836', '0.004165648', '0.002967622', '0.003825855', '0.003627962', '0.021638043', '0.003265818', '0.016387347', '0.008720276', '0.019809881', '0.018752242', '0.010934699', '0.004161570', '0.004099236', '0.018843696', '0.014015269', '0.004224348', '0.019809881', '0.016000224', '0.003552046', '0.004123408', '0.016387347', '0.010934699', '0.014310276', '0.002658396', '0.021638043', '0.021659616', '0.019809881', '0.002828360', '0.008720276', '0.003265818', '0.004120260', '0.004185052', '0.004123408', '0.004078306', '0.004082783', '0.004078306', '0.003338520', '0.019986738', '0.019986738', '0.019986738', '0.015107429', '0.003458003', '0.003717837', '0.021571176', '0.008720276', '0.003265818', '0.004126463', '0.018843696', '0.003458003', '0.003265818', '0.014589926', '0.003993556', '0.004137860', '0.004078306', '0.004155075', '0.019986738', '0.011848105', '0.019809881', '0.003458003']" 
3 PBkl View2 0.152 0.152 0.398 0.101 0.101 1.249 nan 1120.0 1120.0 "['0.019769661', '0.032189161', '0.011298146', '0.032189161', '0.011298146', '0.000570492', '0.000762173', '0.000559125', '0.000589980', '0.032189161', '0.001234937', '0.000577363', '0.005341244', '0.000557887', '0.000692312', '0.023503913', '0.016491074', '0.027664641', '0.013673292', '0.003791242', '0.000570492', '0.032189161', '0.001065219', '0.005341244', '0.016491074', '0.000988898', '0.003791242', '0.001234937', '0.000961052', '0.006402360', '0.000961052', '0.001073275', '0.000563075', '0.000677180', '0.000909585', '0.023503913', '0.001073275', '0.000566911', '0.000602958', '0.000565696', '0.000606354', '0.000762173', '0.000584402', '0.019769661', '0.001145054', '0.000653930', '0.005341244', '0.027664641', '0.000618981', '0.050163653', '0.003791242', '0.001073275', '0.001481587', '0.000567561', '0.006402360', '0.050163653', '0.001073275', '0.046139635', '0.000988898', '0.004484129', '0.023503913', '0.000614300', '0.032189161', '0.023503913', '0.000560923', '0.000630214', '0.003791242', '0.001145054', '0.000664570', '0.053706113', '0.001073275', '0.003791242', '0.000762173', '0.000556539', '0.000961052', '0.032189161', '0.000568956', '0.050163653', '0.000980329', '0.023503913', '0.032189161', '0.000592149', '0.000587977', '0.053706113', '0.000566290', '0.000575115', '0.001234937', '0.000618981', '0.001145054', '0.002402069', '0.000602958', '0.032189161', '0.003791242', '0.032189161', '0.000562611', '0.011298146', '0.005341244', '0.006402360', '0.000614300', '0.000579904']" 
3 PBkl View3 0.159 0.175 0.450 0.126 0.097 1.470 nan 1120.0 1120.0 "['0.071013495', '0.000580006', '0.008810716', '0.003499682', '0.006923927', '0.000556688', '0.000562954', '0.000557715', '0.072269507', '0.005472341', '0.001080331', '0.000556561', '0.072269507', '0.000613434', '0.004878360', '0.033691686', '0.001080331', '0.000562005', '0.000751371', '0.000836371', '0.000556561', '0.000836371', '0.001917506', '0.000751371', '0.000791189', '0.002562048', '0.000557477', '0.022697723', '0.000751371', '0.000557477', '0.008810716', '0.022697723', '0.000638306', '0.000562954', '0.000558007', '0.000556550', '0.000669717', '0.001080331', '0.000558937', '0.030748917', '0.002106455', '0.000556940', '0.014328154', '0.000596096', '0.012698153', '0.000556586', '0.000557884', '0.000556631', '0.001080331', '0.000557884', '0.005472341', '0.000556557', '0.000556561', '0.072269507', '0.000791189', '0.000558281', '0.014328154', '0.000557930', '0.000669717', '0.020329807', '0.009951677', '0.000557758', '0.022697723', '0.000566890', '0.001080331', '0.006150263', '0.016141443', '0.030748917', '0.000715823', '0.016141443', '0.016141443', '0.000556641', '0.000560493', '0.003499682', '0.000556550', '0.000564063', '0.006923927', '0.001917506', '0.033691686', '0.000638306', '0.000562005', '0.033691686', '0.000558545', '0.000576378', '0.000562005', '0.000556940', '0.033691686', '0.000613434', '0.000559892', '0.025234345', '0.016141443', '0.000557477', '0.000558998', '0.000557107', '0.030748917', '0.000669717', '0.072269507', '0.068132505', '0.006923927', '0.001917506']" 
3 PBkl View4 0.140 0.162 0.423 0.099 0.125 1.501 nan 1120.0 1120.0 "['0.000604297', '0.026534747', '0.000596160', '0.000748245', '0.000630388', '0.062681913', '0.000801739', '0.002710079', '0.047665380', '0.002710079', '0.000598193', '0.000645370', '0.055931795', '0.023049504', '0.003566821', '0.000620815', '0.000602495', '0.000606683', '0.002109870', '0.055931795', '0.000596671', '0.000636996', '0.000617301', '0.003100075', '0.038723633', '0.000617301', '0.000630388', '0.003566821', '0.000609911', '0.001684548', '0.000625101', '0.000596337', '0.000596337', '0.043191250', '0.000714381', '0.001150226', '0.000609911', '0.005594697', '0.038723633', '0.000748245', '0.004125756', '0.038723633', '0.062681913', '0.000789838', '0.000608171', '0.062681913', '0.000714381', '0.000596949', '0.000595945', '0.005594697', '0.038723633', '0.002710079', '0.000689063', '0.000617301', '0.000596550', '0.000630388', '0.000611961', '0.000596949', '0.000605403', '0.000606683', '0.000595689', '0.026534747', '0.006548723', '0.006548723', '0.000625101', '0.004794837', '0.000617301', '0.000609911', '0.000599169', '0.006548723', '0.038723633', '0.000625101', '0.030331325', '0.005594697', '0.003100075', '0.000606683', '0.000596337', '0.000595452', '0.001150226', '0.001684548', '0.000595615', '0.000603335', '0.043191250', '0.002383696', '0.001377634', '0.000630388', '0.038723633', '0.000748245', '0.000597694', '0.000689063', '0.005594697', '0.000597931', '0.000595581', '0.004125756', '0.047665380', '0.000630388', '0.001255906', '0.051961541', '0.002109870', '0.002710079']" 
3 PBkl Concatenated 0.114 0.165 0.420 0.074 0.181 0.183 nan 1120.0 1120.0 "['0.004450716', '0.015144624', '0.015764954', '0.015734360', '0.004545549', '0.004426497', '0.014937578', '0.004538686', '0.015539553', '0.004486659', '0.015539553', '0.015701404', '0.004470378', '0.015585306', '0.009000050', '0.015627244', '0.003895593', '0.004562143', '0.012732754', '0.015434285', '0.015820026', '0.014937578', '0.004302237', '0.004302237', '0.001723481', '0.015734360', '0.015229830', '0.015764954', '0.014937578', '0.004570763', '0.015734360', '0.015489431', '0.004615570', '0.015627244', '0.015373318', '0.010834457', '0.004105511', '0.004530944', '0.015627244', '0.015144624', '0.004395934', '0.012732754', '0.015434285', '0.015539553', '0.015229830', '0.004586851', '0.004577980', '0.004486659', '0.015820026', '0.004581169', '0.015489431', '0.004395934', '0.005664507', '0.004589394', '0.004613548', '0.004613548', '0.015144624', '0.004614583', '0.004584115', '0.004105511', '0.004545549', '0.004570763', '0.015539553', '0.015665799', '0.015868198', '0.015144624', '0.014937578', '0.015585306', '0.013282117', '0.004581169', '0.014485682', '0.015144624', '0.015764954', '0.015868198', '0.004538686', '0.015048000', '0.004302237', '0.014937578', '0.015539553', '0.004512050', '0.015764954', '0.004586851', '0.015144624', '0.004581169', '0.013282117', '0.015144624', '0.013282117', '0.004105511', '0.004225076', '0.004591765', '0.015627244', '0.004639859', '0.014485682', '0.001723481', '0.004622144', '0.004522144', '0.004562143', '0.004596057', '0.004302237', '0.004624131']" 
3 PBkl Multiview 0.125 0.158 0.419 0.077 0.176 1.546 0.944 1120.0 1120.0 "[['0.029529838', '0.023665944', '0.001141399', '0.001223409', '0.001549184', '0.012619559', '0.009585460', '0.001511978', '0.001193553', '0.001468286', '0.001159919', '0.001514923', '0.020447606', '0.007879477', '0.010779414', '0.001511978', '0.024170732', '0.001273228', '0.042044539', '0.006319209', '0.001457167', '0.012001847', '0.001511978', '0.001437666', '0.004948603', '0.007340843', '0.012001847', '0.029529838', '0.001352519', '0.001473380', '0.001504015', '0.001511978', '0.004948603', '0.030681163', '0.001283991', '0.001504015', '0.030681163', '0.002168825', '0.001208982', '0.001223409', '0.042512923', '0.001519111', '0.001078639', '0.001329978', '0.001249773', '0.042203158', '0.001141399', '0.012619559', '0.002382252', '0.029529838', '0.023152014', '0.003465229', '0.001516349', '0.001475822', '0.023665944', '0.006820198', '0.001560464', '0.029529838', '0.011387921', '0.001223409', '0.001491168', '0.012619559', '0.003465229', '0.007340843', '0.001031171', '0.042203158', '0.042359233', '0.029529838', '0.001055364', '0.002382252', '0.001141399', '0.001489145', '0.001532441', '0.001491168', '0.001462893', '0.001465631', '0.001462893', '0.001159919', '0.030681163', '0.030681163', '0.030681163', '0.009003630', '0.001193642', '0.001283991', '0.041719615', '0.002382252', '0.001141399', '0.001493140', '0.023665944', '0.001193642', '0.001141399', '0.007879477', '0.001413773', '0.001500563', '0.001462893', '0.001511978', '0.030681163', '0.004155910', '0.029529838', '0.001193642'], ['0.000977968', '0.000574306', '0.001187320', '0.026001619', '0.000567288', '0.021181934', '0.052698851', '0.000550274', '0.000561011', '0.001187320', '0.000530825', '0.000660960', '0.000492381', '0.007422267', '0.000505705', '0.000490943', '0.065943129', '0.001045542', '0.031596489', '0.000482586', '0.000567288', '0.000642308', '0.000515782', '0.005080014', '0.007422267', '0.000972683', '0.000626510', '0.000977968', '0.000496561', '0.000642308', '0.073948435', '0.000508668', '0.001187320', '0.000550274', '0.006111074', '0.000515782', '0.000660960', '0.037918136', '0.001187320', '0.017148625', '0.001283897', '0.070465468', '0.004267617', '0.000743080', '0.021181934', '0.044983782', '0.000601307', '0.000567288', '0.000537597', '0.000601307', '0.011198206', '0.000534070', '0.000601307', '0.004267617', '0.000743080', '0.001034371', '0.000508668', '0.000977968', '0.044983782', '0.000512004', '0.001396637', '0.000938865', '0.013850654', '0.002096675', '0.005080014', '0.000545652', '0.070465468', '0.007422267', '0.021181934', '0.026001619', '0.000513832', '0.000512004', '0.065943129', '0.003624697', '0.001685626', '0.021181934', '0.073948435', '0.001396637', '0.005080014', '0.000537597', '0.000660960', '0.000938865', '0.002701598', '0.001396637', '0.001396637', '0.000477265', '0.006111074', '0.001045542', '0.000897800', '0.000494777', '0.002096675', '0.000929595', '0.000520094', '0.002701598', '0.013850654', '0.000500671', '0.000977968', '0.000897800', '0.017148625', '0.037918136'], ['0.005070447', '0.000667515', '0.005070447', '0.028499380', '0.000742532', '0.032988235', '0.000745756', '0.000708111', '0.000733495', '0.005070447', '0.000723109', '0.000735897', '0.025281001', '0.009737735', '0.000597532', '0.021951878', '0.002424999', '0.002424999', '0.005070447', '0.039374605', '0.032988235', '0.032988235', '0.020274319', '0.000728263', '0.000714406', '0.000994679', '0.000663786', '0.000597532', '0.000692567', '0.028499380', '0.000655547', '0.005787272', '0.028499380', '0.053117886', '0.032988235', '0.000655547', '0.000726904', '0.000688058', '0.000650992', '0.025281001', '0.040486839', '0.000688058', '0.000728263', '0.005070447', '0.000603315', '0.030045999', '0.000597532', '0.000739179', '0.041547116', '0.000726193', '0.000708111', '0.000706686', '0.001095340', '0.000650992', '0.021951878', '0.000593904', '0.002424999', '0.001603011', '0.000718625', '0.000710784', '0.050975803', '0.001456154', '0.018607117', '0.000609871', '0.016966490', '0.000655547', '0.000685612', '0.040486839', '0.001456154', '0.000593904', '0.001324410', '0.000655547', '0.000743671', '0.000616574', '0.000671012', '0.000708111', '0.000705197', '0.000713247', '0.000722273', '0.012373298', '0.000745017', '0.000743671', '0.004448553', '0.051547378', '0.005070447', '0.001456154', '0.001204838', '0.003450900', '0.031543437', '0.002424999', '0.000688058', '0.000655547', '0.025281001', '0.000902415', '0.025281001', '0.040486839', '0.002424999', '0.000616574', '0.039374605', '0.000718625'], ['0.000499054', '0.001714759', '0.000794348', '0.000506627', '0.057942580', '0.000499935', '0.000502050', '0.037932854', '0.000505666', '0.000534129', '0.000500598', '0.000534129', '0.000642298', '0.006231039', '0.037932854', '0.000520151', '0.000520151', '0.000500598', '0.062169660', '0.000528465', '0.000541211', '0.037932854', '0.000528465', '0.065876253', '0.000499283', '0.065876253', '0.000517073', '0.000618620', '0.037932854', '0.048195269', '0.001008671', '0.002675246', '0.002675246', '0.000528465', '0.000499935', '0.037932854', '0.000528465', '0.002675246', '0.000499935', '0.000647976', '0.000534129', '0.037932854', '0.037932854', '0.000510574', '0.002675246', '0.024334220', '0.000618620', '0.000520151', '0.000541211', '0.000499813', '0.000499935', '0.001415538', '0.002373941', '0.000509045', '0.000507743', '0.000514517', '0.037932854', '0.000534129', '0.000647976', '0.000509045', '0.000561628', '0.003458772', '0.003032635', '0.000517073', '0.000509045', '0.000512377', '0.000505666', '0.000502050', '0.000500071', '0.000500400', '0.000499121', '0.000576380', '0.000595310', '0.000517073', '0.000499287', '0.003032635', '0.024334220', '0.000517073', '0.000642298', '0.000502050', '0.000499390', '0.001901042', '0.028498380', '0.033056635', '0.000534129', '0.037932854', '0.001901042', '0.001714759', '0.000618620', '0.000501358', '0.065876253', '0.024334220', '0.043026883', '0.003458772', '0.002118584', '0.000502947', '0.000500821', '0.001008671', '0.037932854', '0.000520151']]" "['0.011759504', '0.637109637', '0.038160741', '0.312970102']"
3 PBkl_inv View1 0.257 0.290 0.700 0.192 0.197 1.746 nan 1120.0 1120.0 "['0.023008632', '0.009721580', '0.000461604', '0.000476346', '0.000583180', '0.002783648', '0.002055579', '0.000565771', '0.000538214', '0.000547433', '0.000464600', '0.000567087', '0.006464957', '0.001723829', '0.002317213', '0.000565771', '0.010409063', '0.000487245', '0.095233411', '0.001452059', '0.000543098', '0.002617290', '0.000565771', '0.000535798', '0.001228548', '0.001627206', '0.002617290', '0.023008632', '0.000508012', '0.000549462', '0.000562267', '0.000565771', '0.001228548', '0.027543144', '0.000489808', '0.000562267', '0.027543144', '0.000762559', '0.000473472', '0.000476346', '0.096698113', '0.000568975', '0.000452885', '0.000501649', '0.000481921', '0.095744513', '0.000461604', '0.002783648', '0.000802771', '0.023008632', '0.009079549', '0.000989671', '0.000567727', '0.000550444', '0.009721580', '0.001536761', '0.000588819', '0.023008632', '0.002462083', '0.000476346', '0.000556768', '0.002783648', '0.000989671', '0.001627206', '0.000447858', '0.095744513', '0.096232206', '0.023008632', '0.000450235', '0.000802771', '0.000461604', '0.000555920', '0.000575133', '0.000556768', '0.000545314', '0.000546386', '0.000545314', '0.000464600', '0.027543144', '0.027543144', '0.027543144', '0.001937490', '0.000470550', '0.000489808', '0.094133563', '0.000802771', '0.000461604', '0.000557602', '0.009721580', '0.000470550', '0.000461604', '0.001723829', '0.000527355', '0.000560771', '0.000545314', '0.000565771', '0.027543144', '0.001101642', '0.023008632', '0.000470550']" 
3 PBkl_inv View2 0.153 0.152 0.399 0.101 0.100 1.327 nan 1120.0 1120.0 "['0.020213390', '0.032731384', '0.011443445', '0.032731384', '0.011443445', '0.000524358', '0.000616416', '0.000519682', '0.000532861', '0.032731384', '0.001083505', '0.000527297', '0.005247744', '0.000519189', '0.000581679', '0.024027057', '0.016836025', '0.028229749', '0.013915013', '0.003657422', '0.000524358', '0.032731384', '0.000777786', '0.005247744', '0.016836025', '0.000732792', '0.003657422', '0.001083505', '0.000760560', '0.006346035', '0.000760560', '0.000908288', '0.000521277', '0.000574242', '0.000691168', '0.024027057', '0.000908288', '0.000522858', '0.000538755', '0.000522354', '0.000540321', '0.000616416', '0.000530377', '0.020213390', '0.000987431', '0.000562911', '0.005247744', '0.028229749', '0.000546208', '0.049675655', '0.003657422', '0.000908288', '0.001338336', '0.000523129', '0.006346035', '0.049675655', '0.000908288', '0.045995492', '0.000732792', '0.004365575', '0.024027057', '0.000544014', '0.032731384', '0.024027057', '0.000520403', '0.000551522', '0.003657422', '0.000987431', '0.000568081', '0.052887164', '0.000908288', '0.003657422', '0.000616416', '0.000518658', '0.000760560', '0.032731384', '0.000523711', '0.049675655', '0.000795169', '0.024027057', '0.032731384', '0.000533835', '0.000531966', '0.052887164', '0.000522600', '0.000526328', '0.001083505', '0.000546208', '0.000987431', '0.002257922', '0.000538755', '0.032731384', '0.003657422', '0.032731384', '0.000521088', '0.011443445', '0.005247744', '0.006346035', '0.000544014', '0.000528402']" 
3 PBkl_inv View3 0.159 0.174 0.450 0.126 0.096 1.530 nan 1120.0 1120.0 "['0.070338547', '0.000496760', '0.008828732', '0.003380972', '0.006873895', '0.000514713', '0.000501196', '0.000529081', '0.071492717', '0.005379701', '0.001009034', '0.000516955', '0.071492717', '0.000505586', '0.004772767', '0.034379661', '0.001009034', '0.000502046', '0.000660535', '0.000754448', '0.000516955', '0.000754448', '0.001828452', '0.000660535', '0.000705061', '0.002454479', '0.000510116', '0.023185065', '0.000660535', '0.000510116', '0.008828732', '0.023185065', '0.000519106', '0.000501196', '0.000530544', '0.000517476', '0.000567338', '0.001009034', '0.000534591', '0.031392381', '0.002011287', '0.000524138', '0.014558519', '0.000499450', '0.012867275', '0.000519870', '0.000529942', '0.000520740', '0.001009034', '0.000529942', '0.005379701', '0.000518950', '0.000516955', '0.071492717', '0.000705061', '0.000531822', '0.014558519', '0.000508630', '0.000567338', '0.020755360', '0.010013753', '0.000529303', '0.023185065', '0.000498795', '0.001009034', '0.006075963', '0.016436320', '0.031392381', '0.000619716', '0.016436320', '0.016436320', '0.000515298', '0.000503755', '0.003380972', '0.000517476', '0.000500360', '0.006873895', '0.001828452', '0.034379661', '0.000519106', '0.000502046', '0.034379661', '0.000507069', '0.000496771', '0.000502046', '0.000524138', '0.034379661', '0.000505586', '0.000504603', '0.025778748', '0.016436320', '0.000510116', '0.000534836', '0.000525419', '0.031392381', '0.000567338', '0.071492717', '0.067690626', '0.006873895', '0.001828452']" 
3 PBkl_inv View4 0.140 0.162 0.423 0.100 0.124 1.593 nan 1120.0 1120.0 "['0.000533838', '0.026989160', '0.000533932', '0.000598607', '0.000543915', '0.062545605', '0.000673855', '0.002526705', '0.048335556', '0.002526705', '0.000533129', '0.000550710', '0.056270529', '0.023362856', '0.003366539', '0.000539778', '0.000533434', '0.000534501', '0.001936598', '0.056270529', '0.000533578', '0.000546881', '0.000538335', '0.002909221', '0.039449934', '0.000538335', '0.000543915', '0.003366539', '0.000535548', '0.001517612', '0.000541600', '0.000533788', '0.000533788', '0.043922622', '0.000582887', '0.000997306', '0.000535548', '0.005359593', '0.039449934', '0.000598607', '0.003914285', '0.039449934', '0.062545605', '0.000618489', '0.000534965', '0.062545605', '0.000582887', '0.000533444', '0.000534147', '0.005359593', '0.039449934', '0.002526705', '0.000571098', '0.000538335', '0.000533647', '0.000543915', '0.000536277', '0.000533444', '0.000534131', '0.000534501', '0.000534497', '0.026989160', '0.006305619', '0.006305619', '0.000541600', '0.004571201', '0.000538335', '0.000535548', '0.000533068', '0.006305619', '0.039449934', '0.000541600', '0.030909268', '0.005359593', '0.002909221', '0.000534501', '0.000533788', '0.000535018', '0.000997306', '0.001517612', '0.000534633', '0.000533610', '0.043922622', '0.002206062', '0.001216491', '0.000543915', '0.039449934', '0.000598607', '0.000533212', '0.000571098', '0.005359593', '0.000533168', '0.000534699', '0.003914285', '0.048335556', '0.000543915', '0.001098384', '0.052495826', '0.001936598', '0.002526705']" 
3 PBkl_inv Concatenated 0.141 0.153 0.402 0.086 0.134 1.335 nan 1120.0 1120.0 "['0.000622700', '0.004860138', '0.046018597', '0.040723670', '0.000584181', '0.000632121', '0.003331399', '0.000587008', '0.017099041', '0.000608329', '0.017099041', '0.035283189', '0.000614890', '0.020884667', '0.000889821', '0.025219433', '0.000773042', '0.000577369', '0.001115361', '0.011218497', '0.055011734', '0.003331399', '0.000676262', '0.000676262', '0.000885209', '0.040723670', '0.005945348', '0.046018597', '0.003331399', '0.000573852', '0.040723670', '0.013883273', '0.000556134', '0.025219433', '0.009053761', '0.000946307', '0.000731155', '0.000590198', '0.025219433', '0.004860138', '0.000643657', '0.001115361', '0.011218497', '0.017099041', '0.005945348', '0.000567359', '0.000570926', '0.000608329', '0.055011734', '0.000569640', '0.013883273', '0.000643657', '0.000851887', '0.000566343', '0.000556904', '0.000556904', '0.004860138', '0.000556510', '0.000568455', '0.000731155', '0.000584181', '0.000573852', '0.017099041', '0.030049393', '0.061615281', '0.004860138', '0.003331399', '0.020884667', '0.001231960', '0.000569640', '0.002039417', '0.004860138', '0.046018597', '0.061615281', '0.000587008', '0.004005274', '0.000676262', '0.003331399', '0.017099041', '0.000597967', '0.046018597', '0.000567359', '0.004860138', '0.000569640', '0.001231960', '0.004860138', '0.001231960', '0.000731155', '0.000699897', '0.000565398', '0.025219433', '0.000547230', '0.002039417', '0.000885209', '0.000553659', '0.000593822', '0.000577369', '0.000563698', '0.000676262', '0.000552919']" 
3 PBkl_inv Multiview 0.129 0.157 0.419 0.078 0.173 1.659 1.014 1120.0 1120.0 "[['0.030213479', '0.024004065', '0.001047969', '0.001114432', '0.001405392', '0.012226311', '0.009062588', '0.001370311', '0.001160080', '0.001329673', '0.001062680', '0.001373074', '0.020567801', '0.007325210', '0.010298424', '0.001370311', '0.024541734', '0.001156336', '0.043103840', '0.005775841', '0.001319425', '0.011576531', '0.001370311', '0.001301569', '0.004457375', '0.006785396', '0.011576531', '0.030213479', '0.001225117', '0.001334376', '0.001362859', '0.001370311', '0.004457375', '0.031421825', '0.001165532', '0.001362859', '0.031421825', '0.001968749', '0.001102502', '0.001114432', '0.043575201', '0.001377004', '0.000999629', '0.001205314', '0.001136478', '0.043263543', '0.001047969', '0.012226311', '0.002148028', '0.030213479', '0.023456171', '0.003091424', '0.001374412', '0.001336633', '0.024004065', '0.006268396', '0.001416115', '0.030213479', '0.010933228', '0.001114432', '0.001350878', '0.012226311', '0.003091424', '0.006785396', '0.000964996', '0.043263543', '0.043420672', '0.030213479', '0.000982399', '0.002148028', '0.001047969', '0.001348995', '0.001389561', '0.001350878', '0.001324698', '0.001327219', '0.001324698', '0.001062680', '0.031421825', '0.031421825', '0.031421825', '0.008465820', '0.001089928', '0.001165532', '0.042776354', '0.002148028', '0.001047969', '0.001352716', '0.024004065', '0.001089928', '0.001047969', '0.007325210', '0.001279855', '0.001359635', '0.001324698', '0.001370311', '0.031421825', '0.003718248', '0.030213479', '0.001089928'], ['0.000789645', '0.000480337', '0.000982645', '0.026669322', '0.000475979', '0.021371311', '0.055022854', '0.000465353', '0.000472067', '0.000982645', '0.000453113', '0.000533298', '0.000428593', '0.006991288', '0.000437142', '0.000427666', '0.066922098', '0.000761062', '0.032799643', '0.000422261', '0.000475979', '0.000522026', '0.000443574', '0.004732731', '0.006991288', '0.000717835', '0.000512427', '0.000789645', '0.000431284', '0.000522026', '0.073513560', '0.000439036', '0.000982645', '0.000465353', '0.005721473', '0.000443574', '0.000533298', '0.039620347', '0.000982645', '0.016992060', '0.001074984', '0.070675850', '0.003956978', '0.000582295', '0.021371311', '0.047129616', '0.000497012', '0.000475979', '0.000457388', '0.000497012', '0.010753172', '0.000455164', '0.000497012', '0.003956978', '0.000582295', '0.000841187', '0.000439036', '0.000789645', '0.047129616', '0.000441167', '0.001184435', '0.000750428', '0.013492428', '0.001869989', '0.004732731', '0.000462455', '0.070675850', '0.006991288', '0.021371311', '0.026669322', '0.000442332', '0.000441167', '0.066922098', '0.003343001', '0.001467675', '0.021371311', '0.073513560', '0.001184435', '0.004732731', '0.000457388', '0.000533298', '0.000750428', '0.002456837', '0.001184435', '0.001184435', '0.000418804', '0.005721473', '0.000761062', '0.000673448', '0.000430137', '0.001869989', '0.000709908', '0.000446316', '0.002456837', '0.013492428', '0.000433924', '0.000789645', '0.000673448', '0.016992060', '0.039620347'], ['0.005203068', '0.000644525', '0.005203068', '0.028907714', '0.000707837', '0.033085529', '0.000710773', '0.000677526', '0.000699699', '0.005203068', '0.000690498', '0.000701852', '0.025857955', '0.010220088', '0.000600649', '0.022645706', '0.002388194', '0.002388194', '0.005203068', '0.038910236', '0.033085529', '0.033085529', '0.021002203', '0.000695043', '0.000682925', '0.000977902', '0.000641668', '0.000600649', '0.000664502', '0.028907714', '0.000635481', '0.005976945', '0.028907714', '0.051196389', '0.033085529', '0.000635481', '0.000693840', '0.000660816', '0.000632140', '0.025857955', '0.039913867', '0.000660816', '0.000695043', '0.005203068', '0.000602487', '0.030356279', '0.000600649', '0.000704800', '0.040868297', '0.000693211', '0.000677526', '0.000676314', '0.001067568', '0.000632140', '0.022645706', '0.000601441', '0.002388194', '0.001550716', '0.000686580', '0.000679812', '0.049289644', '0.001406354', '0.019350553', '0.000605583', '0.017706519', '0.000635481', '0.000658831', '0.039913867', '0.001406354', '0.000601441', '0.001279573', '0.000635481', '0.000756525', '0.000609272', '0.000647232', '0.000677526', '0.000675051', '0.000681926', '0.000689765', '0.012996471', '0.000710100', '0.000756525', '0.004533345', '0.049798403', '0.005203068', '0.001406354', '0.001167447', '0.003466500', '0.031749479', '0.002388194', '0.000660816', '0.000635481', '0.025857955', '0.000897060', '0.025857955', '0.039913867', '0.002388194', '0.000609272', '0.038910236', '0.000686580'], ['0.000443646', '0.001583804', '0.000680009', '0.000444671', '0.058127478', '0.000442858', '0.000443085', '0.038554862', '0.000444289', '0.000458009', '0.000442838', '0.000458009', '0.000515637', '0.005993897', '0.038554862', '0.000450961', '0.000450961', '0.000442838', '0.061985712', '0.000455130', '0.000461628', '0.038554862', '0.000455130', '0.065305941', '0.000443145', '0.065305941', '0.000449451', '0.000501275', '0.038554862', '0.048860781', '0.000876081', '0.002534635', '0.002534635', '0.000455130', '0.000442858', '0.038554862', '0.000455130', '0.002534635', '0.000442858', '0.000550486', '0.000458009', '0.038554862', '0.038554862', '0.000446382', '0.002534635', '0.024443571', '0.000501275', '0.000450961', '0.000461628', '0.000442881', '0.000442858', '0.001282758', '0.002238419', '0.000445699', '0.000445136', '0.000448218', '0.038554862', '0.000458009', '0.000550486', '0.000445699', '0.000472055', '0.003299803', '0.002884371', '0.000449451', '0.000445699', '0.000447211', '0.000444289', '0.000443085', '0.000442840', '0.000442831', '0.000443388', '0.000479559', '0.000489172', '0.000449451', '0.000444838', '0.002884371', '0.024443571', '0.000449451', '0.000515637', '0.000443085', '0.000443056', '0.001769932', '0.028791321', '0.033530857', '0.000458009', '0.038554862', '0.001769932', '0.001583804', '0.000501275', '0.000442935', '0.065305941', '0.024443571', '0.043727349', '0.003299803', '0.001986084', '0.000443332', '0.000442856', '0.000876081', '0.038554862', '0.000450961']]" "['0.010446236', '0.652764440', '0.032551184', '0.304238170']"
3 TND_DIS View1 0.330 0.361 0.845 0.213 0.297 0.026 nan 1120.0 11201.0 "['0.009769773', '0.009994150', '0.008814878', '0.008794211', '0.007490290', '0.009226166', '0.009500339', '0.008230164', '0.013262680', '0.008065500', '0.009740937', '0.009631966', '0.009837529', '0.009124140', '0.009184958', '0.008230164', '0.009522872', '0.008586485', '0.016758839', '0.009078746', '0.008655094', '0.009222258', '0.008230164', '0.014728711', '0.009057726', '0.018106064', '0.009609052', '0.009806218', '0.012374659', '0.008053885', '0.008566147', '0.007891366', '0.009057726', '0.009990179', '0.008558403', '0.008352472', '0.009990179', '0.008845873', '0.008617648', '0.009636740', '0.017428000', '0.008496299', '0.008754268', '0.008503232', '0.008691943', '0.016932528', '0.008814878', '0.009226166', '0.008858201', '0.009769773', '0.010124995', '0.008954661', '0.010295421', '0.008037786', '0.009994150', '0.016409436', '0.007416827', '0.009769773', '0.009194272', '0.016886089', '0.008832034', '0.009307985', '0.008954661', '0.018106064', '0.009925403', '0.017651020', '0.017989617', '0.009769773', '0.009931219', '0.008858201', '0.008670213', '0.008368048', '0.009621813', '0.008815046', '0.008389030', '0.008268431', '0.008453392', '0.009740937', '0.009990179', '0.009990179', '0.009990179', '0.009444933', '0.008667058', '0.008634300', '0.016540369', '0.008858201', '0.008670213', '0.008793786', '0.009994150', '0.008667058', '0.008814878', '0.009114118', '0.009332257', '0.008046850', '0.008389030', '0.008230164', '0.009990179', '0.008998206', '0.009769773', '0.008667058']" 
3 TND_DIS View2 0.131 0.166 0.428 0.086 0.166 0.099 nan 1120.0 11201.0 "['0.014238717', '0.013992896', '0.014295298', '0.014002468', '0.013928971', '0.003649473', '0.009374867', '0.003504716', '0.003798530', '0.014002468', '0.009850566', '0.004998953', '0.012490623', '0.003926547', '0.011603618', '0.014520393', '0.013149743', '0.013916816', '0.014249106', '0.010878101', '0.006338170', '0.014002468', '0.009563250', '0.009719641', '0.014171395', '0.011402635', '0.013024818', '0.009171894', '0.011471708', '0.009419358', '0.010099626', '0.011908695', '0.003425748', '0.003991910', '0.007771501', '0.014520393', '0.011442298', '0.004212216', '0.006613238', '0.004296906', '0.007914149', '0.007452231', '0.003807347', '0.012503370', '0.011863870', '0.011140152', '0.012456153', '0.013916816', '0.011888319', '0.014388823', '0.012981310', '0.011809725', '0.011249267', '0.004512936', '0.010163899', '0.014433334', '0.010004208', '0.013574169', '0.009980691', '0.012455441', '0.013474640', '0.006687338', '0.014002468', '0.013474640', '0.004179330', '0.008148023', '0.012981310', '0.011863870', '0.008712292', '0.014537399', '0.011809725', '0.010633480', '0.007339850', '0.003364743', '0.011471708', '0.014002468', '0.003771938', '0.014388823', '0.004269541', '0.013474640', '0.014002468', '0.006509604', '0.003781026', '0.014543224', '0.004477827', '0.003940831', '0.009827446', '0.005667745', '0.011863870', '0.011370285', '0.006613238', '0.014002468', '0.009731326', '0.014002468', '0.004284314', '0.014068951', '0.012456153', '0.009736454', '0.003467559', '0.003627493']" 
3 TND_DIS View3 0.163 0.205 0.517 0.117 0.184 0.069 nan 1120.0 11201.0 "['0.013643435', '0.008497848', '0.013215352', '0.012556714', '0.013255365', '0.009497129', '0.010942508', '0.004647744', '0.013647788', '0.012268549', '0.011655534', '0.010527937', '0.013647788', '0.011616127', '0.012147846', '0.013698068', '0.012196342', '0.008651461', '0.009961643', '0.005255359', '0.010527937', '0.010794852', '0.012734996', '0.009197025', '0.005320349', '0.013080454', '0.004816322', '0.013475012', '0.009961643', '0.004832714', '0.013195122', '0.013622472', '0.005219996', '0.010022711', '0.005148591', '0.006150266', '0.005109300', '0.012196342', '0.005057496', '0.013687123', '0.012252891', '0.007551588', '0.013436330', '0.011363424', '0.012649058', '0.005462892', '0.009373082', '0.004589970', '0.011637920', '0.004513798', '0.013220153', '0.004872183', '0.007137850', '0.013647788', '0.005320349', '0.004758543', '0.011935399', '0.005007325', '0.011589086', '0.012327771', '0.013313516', '0.004559251', '0.011357188', '0.010096470', '0.005426836', '0.013155627', '0.013434588', '0.010569264', '0.005130625', '0.013434588', '0.011894194', '0.009890658', '0.010111235', '0.012508965', '0.004705818', '0.008765952', '0.013255365', '0.013018444', '0.013698068', '0.005107141', '0.008772016', '0.013698068', '0.010248407', '0.011117860', '0.009908699', '0.009579517', '0.013698068', '0.011350659', '0.010382843', '0.013645621', '0.013434588', '0.004832714', '0.004622176', '0.004942474', '0.010569264', '0.005109300', '0.013647788', '0.013874765', '0.012066632', '0.012735962']" 
3 TND_DIS View4 0.108 0.187 0.470 0.083 0.215 0.019 nan 1120.0 11201.0 "['0.009277809', '0.010395686', '0.005782877', '0.010536503', '0.010267266', '0.012002281', '0.010322203', '0.010676734', '0.011796689', '0.010228075', '0.011015134', '0.006864021', '0.010734961', '0.010712593', '0.011303471', '0.009417772', '0.009421938', '0.011683507', '0.010278724', '0.012127982', '0.010132239', '0.012114037', '0.012238530', '0.011235246', '0.010514868', '0.010588936', '0.010241675', '0.011303471', '0.011387682', '0.012585891', '0.007125353', '0.006991248', '0.009513491', '0.010872377', '0.011767713', '0.009247725', '0.011231911', '0.010441083', '0.010514868', '0.010543176', '0.011088317', '0.010514868', '0.012002281', '0.009903499', '0.009913043', '0.012002281', '0.009797191', '0.010150721', '0.005756083', '0.010441083', '0.010825354', '0.009621516', '0.008841517', '0.012262946', '0.009003161', '0.010241675', '0.006470551', '0.010125141', '0.006395822', '0.011156661', '0.006026122', '0.010476377', '0.010019707', '0.010022021', '0.011726938', '0.009662000', '0.011597843', '0.006367597', '0.005864074', '0.010019707', '0.010825354', '0.007061754', '0.010681803', '0.010137650', '0.011235246', '0.011720640', '0.006837530', '0.005571395', '0.009247725', '0.009940512', '0.006609146', '0.007950243', '0.011813894', '0.010779473', '0.012260555', '0.010127742', '0.010825354', '0.010536503', '0.006013918', '0.008890130', '0.010441083', '0.011036292', '0.007522210', '0.011088317', '0.012067213', '0.010359089', '0.012359342', '0.010822275', '0.010221448', '0.011282384']" 
3 TND_DIS Concatenated 0.105 0.172 0.435 0.074 0.201 0.016 nan 1120.0 11201.0 "['0.009942203', '0.011084032', '0.010845800', '0.010983586', '0.011474242', '0.005983216', '0.011291019', '0.010656863', '0.010963636', '0.010669315', '0.010865058', '0.010808864', '0.009666347', '0.010966110', '0.011222628', '0.010896829', '0.011545776', '0.009764771', '0.011250215', '0.010699040', '0.010897533', '0.011090444', '0.008969973', '0.010302746', '0.011603124', '0.010941941', '0.011765023', '0.010845800', '0.011738769', '0.009402999', '0.010795449', '0.010851290', '0.006460511', '0.010819486', '0.010610268', '0.011288358', '0.008523133', '0.009935076', '0.010775099', '0.008899096', '0.010427971', '0.011250215', '0.011089086', '0.009108678', '0.011765023', '0.007602626', '0.011192112', '0.010669315', '0.010839189', '0.007604538', '0.009106778', '0.005952951', '0.009620430', '0.006848688', '0.006533246', '0.007173044', '0.011183441', '0.005671127', '0.010211915', '0.010414523', '0.006012663', '0.008893109', '0.009108678', '0.010875957', '0.010833224', '0.011053400', '0.011090444', '0.010928972', '0.011265935', '0.011719123', '0.011662648', '0.011053400', '0.010845800', '0.010845404', '0.009067507', '0.011085453', '0.008969973', '0.011090444', '0.009108678', '0.009761868', '0.010845800', '0.009615542', '0.011053400', '0.007592605', '0.011372798', '0.011075249', '0.011265935', '0.009785846', '0.011575421', '0.010906851', '0.010809415', '0.006096350', '0.011456246', '0.009402310', '0.007376713', '0.008654742', '0.011001946', '0.006679191', '0.009773201', '0.006027207']" 
3 TND_DIS Multiview 0.093 0.205 0.514 0.077 0.267 0.151 0.077 1120.0 11201.0 "[['0.007865450', '0.019291500', '0.005713178', '0.003188065', '0.005254420', '0.002965552', '0.010531049', '0.004741847', '0.026599348', '0.003656278', '0.007768320', '0.020187980', '0.023730628', '0.004309516', '0.011998532', '0.005570744', '0.005616121', '0.005931871', '0.020263480', '0.007170984', '0.005046605', '0.003715487', '0.005686975', '0.022531398', '0.004011502', '0.017188549', '0.022382487', '0.011494226', '0.023100303', '0.003813094', '0.005485755', '0.004945646', '0.007590278', '0.011222767', '0.004456236', '0.006237654', '0.022937750', '0.004715690', '0.007664183', '0.006036530', '0.022044092', '0.003221984', '0.003851679', '0.003406426', '0.004027132', '0.018883295', '0.007395944', '0.007479696', '0.005674231', '0.013777819', '0.020935357', '0.004250229', '0.014555779', '0.006270178', '0.015142084', '0.020526970', '0.004433822', '0.010716571', '0.003873880', '0.033225741', '0.002957197', '0.005108484', '0.003047208', '0.025111930', '0.012866843', '0.026267804', '0.022304730', '0.013624229', '0.012787578', '0.005887902', '0.007754364', '0.004165073', '0.019697025', '0.003560077', '0.007304326', '0.003350978', '0.003070740', '0.007275869', '0.016716946', '0.012126309', '0.027067626', '0.009294027', '0.004872450', '0.006784317', '0.028487360', '0.003791169', '0.003515405', '0.003171494', '0.010253127', '0.008146611', '0.003340059', '0.004192958', '0.004815358', '0.003247695', '0.003597077', '0.005080292', '0.010739481', '0.003880240', '0.008970044', '0.005456678'], ['0.008202819', '0.007869042', '0.010905380', '0.014523883', '0.011461767', '0.014072853', '0.018340105', '0.016339403', '0.012245955', '0.012992029', '0.007276152', '0.004949338', '0.003238450', '0.010984960', '0.004582360', '0.007829600', '0.012147813', '0.013887990', '0.008988148', '0.003190241', '0.009303461', '0.003055699', '0.006559646', '0.004994994', '0.014400622', '0.006043639', '0.004240714', '0.011030487', '0.003205642', '0.007979662', '0.019536240', '0.008568433', '0.007612438', '0.005854711', '0.015559189', '0.007238999', '0.005904415', '0.015728805', '0.013555228', '0.013854598', '0.005207234', '0.012815547', '0.013206545', '0.008961999', '0.014053074', '0.007202966', '0.006759813', '0.007497147', '0.006308069', '0.008810066', '0.010857632', '0.009049063', '0.005824021', '0.011979665', '0.011807909', '0.007268857', '0.007185121', '0.014937103', '0.016849313', '0.005703555', '0.014084811', '0.006602589', '0.009273215', '0.006753825', '0.009253998', '0.002898593', '0.010303925', '0.010438781', '0.014193671', '0.018139062', '0.011577843', '0.003949444', '0.014089725', '0.013232123', '0.017197367', '0.017218795', '0.013545690', '0.009501179', '0.009024349', '0.013379046', '0.004136377', '0.012261909', '0.010608775', '0.007519487', '0.007060541', '0.003245514', '0.009595686', '0.010993943', '0.006247213', '0.019999020', '0.007195231', '0.004487473', '0.007030005', '0.008024729', '0.008472790', '0.011613755', '0.019796230', '0.010768112', '0.006214306', '0.019530309'], ['0.014839130', '0.005792590', '0.010388353', '0.007546883', '0.006461707', '0.010896657', '0.003404176', '0.008199265', '0.004551419', '0.023731807', '0.010189546', '0.006656410', '0.010775538', '0.010374565', '0.010108915', '0.014640980', '0.009850925', '0.008916042', '0.005924430', '0.023354625', '0.014654004', '0.009923449', '0.012268600', '0.003680818', '0.013907522', '0.009498810', '0.005319823', '0.007062512', '0.003479241', '0.009012762', '0.007013650', '0.012718359', '0.011357814', '0.015903218', '0.013727805', '0.007595304', '0.004057458', '0.004959408', '0.009745557', '0.009937271', '0.008576901', '0.008301578', '0.003418523', '0.019664334', '0.007775813', '0.007129423', '0.013673886', '0.003947645', '0.015499232', '0.010459628', '0.004084342', '0.008165212', '0.011059540', '0.010965539', '0.009944901', '0.007293948', '0.007539767', '0.003800928', '0.003511304', '0.005913803', '0.020737501', '0.015758274', '0.008514288', '0.004167122', '0.016538152', '0.003301880', '0.007367514', '0.011597953', '0.004258444', '0.009837673', '0.014504636', '0.014051613', '0.005980765', '0.003691320', '0.009983229', '0.003140901', '0.006569212', '0.003590863', '0.004941954', '0.012787574', '0.003765154', '0.012700958', '0.017641885', '0.021600749', '0.007096158', '0.018947205', '0.022494683', '0.021162597', '0.009706532', '0.009370009', '0.008888140', '0.007117617', '0.012691415', '0.014569430', '0.014738163', '0.025696905', '0.005192188', '0.008853511', '0.008423679', '0.004868575'], ['0.005823358', '0.005906904', '0.012350059', '0.012117092', '0.012102125', '0.003563267', '0.003255349', '0.015665906', '0.005278721', '0.006095623', '0.008305791', '0.005503093', '0.007516397', '0.011331908', '0.013304949', '0.013153153', '0.009303365', '0.013204135', '0.007340943', '0.009049419', '0.013438517', '0.013349529', '0.016027853', '0.011840054', '0.003387022', '0.007310360', '0.009400891', '0.006701027', '0.017956313', '0.016100118', '0.010869787', '0.017547691', '0.011683111', '0.005062484', '0.004443267', '0.016932920', '0.006627764', '0.010912993', '0.009856378', '0.008411644', '0.005485141', '0.016256176', '0.016966207', '0.009304087', '0.008111848', '0.008271960', '0.012154631', '0.021655241', '0.007469128', '0.005282119', '0.003495349', '0.022330487', '0.005525293', '0.011850839', '0.003544090', '0.004417830', '0.026357040', '0.003905344', '0.013863896', '0.004481503', '0.002675962', '0.011666236', '0.018194033', '0.008174066', '0.003111433', '0.016898174', '0.002970907', '0.002998665', '0.003414335', '0.003958584', '0.006656976', '0.020296929', '0.002934673', '0.018087799', '0.004513947', '0.021318812', '0.017739369', '0.018926971', '0.010963125', '0.003648801', '0.013741986', '0.006731805', '0.006404040', '0.004477021', '0.004118885', '0.010513421', '0.003460828', '0.007069064', '0.008764724', '0.005240892', '0.022778992', '0.021882350', '0.007492504', '0.012629764', '0.003763186', '0.003686605', '0.003584807', '0.022314085', '0.014490000', '0.008945692']]" "['0.112297155', '0.330071479', '0.258617878', '0.299013495']"
3 TND_DIS_inv View1 0.313 0.365 0.850 0.198 0.334 0.053 nan 1120.0 11201.0 "['0.008998496', '0.009452655', '0.008272073', '0.008256620', '0.007293679', '0.008417223', '0.008884478', '0.007751978', '0.022817325', '0.007654154', '0.009181813', '0.025988642', '0.009334813', '0.008298502', '0.008354489', '0.007751978', '0.008691200', '0.007892665', '0.015816491', '0.008258220', '0.008036384', '0.008393640', '0.007751978', '0.014428909', '0.008255551', '0.018948413', '0.009027197', '0.009081470', '0.019974738', '0.007623951', '0.007962774', '0.007590590', '0.008255551', '0.009356288', '0.007880188', '0.007862931', '0.009356288', '0.008066083', '0.007978904', '0.008929652', '0.016104328', '0.007904034', '0.008221951', '0.007815148', '0.008176438', '0.015896302', '0.008272073', '0.008417223', '0.008073288', '0.008998496', '0.009535416', '0.008151590', '0.019827209', '0.007611290', '0.009452655', '0.020659445', '0.007179604', '0.008998496', '0.008364595', '0.014796582', '0.008275126', '0.008510834', '0.008151590', '0.018948413', '0.009638461', '0.016170643', '0.016277170', '0.008998496', '0.009649847', '0.008073288', '0.008070838', '0.007822627', '0.021686066', '0.008156310', '0.007939785', '0.007860140', '0.007971307', '0.009181813', '0.009356288', '0.009356288', '0.009356288', '0.008836174', '0.008021490', '0.008128751', '0.015724640', '0.008073288', '0.008070838', '0.008132858', '0.009452655', '0.008021490', '0.008272073', '0.008289467', '0.008979279', '0.007702432', '0.007939785', '0.007751978', '0.009356288', '0.008189728', '0.008998496', '0.008021490']" 
3 TND_DIS_inv View2 0.124 0.173 0.439 0.080 0.191 0.002 nan 1120.0 11201.0 "['0.010535570', '0.010528438', '0.010518517', '0.010529517', '0.010480676', '0.009413181', '0.010007950', '0.008919231', '0.009757322', '0.010529517', '0.009829805', '0.009368736', '0.010169023', '0.008476962', '0.009969837', '0.010512824', '0.010554490', '0.010658232', '0.010539232', '0.010198655', '0.009227385', '0.010529517', '0.009933568', '0.010267063', '0.010541143', '0.010332901', '0.010238601', '0.010271192', '0.010019084', '0.010249394', '0.009694441', '0.009981577', '0.008773264', '0.009741523', '0.010478678', '0.010512824', '0.010482033', '0.008961461', '0.009644197', '0.008879559', '0.009400660', '0.009683791', '0.009494399', '0.010556619', '0.010005516', '0.009532841', '0.010174762', '0.010658232', '0.009617652', '0.010686134', '0.010247056', '0.009979730', '0.010100874', '0.009013189', '0.010524601', '0.010699048', '0.009771237', '0.010706340', '0.009767748', '0.010155953', '0.010612893', '0.009763855', '0.010529517', '0.010612893', '0.008800250', '0.009769355', '0.010247056', '0.010005516', '0.009997314', '0.010793855', '0.009979730', '0.010204556', '0.009679634', '0.008367904', '0.010019084', '0.010529517', '0.009297773', '0.010686134', '0.010047317', '0.010612893', '0.010529517', '0.009519229', '0.009729854', '0.010794744', '0.009037099', '0.009415076', '0.009834960', '0.009896171', '0.010005516', '0.010080532', '0.009644197', '0.010529517', '0.010140416', '0.010529517', '0.008943721', '0.010514700', '0.010174762', '0.010279719', '0.009558118', '0.009252173']" 
3 TND_DIS_inv View3 0.159 0.211 0.528 0.110 0.211 0.003 nan 1120.0 11201.0 "['0.011281644', '0.009907180', '0.010525115', '0.010482961', '0.010510459', '0.009287235', '0.009600720', '0.008703800', '0.011225070', '0.010500852', '0.010171310', '0.009352334', '0.011225070', '0.009916374', '0.010471426', '0.010772090', '0.010065120', '0.009677016', '0.010029551', '0.010388348', '0.009352334', '0.010048023', '0.010344021', '0.010021687', '0.010135216', '0.010332758', '0.009311909', '0.010704831', '0.010029551', '0.009329154', '0.010527862', '0.010686002', '0.010000880', '0.009471170', '0.008692860', '0.009269081', '0.009938455', '0.010065120', '0.008416618', '0.010764933', '0.010316694', '0.008877443', '0.010627631', '0.010022001', '0.010531234', '0.009396910', '0.008509582', '0.009136712', '0.010157824', '0.008460277', '0.010490321', '0.009251669', '0.009206116', '0.011225070', '0.010135216', '0.008470061', '0.010531293', '0.009547385', '0.009971558', '0.010546281', '0.010507996', '0.008515880', '0.010835217', '0.009557828', '0.010262421', '0.010385588', '0.010638148', '0.010878923', '0.009991817', '0.010638148', '0.010757590', '0.009087988', '0.009581576', '0.010485767', '0.009278033', '0.009695980', '0.010510459', '0.010285935', '0.010772090', '0.009952491', '0.009705742', '0.010772090', '0.009550693', '0.009776264', '0.009435694', '0.008878911', '0.010772090', '0.009941261', '0.009597814', '0.010716198', '0.010638148', '0.009329154', '0.008284279', '0.009029490', '0.010878923', '0.009938455', '0.011225070', '0.011092778', '0.010520313', '0.010349350']" 
3 TND_DIS_inv View4 0.103 0.188 0.472 0.081 0.220 0.002 nan 1120.0 11201.0 "['0.009591507', '0.010691287', '0.009306338', '0.009776325', '0.009677806', '0.010868918', '0.010153828', '0.010249574', '0.010883668', '0.010254113', '0.009303972', '0.009913797', '0.010868154', '0.010551876', '0.010236599', '0.009622910', '0.009301168', '0.009525229', '0.010233964', '0.010872697', '0.009327116', '0.009853218', '0.009714521', '0.010233507', '0.010813887', '0.009739465', '0.009680354', '0.010236599', '0.009594837', '0.010122426', '0.009771029', '0.009240826', '0.009266027', '0.010837264', '0.009808994', '0.010301554', '0.009631104', '0.010373968', '0.010813887', '0.009771593', '0.010396966', '0.010813887', '0.010868918', '0.009733952', '0.009607700', '0.010868918', '0.009707273', '0.009329641', '0.008790534', '0.010373968', '0.010771301', '0.010238737', '0.009961025', '0.009733901', '0.009329742', '0.009680354', '0.009676240', '0.009296709', '0.009652751', '0.009588549', '0.008693261', '0.010638536', '0.010359223', '0.010353643', '0.009748146', '0.010259817', '0.010021301', '0.009669548', '0.009560273', '0.010359223', '0.010771301', '0.009847826', '0.010803380', '0.010344842', '0.010233507', '0.009549875', '0.009296747', '0.008882565', '0.010301554', '0.010275515', '0.009098402', '0.009550559', '0.010893918', '0.010251330', '0.010171245', '0.009677613', '0.010771301', '0.009776325', '0.009312830', '0.010080803', '0.010373968', '0.009301265', '0.008818819', '0.010396966', '0.010877522', '0.009685572', '0.010194010', '0.010861918', '0.010264289', '0.010234294']" 
3 TND_DIS_inv Concatenated 0.100 0.173 0.437 0.072 0.207 0.001 nan 1120.0 11201.0 "['0.009585864', '0.010268135', '0.010638994', '0.010697762', '0.009424985', '0.009619187', '0.010201585', '0.009755521', '0.010583683', '0.009561525', '0.010551469', '0.010635056', '0.009588611', '0.010596919', '0.010292417', '0.010514365', '0.009754607', '0.009789996', '0.009997548', '0.010544169', '0.010738344', '0.010253532', '0.009537658', '0.010010341', '0.009907900', '0.010648878', '0.010270028', '0.010638994', '0.010177322', '0.009540490', '0.010647965', '0.010518242', '0.009056776', '0.010606200', '0.010229392', '0.009941482', '0.009915736', '0.009380150', '0.010676738', '0.010377241', '0.010040672', '0.009997548', '0.010284083', '0.010563134', '0.010270028', '0.009300535', '0.009492172', '0.009561525', '0.010752537', '0.009309946', '0.010557487', '0.009615052', '0.009954829', '0.009359209', '0.009136012', '0.009151630', '0.010240168', '0.008992118', '0.009577972', '0.010261388', '0.009384984', '0.009488945', '0.010563134', '0.010528037', '0.010776893', '0.010285041', '0.010253532', '0.010512593', '0.010253957', '0.009449434', '0.010117009', '0.010285041', '0.010638994', '0.010773878', '0.009565388', '0.010310670', '0.009537658', '0.010253532', '0.010563134', '0.009602213', '0.010638994', '0.009368844', '0.010285041', '0.009673886', '0.010043941', '0.010265885', '0.010253957', '0.010001896', '0.009717305', '0.009301199', '0.010579215', '0.008203705', '0.010035955', '0.010263880', '0.008890875', '0.009820163', '0.009402500', '0.009326912', '0.009941323', '0.008746631']" 
3 TND_DIS_inv Multiview 0.110 0.195 0.516 0.081 0.254 0.789 0.050 1120.0 11201.0 "[['0.017452788', '0.038717553', '0.000341211', '0.000321567', '0.000411268', '0.000528626', '0.001184170', '0.000384625', '0.046082534', '0.000331934', '0.003913978', '0.000531660', '0.023018451', '0.000683008', '0.021668782', '0.000410582', '0.001053348', '0.000282683', '0.024498811', '0.006168255', '0.000352574', '0.000695426', '0.000424666', '0.000317215', '0.002453308', '0.001359240', '0.037794817', '0.022636885', '0.000853203', '0.000314961', '0.000309578', '0.000396968', '0.000752487', '0.002643394', '0.000328661', '0.000418390', '0.048827797', '0.000329434', '0.001265467', '0.000316070', '0.038969014', '0.000318006', '0.000314063', '0.000401712', '0.000293033', '0.020966277', '0.001087506', '0.044353530', '0.000630645', '0.048102051', '0.045582253', '0.001767402', '0.000343706', '0.000560211', '0.005390848', '0.043555006', '0.000352940', '0.009570045', '0.001540233', '0.014820645', '0.000350867', '0.000819310', '0.000543810', '0.050710563', '0.000536558', '0.055075936', '0.052712969', '0.002657655', '0.000255076', '0.000469448', '0.001412218', '0.000620002', '0.000267558', '0.000379748', '0.000829964', '0.000313965', '0.000317603', '0.000409187', '0.042491771', '0.043731533', '0.043064468', '0.000912312', '0.000493154', '0.000551541', '0.053903423', '0.000332753', '0.000630123', '0.000349684', '0.001261506', '0.001135256', '0.000348971', '0.000415147', '0.000390617', '0.000322890', '0.000372813', '0.000477839', '0.048511196', '0.000567054', '0.000819891', '0.000538116'], ['0.002699650', '0.001186900', '0.007116247', '0.022828542', '0.007473991', '0.017230580', '0.031643782', '0.004305607', '0.000953563', '0.021975238', '0.012277289', '0.014894865', '0.000931081', '0.008210774', '0.001123539', '0.000964655', '0.023052305', '0.027368633', '0.006040251', '0.000885487', '0.001810419', '0.001191952', '0.001463696', '0.004407350', '0.027513554', '0.003192367', '0.001465115', '0.003644723', '0.001198602', '0.001914786', '0.032074038', '0.001402246', '0.003947430', '0.001288183', '0.014959903', '0.001655943', '0.000976168', '0.028276479', '0.019575894', '0.025966559', '0.001434354', '0.021716949', '0.007799010', '0.003324241', '0.024581883', '0.004757949', '0.004104698', '0.000981608', '0.001407440', '0.000903949', '0.002003581', '0.005760595', '0.005303931', '0.024183309', '0.002049773', '0.001372664', '0.001464425', '0.006806237', '0.029608922', '0.002856426', '0.004993867', '0.006677887', '0.015222424', '0.000844748', '0.014210967', '0.000537953', '0.001919122', '0.003365903', '0.032756805', '0.032935660', '0.003336363', '0.003558521', '0.033487514', '0.021585742', '0.029899977', '0.026754903', '0.022916021', '0.017702043', '0.002003097', '0.000656178', '0.001852048', '0.009946110', '0.008596774', '0.004965799', '0.000679406', '0.001418872', '0.013891743', '0.016263582', '0.006225750', '0.002667915', '0.006750618', '0.005975586', '0.004054012', '0.013590400', '0.019693652', '0.004868428', '0.000749755', '0.014570785', '0.011054981', '0.033307713'], ['0.017101411', '0.003784596', '0.016061667', '0.008241042', '0.001335197', '0.016201802', '0.001890226', '0.001769878', '0.001453848', '0.007558524', '0.005975989', '0.002324888', '0.015276870', '0.011860819', '0.008111855', '0.029538445', '0.007681518', '0.003174360', '0.005516336', '0.031334087', '0.029849358', '0.019233562', '0.028238114', '0.000832517', '0.003231583', '0.003928058', '0.004287288', '0.009934613', '0.002194746', '0.004778557', '0.001408411', '0.016184818', '0.024369901', '0.036118012', '0.020186488', '0.002461488', '0.001234874', '0.001264506', '0.008503002', '0.007931033', '0.007733821', '0.001173066', '0.001016633', '0.030680941', '0.001802790', '0.009923520', '0.012753016', '0.001221469', '0.035815157', '0.001325352', '0.001373873', '0.004112975', '0.004056474', '0.006778530', '0.031100482', '0.003277895', '0.003284475', '0.015853571', '0.001215547', '0.008663156', '0.034073278', '0.006647286', '0.010367534', '0.000892293', '0.021538204', '0.000826441', '0.000894087', '0.033488605', '0.002391701', '0.002063982', '0.030644517', '0.010996141', '0.001540658', '0.003656282', '0.004257380', '0.001108715', '0.001055217', '0.001652066', '0.001222546', '0.004553749', '0.001165502', '0.006420675', '0.008119850', '0.031504668', '0.001508865', '0.005469042', '0.005916825', '0.008621842', '0.029902151', '0.032086141', '0.001307864', '0.002641902', '0.009808847', '0.002285941', '0.013240158', '0.034184050', '0.001916329', '0.006914531', '0.016709927', '0.000877167'], ['0.002989611', '0.002929141', '0.013778110', '0.006406468', '0.027300902', '0.004367928', '0.002915241', '0.030570533', '0.001233825', '0.006939791', '0.011964483', '0.016669093', '0.002446670', '0.016821830', '0.007949622', '0.007956553', '0.006133524', '0.005012419', '0.006806199', '0.002506172', '0.007032729', '0.017843939', '0.008108709', '0.032431528', '0.002768039', '0.029557280', '0.001893952', '0.003951772', '0.033166230', '0.031313561', '0.003679854', '0.019651936', '0.009415382', '0.002144821', '0.002352705', '0.032643218', '0.000919435', '0.007304663', '0.005252161', '0.003274509', '0.001500002', '0.014565231', '0.028089290', '0.004027276', '0.010206640', '0.005877513', '0.018160308', '0.001785449', '0.002474476', '0.000892451', '0.000941952', '0.023922145', '0.026963659', '0.003964775', '0.001542860', '0.001088955', '0.032535408', '0.005052114', '0.004318286', '0.008844499', '0.001487249', '0.023202391', '0.011460346', '0.000578065', '0.001482722', '0.000927689', '0.000710687', '0.001075176', '0.001216264', '0.001294464', '0.002095862', '0.020012937', '0.001965486', '0.010311505', '0.001042104', '0.008730797', '0.013508527', '0.015744023', '0.002377049', '0.000824596', '0.001868077', '0.019404145', '0.020711042', '0.003884384', '0.000668819', '0.030570678', '0.016261645', '0.011915801', '0.002079594', '0.001759495', '0.029978251', '0.028464718', '0.023749733', '0.021129150', '0.004540721', '0.000891114', '0.000713409', '0.013755908', '0.010411140', '0.002036412']]" "['0.134590670', '0.314210236', '0.255565435', '0.295633584']"
3 TND View1 0.307 0.367 0.968 0.194 0.345 0.065 nan 1120.0 1120.0 "['0.008773826', '0.009242325', '0.008091076', '0.008064433', '0.007403338', '0.008250358', '0.008691882', '0.007759780', '0.024616651', '0.007803991', '0.009155722', '0.031506788', '0.009177104', '0.008091474', '0.008177733', '0.007759780', '0.008483543', '0.007710816', '0.015117665', '0.008020831', '0.007752627', '0.008225406', '0.007759780', '0.015097186', '0.008025024', '0.019793762', '0.008831398', '0.008801175', '0.021720324', '0.007803965', '0.007711948', '0.007800686', '0.008025024', '0.009176033', '0.007714992', '0.007705669', '0.009176033', '0.007733189', '0.007701247', '0.008815194', '0.015461057', '0.007699016', '0.007996044', '0.007746372', '0.007919914', '0.015210400', '0.008091076', '0.008250358', '0.007739801', '0.008773826', '0.009313561', '0.007834463', '0.022210715', '0.007802141', '0.009242325', '0.021672178', '0.007128795', '0.008773826', '0.008191495', '0.015262440', '0.008139589', '0.008321317', '0.007834463', '0.019793762', '0.009508607', '0.015550746', '0.015692195', '0.008773826', '0.009528670', '0.007739801', '0.007754419', '0.007722358', '0.024967588', '0.007944909', '0.007699841', '0.007711075', '0.007707322', '0.009155722', '0.009176033', '0.009176033', '0.009176033', '0.008644159', '0.007715803', '0.007837726', '0.015010091', '0.007739801', '0.007754419', '0.007904225', '0.009242325', '0.007715803', '0.008091076', '0.008076640', '0.008791924', '0.007787623', '0.007699841', '0.007759780', '0.009176033', '0.007899210', '0.008773826', '0.007715803']" 
3 TND View2 0.119 0.176 0.441 0.076 0.199 0.015 nan 1120.0 1120.0 "['0.009176757', '0.009345505', '0.008990379', '0.009345505', '0.008919278', '0.014250069', '0.009986130', '0.013385415', '0.014937766', '0.009345505', '0.008600336', '0.009566609', '0.008181473', '0.009857866', '0.009848697', '0.008744011', '0.010011648', '0.009988559', '0.009192656', '0.009309084', '0.010002667', '0.009345505', '0.009810456', '0.009596299', '0.009276796', '0.011130404', '0.008222507', '0.009812429', '0.009997878', '0.009572589', '0.008081262', '0.007652398', '0.014028265', '0.013884021', '0.013550788', '0.008744011', '0.012081529', '0.010191908', '0.009572691', '0.009798720', '0.010012448', '0.009586753', '0.013460721', '0.009668283', '0.007729861', '0.008941550', '0.008219910', '0.009988559', '0.008490433', '0.009810456', '0.008286189', '0.007677615', '0.008478272', '0.009830243', '0.010318614', '0.009829912', '0.008341275', '0.009760967', '0.008232941', '0.008148941', '0.010012333', '0.009997305', '0.009345505', '0.010012333', '0.009553271', '0.009574146', '0.008286189', '0.007729861', '0.010319336', '0.010009537', '0.007677615', '0.009535236', '0.009577912', '0.013218935', '0.009997878', '0.009345505', '0.012657790', '0.009810456', '0.014486751', '0.010012333', '0.009345505', '0.010116523', '0.014895666', '0.010009537', '0.010301134', '0.012244178', '0.008600336', '0.011557773', '0.007729861', '0.008275393', '0.009572691', '0.009345505', '0.009906051', '0.009345505', '0.009965866', '0.009153000', '0.008219910', '0.009526440', '0.016899286', '0.013679300']" 
3 TND View3 0.150 0.213 0.574 0.105 0.216 0.023 nan 1120.0 1120.0 "['0.009061828', '0.009551073', '0.009929634', '0.009909313', '0.009636869', '0.006222115', '0.006584708', '0.009334847', '0.009067282', '0.009757998', '0.009034378', '0.009611275', '0.009067282', '0.007964207', '0.009765851', '0.010076372', '0.008136447', '0.010077953', '0.009484428', '0.018630857', '0.009611275', '0.010027207', '0.009590453', '0.007838809', '0.015490610', '0.008414240', '0.011996112', '0.010061848', '0.009484428', '0.011898380', '0.009980611', '0.009916266', '0.014806350', '0.006748646', '0.010050884', '0.009433518', '0.015283655', '0.008136447', '0.007829125', '0.010074328', '0.010069085', '0.007709143', '0.010013993', '0.008923621', '0.009779394', '0.009062639', '0.005281532', '0.016280394', '0.008985626', '0.009829169', '0.009425588', '0.010517200', '0.010050884', '0.009067282', '0.015490610', '0.009780878', '0.008173399', '0.011857310', '0.008734159', '0.009420780', '0.009402589', '0.009388206', '0.009577115', '0.007303847', '0.015870396', '0.008859346', '0.010044059', '0.010156273', '0.015620044', '0.010044059', '0.009063043', '0.007943414', '0.009777541', '0.009851352', '0.014166339', '0.010073551', '0.009636869', '0.008108919', '0.010076372', '0.015214737', '0.010062960', '0.010076372', '0.009784634', '0.009534944', '0.006645668', '0.006720433', '0.010076372', '0.008414160', '0.009779599', '0.010001181', '0.010044059', '0.011898380', '0.010066831', '0.009068259', '0.010156273', '0.015283655', '0.009067282', '0.008186880', '0.009278939', '0.009644449']" 
3 TND View4 0.100 0.190 0.457 0.080 0.220 0.004 nan 1120.0 1120.0 "['0.008794436', '0.010279567', '0.011904410', '0.009559687', '0.009258269', '0.009966843', '0.009602255', '0.009118725', '0.009943266', '0.009291461', '0.009269577', '0.013169142', '0.010199989', '0.009762492', '0.010289647', '0.008874197', '0.008634100', '0.009593986', '0.009177068', '0.009879136', '0.008543423', '0.010187238', '0.010230046', '0.010224639', '0.010351044', '0.011118486', '0.009249863', '0.010289647', '0.009445658', '0.010633906', '0.012557903', '0.010121579', '0.009257331', '0.010024655', '0.009928029', '0.009356279', '0.010224639', '0.009491624', '0.010351044', '0.009503406', '0.009305829', '0.010351044', '0.009966843', '0.009246155', '0.008981491', '0.009966843', '0.009190056', '0.008550593', '0.010459606', '0.009491624', '0.009943266', '0.009735267', '0.009027317', '0.010331568', '0.009665397', '0.009249863', '0.012766010', '0.009661037', '0.012551109', '0.010099147', '0.010006449', '0.010020134', '0.009680620', '0.009657769', '0.009881532', '0.009726482', '0.011267517', '0.012818356', '0.012800765', '0.009680620', '0.009943266', '0.012802713', '0.010092704', '0.009554756', '0.010224639', '0.009636100', '0.011061406', '0.010886293', '0.009356279', '0.009109821', '0.010132206', '0.008575733', '0.009842634', '0.010003000', '0.010412770', '0.009202586', '0.009943266', '0.009559687', '0.011930156', '0.009156527', '0.009491624', '0.009285732', '0.009329953', '0.009305829', '0.009868529', '0.009366048', '0.010487883', '0.010115187', '0.009324140', '0.010259571']" 
3 TND Concatenated 0.089 0.174 0.405 0.069 0.211 0.023 nan 1120.0 1120.0 "['0.007793571', '0.010646739', '0.009191555', '0.009181233', '0.006195792', '0.019704605', '0.009999176', '0.009523839', '0.009787177', '0.009344986', '0.009476948', '0.009128454', '0.008174893', '0.009726416', '0.009002772', '0.009815266', '0.007488195', '0.009376803', '0.008377704', '0.011152847', '0.009229423', '0.009898843', '0.009516475', '0.009098473', '0.006590637', '0.009386176', '0.008130291', '0.009191555', '0.007534880', '0.010585381', '0.009248364', '0.009349461', '0.010075498', '0.009176348', '0.009229423', '0.008016945', '0.009552224', '0.010214134', '0.009483941', '0.019402629', '0.009443804', '0.008377704', '0.010088349', '0.011396473', '0.008130291', '0.009920613', '0.006579375', '0.009344986', '0.009436513', '0.009996867', '0.011367777', '0.019810157', '0.013235290', '0.012507077', '0.010772782', '0.009421488', '0.010578668', '0.013280699', '0.009319052', '0.014459146', '0.016633345', '0.010278546', '0.011396473', '0.009585369', '0.009518028', '0.010616703', '0.009898843', '0.010051223', '0.009759367', '0.005768483', '0.007376916', '0.010616703', '0.009191555', '0.009495882', '0.009614615', '0.010251255', '0.009516475', '0.009898843', '0.011396473', '0.009562959', '0.009191555', '0.006712623', '0.010616703', '0.014399355', '0.010232801', '0.010689113', '0.009759367', '0.009947047', '0.007225717', '0.010074266', '0.009170036', '0.007513227', '0.007319860', '0.011891305', '0.009255809', '0.009504380', '0.010028108', '0.012728110', '0.010482914', '0.009362451']" 
3 TND Multiview 0.075 0.205 0.433 0.073 0.266 0.189 0.118 1120.0 1120.0 "[['0.003634428', '0.008202105', '0.005717385', '0.003886931', '0.005105461', '0.005441131', '0.005728428', '0.004097667', '0.033516455', '0.003956282', '0.005799439', '0.031993646', '0.018230049', '0.005248828', '0.007626441', '0.005209140', '0.003750269', '0.005376281', '0.028631784', '0.004836507', '0.005135394', '0.006887980', '0.005401269', '0.032813158', '0.004552057', '0.027332939', '0.007968960', '0.005704741', '0.031239368', '0.004115680', '0.005513293', '0.004680283', '0.006845060', '0.007065105', '0.005150033', '0.005843825', '0.009039454', '0.005505288', '0.006072831', '0.007175905', '0.029488331', '0.003495471', '0.005021058', '0.003508028', '0.004557241', '0.027064336', '0.005969491', '0.004140144', '0.005613625', '0.004008640', '0.016141120', '0.003580166', '0.027116118', '0.005723040', '0.008907935', '0.029677844', '0.004469821', '0.003782343', '0.004474698', '0.034249745', '0.003560151', '0.003636418', '0.004204330', '0.032619849', '0.015485793', '0.030646758', '0.026423059', '0.007904408', '0.012924069', '0.004888918', '0.005959619', '0.004083116', '0.031529788', '0.004207866', '0.005990698', '0.003574311', '0.003438054', '0.010112620', '0.015222226', '0.004786027', '0.009317024', '0.006728852', '0.003205197', '0.010534029', '0.036976036', '0.004603618', '0.004310071', '0.003745216', '0.009456658', '0.005149039', '0.003671176', '0.004893150', '0.007020934', '0.003779597', '0.005717668', '0.003820604', '0.006097766', '0.003942136', '0.010418110', '0.004394564'], ['0.011734219', '0.025280816', '0.011313508', '0.009304015', '0.008642976', '0.014375481', '0.018972522', '0.015797678', '0.009666236', '0.010563828', '0.005620716', '0.004569421', '0.003240471', '0.011485755', '0.005077450', '0.011508586', '0.009210098', '0.011054198', '0.008845991', '0.003272032', '0.009699908', '0.006649319', '0.004974675', '0.003171953', '0.008536866', '0.007694244', '0.005003635', '0.018157650', '0.005005902', '0.013084259', '0.017373430', '0.011977827', '0.007118023', '0.009889814', '0.015991898', '0.005463343', '0.006063847', '0.013915889', '0.011567242', '0.011088853', '0.004683465', '0.007182218', '0.013357741', '0.011653757', '0.013612309', '0.006484614', '0.005911850', '0.005442639', '0.013124735', '0.009396247', '0.010967322', '0.007125538', '0.007033207', '0.007361966', '0.021633927', '0.006899910', '0.012503202', '0.018166155', '0.011024226', '0.005362579', '0.014248123', '0.005056940', '0.006671400', '0.002934264', '0.006423556', '0.002422736', '0.005912477', '0.016100587', '0.010280178', '0.016493501', '0.012127123', '0.003169843', '0.009956140', '0.010987736', '0.014936795', '0.012111028', '0.008842656', '0.006625071', '0.006845056', '0.025853474', '0.003410192', '0.011751903', '0.014891472', '0.006129167', '0.003773377', '0.003656012', '0.009956884', '0.010643964', '0.005398748', '0.026807990', '0.004480583', '0.003968749', '0.018128620', '0.006296256', '0.007068940', '0.013361284', '0.023976987', '0.009874831', '0.005194220', '0.012338988'], ['0.019409645', '0.004285289', '0.006651231', '0.003726463', '0.005531798', '0.009486085', '0.003983423', '0.004768333', '0.003116410', '0.025459183', '0.017254377', '0.011799010', '0.006512835', '0.009817535', '0.009683292', '0.008057337', '0.008913071', '0.005140349', '0.004621482', '0.024634391', '0.009416161', '0.009415677', '0.006277908', '0.003250521', '0.025900068', '0.013732607', '0.006592023', '0.005646565', '0.004216598', '0.003523624', '0.004783362', '0.006452629', '0.008024561', '0.013013648', '0.011534045', '0.004977220', '0.007871159', '0.006572356', '0.007020946', '0.005503321', '0.005308628', '0.015711941', '0.005417455', '0.017223300', '0.011687102', '0.005634062', '0.015187455', '0.006422551', '0.008518703', '0.023625623', '0.004481704', '0.009239624', '0.014990415', '0.007754061', '0.003183266', '0.006628763', '0.003699894', '0.003269929', '0.003316329', '0.004232586', '0.017877590', '0.023299975', '0.006542764', '0.003131566', '0.013421873', '0.002812732', '0.009330423', '0.006813831', '0.003369596', '0.008810584', '0.008818277', '0.014571222', '0.005116080', '0.003131648', '0.006676311', '0.004069541', '0.012943776', '0.007377971', '0.004628923', '0.004390431', '0.003107292', '0.015467286', '0.024247391', '0.023176895', '0.003818542', '0.026680443', '0.026498938', '0.025026850', '0.005610659', '0.003642166', '0.017444763', '0.017713916', '0.008518672', '0.022531642', '0.020389242', '0.022991586', '0.003597850', '0.006747930', '0.006305670', '0.017237138'], ['0.007433159', '0.003397519', '0.013471589', '0.020548526', '0.010725674', '0.007569217', '0.005004060', '0.012826825', '0.003459611', '0.005166152', '0.010555111', '0.006929623', '0.012245436', '0.010627999', '0.014875473', '0.011022131', '0.015108120', '0.014923445', '0.006005857', '0.009333747', '0.013661830', '0.013903975', '0.016505778', '0.007840966', '0.003457394', '0.007117549', '0.017695226', '0.006986653', '0.008726246', '0.016712423', '0.007126827', '0.015427209', '0.014086281', '0.004921225', '0.004861107', '0.012412154', '0.014720866', '0.011066210', '0.009971180', '0.009518897', '0.005756911', '0.016276263', '0.012784045', '0.011313871', '0.006442388', '0.009098446', '0.011517736', '0.020728732', '0.009758406', '0.003437148', '0.005673967', '0.019065386', '0.004641858', '0.013358791', '0.003483030', '0.003979638', '0.021314593', '0.011937546', '0.017755670', '0.003111215', '0.002939065', '0.009993533', '0.020150118', '0.007796650', '0.003053360', '0.019084470', '0.003595778', '0.003757368', '0.011441515', '0.003998294', '0.005195025', '0.018757513', '0.002668615', '0.017866062', '0.003711657', '0.022920478', '0.015901383', '0.012339451', '0.008890266', '0.004921848', '0.021951273', '0.004002808', '0.002501975', '0.002982150', '0.003261293', '0.007944976', '0.003151500', '0.004642902', '0.016027043', '0.003272645', '0.014251121', '0.011831458', '0.004531998', '0.008863796', '0.004869625', '0.004036206', '0.003792091', '0.023303051', '0.022211121', '0.004203643']]" "['0.094812706', '0.353186041', '0.218416587', '0.333584607']"
3 TND_inv View1 0.305 0.366 0.954 0.191 0.350 0.076 nan 1120.0 1120.0 "['0.008703155', '0.008852121', '0.008041192', '0.008022112', '0.007108400', '0.008188643', '0.008676379', '0.007225541', '0.025871115', '0.007088481', '0.008593305', '0.031490136', '0.008698322', '0.008041487', '0.008113734', '0.007225541', '0.008466193', '0.007434283', '0.015851211', '0.007993563', '0.007805049', '0.008160767', '0.007225541', '0.015825322', '0.007996187', '0.021199005', '0.008795581', '0.008806130', '0.023162711', '0.007071530', '0.007709675', '0.007064030', '0.007996187', '0.008694645', '0.007408107', '0.007473342', '0.008694645', '0.007771058', '0.007640671', '0.008718644', '0.016280457', '0.007591968', '0.007978486', '0.007269988', '0.007934922', '0.015968025', '0.008041192', '0.008188643', '0.007784037', '0.008703155', '0.008957292', '0.007883601', '0.023641523', '0.007066428', '0.008852121', '0.023115253', '0.007130407', '0.008703155', '0.008126730', '0.016033275', '0.008079793', '0.008285729', '0.007883601', '0.021199005', '0.009127839', '0.016391149', '0.016564637', '0.008703155', '0.009140063', '0.007784037', '0.007807646', '0.007368658', '0.026180740', '0.007948980', '0.007619583', '0.007432549', '0.007687516', '0.008593305', '0.008694645', '0.008694645', '0.008694645', '0.008631564', '0.007724417', '0.007885812', '0.015714813', '0.007784037', '0.007807646', '0.007926068', '0.008852121', '0.007724417', '0.008041192', '0.008030680', '0.008806261', '0.007144100', '0.007619583', '0.007225541', '0.008694645', '0.007923218', '0.008703155', '0.007724417']" 
3 TND_inv View2 0.120 0.175 0.444 0.077 0.197 0.007 nan 1120.0 1120.0 "['0.009274133', '0.009309204', '0.009227320', '0.009309204', '0.009208108', '0.012803805', '0.009563471', '0.012389471', '0.013199778', '0.009309204', '0.009119268', '0.010327872', '0.008994790', '0.009446990', '0.009973250', '0.009158787', '0.009523540', '0.009496490', '0.009277771', '0.009302197', '0.009509129', '0.009309204', '0.009431372', '0.009665665', '0.009295787', '0.011276577', '0.009009596', '0.009971029', '0.010110859', '0.009747636', '0.008955773', '0.008743333', '0.012692908', '0.012623155', '0.012466132', '0.009158787', '0.011780618', '0.010073398', '0.010380104', '0.009767254', '0.009526545', '0.010280706', '0.012424304', '0.009649345', '0.008782400', '0.009214190', '0.009008679', '0.009496490', '0.009090490', '0.009431372', '0.009031262', '0.008755744', '0.009087284', '0.009952153', '0.010048892', '0.009437952', '0.009048681', '0.009631204', '0.009013256', '0.008982585', '0.009535470', '0.010690386', '0.009309204', '0.009535470', '0.009745053', '0.010383907', '0.009031262', '0.008782400', '0.010850882', '0.009542399', '0.008755744', '0.009347367', '0.010294688', '0.012312851', '0.010110859', '0.009309204', '0.012056097', '0.009431372', '0.012929332', '0.009535470', '0.009309204', '0.010087352', '0.013172410', '0.009542399', '0.010001373', '0.011860910', '0.009119268', '0.011507595', '0.008782400', '0.009027705', '0.010380104', '0.009309204', '0.009461188', '0.009309204', '0.009979521', '0.009268565', '0.009008679', '0.009686874', '0.015094007', '0.012526191']" 
3 TND_inv View3 0.151 0.214 0.579 0.106 0.214 0.008 nan 1120.0 1120.0 "['0.010613721', '0.009723926', '0.009165152', '0.009424468', '0.009083188', '0.008404206', '0.008508984', '0.010920333', '0.010477260', '0.009623826', '0.010327265', '0.009077351', '0.010477260', '0.008706754', '0.009615607', '0.009277765', '0.008740305', '0.009290945', '0.009741817', '0.013975462', '0.009077351', '0.009349346', '0.009072610', '0.009883427', '0.012868284', '0.008800779', '0.012003487', '0.009324382', '0.009741817', '0.011975538', '0.009188913', '0.009159789', '0.012697360', '0.008536985', '0.009333623', '0.009755159', '0.012815042', '0.008740305', '0.008682643', '0.009271344', '0.009260495', '0.008662728', '0.009208498', '0.010217343', '0.009545082', '0.010529702', '0.007692412', '0.013089380', '0.010268782', '0.011184189', '0.009034833', '0.011489969', '0.009333623', '0.010477260', '0.012868284', '0.009529321', '0.009941149', '0.011963605', '0.008875815', '0.009758742', '0.009029524', '0.010953385', '0.011058951', '0.008604845', '0.012970678', '0.008905061', '0.009231225', '0.011334194', '0.012902446', '0.009231225', '0.010525243', '0.008702920', '0.009595742', '0.009460251', '0.012545658', '0.009308909', '0.009083188', '0.008734727', '0.009277765', '0.012797651', '0.009323281', '0.009277765', '0.009516460', '0.009728483', '0.008520399', '0.008532734', '0.009277765', '0.009998361', '0.009587300', '0.009200474', '0.009231225', '0.011975538', '0.009256853', '0.010456019', '0.011334194', '0.012815042', '0.010477260', '0.009943942', '0.009823430', '0.009084921']" 
3 TND_inv View4 0.100 0.190 0.456 0.080 0.220 0.005 nan 1120.0 1120.0 "['0.008800652', '0.010280550', '0.012001590', '0.009553613', '0.009257573', '0.009970334', '0.009595959', '0.009104964', '0.009947380', '0.009291231', '0.009269092', '0.013163201', '0.010198262', '0.009762867', '0.010291004', '0.008879717', '0.008600350', '0.009587769', '0.009170242', '0.009874146', '0.008505867', '0.010185358', '0.010229111', '0.010223526', '0.010353832', '0.011066927', '0.009248975', '0.010291004', '0.009433121', '0.010636561', '0.012629840', '0.010120490', '0.009256616', '0.010025889', '0.009932278', '0.009351941', '0.010223526', '0.009482955', '0.010353832', '0.009495579', '0.009305539', '0.010353832', '0.009970334', '0.009245165', '0.008980165', '0.009970334', '0.009185036', '0.008510915', '0.010459363', '0.009482955', '0.009947380', '0.009733585', '0.009020814', '0.010334096', '0.009659041', '0.009248975', '0.012807850', '0.009654607', '0.012624037', '0.010098551', '0.010008369', '0.010021527', '0.009674706', '0.009651296', '0.009876377', '0.009723931', '0.011215178', '0.012853022', '0.012837813', '0.009674706', '0.009947380', '0.012839495', '0.010092244', '0.009548654', '0.010223526', '0.009629547', '0.011016211', '0.010868787', '0.009351941', '0.009095861', '0.010130885', '0.008531267', '0.009839971', '0.010005060', '0.010414739', '0.009199007', '0.009947380', '0.009553613', '0.012030334', '0.009146592', '0.009482955', '0.009285462', '0.009328623', '0.009305539', '0.009864246', '0.009360181', '0.010486133', '0.010114240', '0.009323201', '0.010259766']" 
3 TND_inv Concatenated 0.094 0.174 0.410 0.070 0.209 0.007 nan 1120.0 1120.0 "['0.008599394', '0.009448743', '0.009665172', '0.010597407', '0.008430975', '0.013904405', '0.009660716', '0.010744707', '0.009707235', '0.010288755', '0.010035207', '0.009774256', '0.008730300', '0.009718709', '0.009860827', '0.009701377', '0.008531457', '0.010284310', '0.008811401', '0.011553467', '0.009826586', '0.009280981', '0.009216606', '0.009761138', '0.008530774', '0.009710208', '0.008713191', '0.009665172', '0.008539136', '0.009516920', '0.009837965', '0.009699481', '0.010891005', '0.009677523', '0.009826586', '0.008671484', '0.010175556', '0.009284496', '0.010270107', '0.013714373', '0.009996595', '0.008811401', '0.009289743', '0.011680409', '0.008713191', '0.010822264', '0.008530471', '0.010288755', '0.009988800', '0.010853861', '0.011666534', '0.013972776', '0.012048701', '0.011998814', '0.011321339', '0.010740136', '0.009522249', '0.012049959', '0.009689686', '0.012079522', '0.012433341', '0.009277768', '0.011680409', '0.009734031', '0.010094075', '0.009487075', '0.009280981', '0.009649849', '0.009712728', '0.007994049', '0.008517398', '0.009487075', '0.009665172', '0.010060301', '0.009238182', '0.009280976', '0.009216606', '0.009280981', '0.011680409', '0.010746382', '0.009665172', '0.008529092', '0.009487075', '0.012076708', '0.009282849', '0.009370254', '0.009712728', '0.009672128', '0.008507841', '0.009645244', '0.009794205', '0.008535447', '0.008512520', '0.011872225', '0.009842599', '0.010072564', '0.009654593', '0.012021927', '0.009571398', '0.010732299']" 
3 TND_inv Multiview 0.069 0.214 0.447 0.075 0.278 0.480 0.060 1120.0 1120.0 "[['0.000878298', '0.001132528', '0.001188862', '0.000954900', '0.001182753', '0.001165841', '0.001391381', '0.000951292', '0.078993700', '0.000926041', '0.001455947', '0.105847411', '0.003138577', '0.001130819', '0.001736601', '0.001068782', '0.000992996', '0.001103342', '0.030265575', '0.001192021', '0.001089239', '0.001475665', '0.001178874', '0.041419238', '0.000990382', '0.056275945', '0.001524384', '0.001407215', '0.064594477', '0.001071726', '0.001215119', '0.001013125', '0.001434077', '0.001856445', '0.001245226', '0.001553605', '0.001536260', '0.001254995', '0.001311345', '0.001942104', '0.038012765', '0.000983509', '0.001247379', '0.000932476', '0.001137674', '0.028837809', '0.001274385', '0.001053752', '0.001219951', '0.000874646', '0.002039514', '0.001088113', '0.068258338', '0.001348268', '0.001528137', '0.066379033', '0.001000902', '0.000988965', '0.001405136', '0.045096923', '0.001742058', '0.000923975', '0.001204966', '0.059891582', '0.004450693', '0.033242747', '0.040043607', '0.002464175', '0.001705647', '0.001537732', '0.001362161', '0.001014027', '0.079168722', '0.001224754', '0.002293937', '0.001693545', '0.001109051', '0.001851852', '0.002491815', '0.000950055', '0.002364642', '0.001578966', '0.000990987', '0.002854093', '0.041944593', '0.001143737', '0.000879647', '0.001051305', '0.002744037', '0.001838978', '0.001145380', '0.001371868', '0.000753991', '0.000985095', '0.001563049', '0.001240266', '0.002013416', '0.000983742', '0.004306646', '0.001083679'], ['0.009312101', '0.034179147', '0.011280393', '0.010509646', '0.010838635', '0.013211294', '0.015816020', '0.015052249', '0.000814486', '0.009233427', '0.006755935', '0.000879454', '0.003442683', '0.011416466', '0.005048178', '0.015940478', '0.011082320', '0.013549457', '0.007145178', '0.001749703', '0.010233855', '0.008914570', '0.004716855', '0.001117917', '0.003995092', '0.001458068', '0.008416634', '0.016142305', '0.000744197', '0.012717764', '0.015038433', '0.017236099', '0.009356193', '0.011083233', '0.012347279', '0.008372275', '0.008623309', '0.012937724', '0.010969136', '0.012323592', '0.003248930', '0.008603866', '0.011365758', '0.010837669', '0.011908385', '0.003584763', '0.008065344', '0.008572702', '0.012729808', '0.007286618', '0.008611712', '0.009794512', '0.001006609', '0.006937917', '0.012843180', '0.000938832', '0.018688524', '0.014655708', '0.013243384', '0.001067751', '0.012243622', '0.006523348', '0.009549637', '0.000624451', '0.010104005', '0.000946757', '0.003450382', '0.012489599', '0.012107177', '0.012193680', '0.013184231', '0.015393198', '0.000910233', '0.011876413', '0.014005554', '0.012199974', '0.009991134', '0.010967247', '0.007673447', '0.026047666', '0.008111061', '0.010907771', '0.009129222', '0.007728531', '0.001286196', '0.004469712', '0.007818686', '0.008097960', '0.009644778', '0.029404704', '0.007455786', '0.005254056', '0.035489075', '0.007747598', '0.009602567', '0.013971287', '0.021884877', '0.012144997', '0.010624106', '0.008751566'], ['0.024778932', '0.001497974', '0.006932089', '0.004110494', '0.004124267', '0.009536834', '0.005140026', '0.006976082', '0.000743952', '0.025747241', '0.019919313', '0.002036850', '0.014033421', '0.010020386', '0.014132774', '0.005885857', '0.010724201', '0.002702710', '0.002500389', '0.024460889', '0.009412263', '0.010077038', '0.004713739', '0.001016216', '0.031855218', '0.002529047', '0.005926784', '0.009398642', '0.001028928', '0.008623171', '0.003535989', '0.004608907', '0.007975208', '0.018290322', '0.012304160', '0.003823174', '0.008204088', '0.007158745', '0.005056744', '0.007762986', '0.002968362', '0.017813621', '0.008766295', '0.021721084', '0.011664628', '0.002517249', '0.012664070', '0.011734840', '0.006838901', '0.024807995', '0.005153786', '0.012774417', '0.001771025', '0.005643824', '0.004891847', '0.001096855', '0.001870072', '0.002524825', '0.002039960', '0.001809415', '0.016473357', '0.024213020', '0.008967398', '0.000596995', '0.017699709', '0.000781894', '0.003275855', '0.011679816', '0.002558693', '0.011633513', '0.012359569', '0.005848181', '0.000652756', '0.002990573', '0.014456078', '0.005908258', '0.016188705', '0.005408968', '0.002928461', '0.004000602', '0.008328683', '0.013776742', '0.029776024', '0.022481594', '0.001311099', '0.031367987', '0.030367997', '0.028919235', '0.010490235', '0.002119228', '0.018638520', '0.020281985', '0.001436687', '0.024956537', '0.012165045', '0.021456223', '0.002530484', '0.008437845', '0.007475703', '0.014680650'], ['0.006786016', '0.002482552', '0.013962320', '0.020175772', '0.017050918', '0.010027893', '0.011467986', '0.013554714', '0.000801551', '0.005317245', '0.012201868', '0.000789930', '0.012968294', '0.011277163', '0.012304332', '0.010828505', '0.014120902', '0.016300386', '0.005277264', '0.008700875', '0.013268303', '0.012870644', '0.022922792', '0.002828972', '0.002049918', '0.002072579', '0.018393820', '0.010597806', '0.001712801', '0.013571620', '0.013019814', '0.012198615', '0.013835147', '0.006455883', '0.007825317', '0.017831838', '0.015932869', '0.011980168', '0.015284417', '0.013823083', '0.002441854', '0.013427228', '0.012615263', '0.008583277', '0.009561958', '0.010636565', '0.011587892', '0.014527614', '0.012600960', '0.003528832', '0.016906092', '0.015365447', '0.000940039', '0.018939510', '0.016118055', '0.000655022', '0.016440488', '0.017418711', '0.017801991', '0.000805350', '0.005166645', '0.008486881', '0.016562970', '0.000850819', '0.002902236', '0.013128063', '0.001228228', '0.006828539', '0.017913524', '0.008127463', '0.005293095', '0.015235688', '0.000462221', '0.018345576', '0.001448178', '0.020165008', '0.012701750', '0.016762968', '0.018461397', '0.006407017', '0.016577585', '0.007765548', '0.001419520', '0.001577695', '0.000900768', '0.001938518', '0.001338896', '0.003228891', '0.015122261', '0.001422627', '0.011009158', '0.008167163', '0.001501865', '0.007058606', '0.010054450', '0.002744306', '0.007340981', '0.018525131', '0.019137135', '0.010915640']]" "['0.127277195', '0.322396338', '0.244014174', '0.306312323']"
3 DIS View1 0.300 0.346 1.000 0.210 0.271 0.266 nan 1120.0 11201.0 "['0.015610320', '0.041333098', '0.004734599', '0.004706253', '0.004440775', '0.004977395', '0.016037371', '0.004516922', '0.012212513', '0.004558552', '0.005091615', '0.012008415', '0.026342189', '0.004848114', '0.004902163', '0.004516922', '0.009978374', '0.004651116', '0.013065624', '0.004825156', '0.004593580', '0.004936728', '0.004516922', '0.011945645', '0.004824849', '0.012273195', '0.019749355', '0.017519278', '0.012109829', '0.004553058', '0.004542175', '0.004512415', '0.004824849', '0.021305004', '0.004648720', '0.004534635', '0.021305004', '0.004744103', '0.004675279', '0.004931308', '0.013063568', '0.004514813', '0.004733415', '0.004630872', '0.004691637', '0.013067482', '0.004734599', '0.004977395', '0.004751600', '0.015610320', '0.058085747', '0.004779435', '0.011962594', '0.004550656', '0.041333098', '0.012272899', '0.004409666', '0.015610320', '0.004917922', '0.012072278', '0.004581476', '0.004995674', '0.004779435', '0.012273195', '0.011219785', '0.013033242', '0.013025356', '0.015610320', '0.011281069', '0.004751600', '0.004697914', '0.004552168', '0.011948509', '0.004571644', '0.004579000', '0.004573776', '0.004580625', '0.005091615', '0.021305004', '0.021305004', '0.021305004', '0.013892965', '0.004679929', '0.004673544', '0.013057959', '0.004751600', '0.004697914', '0.004566685', '0.041333098', '0.004679929', '0.004734599', '0.004849312', '0.004829855', '0.004529644', '0.004579000', '0.004516922', '0.021305004', '0.004796592', '0.015610320', '0.004679929']" 
3 DIS View2 0.132 0.161 0.560 0.088 0.154 0.518 nan 1120.0 11201.0 "['0.014696608', '0.014924543', '0.014484379', '0.014920797', '0.014681909', '0.002175818', '0.001452571', '0.002240553', '0.002077100', '0.014920797', '0.035836779', '0.002126476', '0.015317594', '0.002240744', '0.001652822', '0.014623160', '0.015135746', '0.014912393', '0.014576162', '0.016578726', '0.002158669', '0.014920797', '0.000891190', '0.017499639', '0.014674030', '0.001013333', '0.014792120', '0.035011619', '0.001078715', '0.017779816', '0.001054799', '0.003705997', '0.002223688', '0.001739967', '0.001151978', '0.014623160', '0.065463684', '0.002187095', '0.001998407', '0.002193118', '0.001979892', '0.001470874', '0.002103708', '0.015427347', '0.006812181', '0.001783312', '0.015339923', '0.014912393', '0.001913627', '0.014898897', '0.014825403', '0.003743757', '0.015711904', '0.002181224', '0.016842566', '0.014883208', '0.007929758', '0.015141774', '0.001010119', '0.015300582', '0.015057501', '0.001949193', '0.014920797', '0.015057501', '0.002220651', '0.001880904', '0.014825403', '0.006812181', '0.001754530', '0.014872495', '0.003743757', '0.016817104', '0.001471172', '0.002261638', '0.001078715', '0.014920797', '0.002181285', '0.014898897', '0.006323332', '0.015057501', '0.014920797', '0.002048281', '0.002086830', '0.014870510', '0.002188349', '0.002146651', '0.035291225', '0.001933360', '0.006812181', '0.016235268', '0.001998407', '0.014920797', '0.017984858', '0.014920797', '0.002210165', '0.014604758', '0.015339923', '0.017311031', '0.001989660', '0.002130871']" 
3 DIS View3 0.157 0.190 0.681 0.114 0.157 0.607 nan 1120.0 11201.0 "['0.019859957', '0.001494179', '0.018352723', '0.018477298', '0.017965250', '0.001852403', '0.001676317', '0.001978398', '0.019811116', '0.019694658', '0.014743729', '0.001877148', '0.019811116', '0.001282331', '0.019771237', '0.018716011', '0.007180320', '0.001698412', '0.001990756', '0.007258761', '0.001877148', '0.002929056', '0.015181444', '0.002007973', '0.003629225', '0.015712801', '0.001826491', '0.018783938', '0.001990756', '0.001826158', '0.018402655', '0.018488418', '0.001233844', '0.001678465', '0.001982804', '0.001886115', '0.001530554', '0.007180320', '0.002007019', '0.018673258', '0.017121589', '0.001936208', '0.018468086', '0.001380703', '0.019575315', '0.001907817', '0.001974336', '0.001925431', '0.014408763', '0.001986288', '0.017660832', '0.001905334', '0.001880144', '0.019811116', '0.003629225', '0.001992867', '0.020609690', '0.001807112', '0.001191260', '0.020145530', '0.018175166', '0.001981339', '0.021886462', '0.001622725', '0.062628835', '0.017780509', '0.018562956', '0.021997843', '0.002026616', '0.018562956', '0.021173574', '0.001863232', '0.001730201', '0.018598652', '0.001896964', '0.001665382', '0.017965250', '0.014091580', '0.018716011', '0.001236619', '0.001698300', '0.018716011', '0.001775912', '0.001527450', '0.001694516', '0.001934965', '0.018716011', '0.001288803', '0.001742573', '0.018555870', '0.018562956', '0.001826158', '0.002011230', '0.001951274', '0.021997843', '0.001530554', '0.019811116', '0.019382376', '0.020273244', '0.015201760']" 
3 DIS View4 0.118 0.173 0.559 0.083 0.189 1.395 nan 1120.0 11201.0 "['0.000368447', '0.027289877', '0.000359026', '0.000371225', '0.000364153', '0.011209678', '0.000374942', '0.003082515', '0.010495214', '0.004325211', '0.000366918', '0.029064160', '0.037351750', '0.015623294', '0.028873879', '0.000364660', '0.000367634', '0.000361458', '0.003021866', '0.008885200', '0.000380967', '0.000365143', '0.000362381', '0.028744275', '0.027337955', '0.000364696', '0.000364199', '0.028873879', '0.000362344', '0.029413000', '0.028582769', '0.000364906', '0.000373027', '0.024392193', '0.000372974', '0.002228605', '0.000360942', '0.007404918', '0.027337955', '0.000370657', '0.003754629', '0.027337955', '0.011209678', '0.000370546', '0.000365518', '0.011209678', '0.000367554', '0.000379351', '0.000362171', '0.007404918', '0.022192342', '0.021302937', '0.000366477', '0.000362417', '0.000369421', '0.000364199', '0.028279366', '0.000369217', '0.000369848', '0.000360357', '0.000369310', '0.032064591', '0.016301233', '0.015621580', '0.000363325', '0.034249026', '0.000363378', '0.028168900', '0.000355691', '0.016301233', '0.022192342', '0.028620733', '0.028923210', '0.010378218', '0.028744275', '0.000361465', '0.000363720', '0.000372793', '0.002228605', '0.002520212', '0.000374817', '0.000371567', '0.009169484', '0.027991734', '0.029022703', '0.000364291', '0.022192342', '0.000371225', '0.000354694', '0.000366367', '0.007404918', '0.000367767', '0.000380541', '0.003754629', '0.008353226', '0.000364009', '0.028954692', '0.030855095', '0.003409118', '0.028735373']" 
3 DIS Concatenated 0.108 0.163 0.488 0.069 0.198 0.754 nan 1120.0 11201.0 "['0.001881406', '0.002310500', '0.030371692', '0.024550801', '0.001581836', '0.027323723', '0.002511623', '0.002802508', '0.002634730', '0.040326077', '0.006056350', '0.012493125', '0.001873979', '0.002885764', '0.002666413', '0.004278246', '0.002013053', '0.001834234', '0.002476840', '0.025061136', '0.039325546', '0.001910139', '0.002851212', '0.002499484', '0.001821406', '0.007604177', '0.001873890', '0.030371692', '0.002820820', '0.001709743', '0.027686886', '0.003009474', '0.001703260', '0.004816135', '0.076663896', '0.002254599', '0.005967487', '0.002100024', '0.018370548', '0.028581794', '0.002265864', '0.002476840', '0.002394800', '0.025923904', '0.001873890', '0.003093426', '0.001502794', '0.040326077', '0.046436865', '0.005486950', '0.025559131', '0.027608635', '0.024079962', '0.018379668', '0.001753932', '0.001640998', '0.002468004', '0.002300462', '0.001648734', '0.005935304', '0.024309382', '0.001669847', '0.025923904', '0.006348774', '0.032310631', '0.002275021', '0.001910139', '0.003239280', '0.003505134', '0.001470161', '0.002440020', '0.002275021', '0.030371692', '0.039265573', '0.001763770', '0.001935057', '0.002851212', '0.001910139', '0.025923904', '0.002050877', '0.030371692', '0.001501828', '0.002275021', '0.004634262', '0.003251516', '0.002287373', '0.003505134', '0.002470233', '0.001901198', '0.001679377', '0.007079284', '0.001411380', '0.002631314', '0.003141487', '0.001481379', '0.002033630', '0.001984005', '0.003815690', '0.002222669', '0.001539431']" 
3 DIS Multiview 0.104 0.199 0.534 0.078 0.252 0.310 0.108 1120.0 11201.0 "[['0.015797613', '0.012771432', '0.007093577', '0.004894873', '0.004627102', '0.013964351', '0.010420952', '0.004690939', '0.005393854', '0.004902924', '0.003120478', '0.004730602', '0.011993581', '0.020585459', '0.011096457', '0.004609203', '0.015030465', '0.003694953', '0.015197922', '0.008798870', '0.004578067', '0.015710901', '0.004585433', '0.005393487', '0.008526016', '0.043146279', '0.008938955', '0.013142343', '0.005255854', '0.004983498', '0.004843164', '0.004884381', '0.028349452', '0.013773872', '0.004741678', '0.004628823', '0.012118796', '0.012413777', '0.003513690', '0.007518860', '0.017028797', '0.004931955', '0.004811779', '0.004290988', '0.005004995', '0.015021457', '0.002713036', '0.009246559', '0.005748035', '0.012005891', '0.012739309', '0.009293297', '0.005236407', '0.004497032', '0.013120543', '0.013068431', '0.004699026', '0.016063474', '0.023005800', '0.003363846', '0.004921163', '0.030114779', '0.035856452', '0.012501667', '0.005538272', '0.014408046', '0.015686451', '0.016030267', '0.004391447', '0.005942293', '0.003147466', '0.004363159', '0.004865570', '0.004577446', '0.004472701', '0.005203011', '0.005079190', '0.003552199', '0.013285785', '0.013859899', '0.012892415', '0.034604996', '0.007570148', '0.005930446', '0.016362226', '0.013233276', '0.006808758', '0.004879843', '0.016111655', '0.003470692', '0.005248343', '0.014641512', '0.004850588', '0.004175485', '0.005237570', '0.004651757', '0.016781848', '0.012404770', '0.018225867', '0.003766975'], ['0.018579805', '0.004501835', '0.010359962', '0.009497881', '0.003726654', '0.012840826', '0.009836739', '0.003917179', '0.003737797', '0.005545129', '0.003340742', '0.002840611', '0.004159163', '0.026109172', '0.004264506', '0.003996751', '0.014114060', '0.003042300', '0.029142886', '0.004209632', '0.003525674', '0.007009995', '0.003710885', '0.008910658', '0.008246560', '0.039347250', '0.003160735', '0.004160153', '0.004120396', '0.005081186', '0.010384686', '0.004447461', '0.034528557', '0.004439578', '0.008560475', '0.003789208', '0.003175201', '0.014257314', '0.003040875', '0.025062911', '0.011567079', '0.013027189', '0.008676406', '0.003677430', '0.009795115', '0.023168925', '0.002673219', '0.003482132', '0.004031806', '0.003417540', '0.008626578', '0.004547324', '0.005459281', '0.005559561', '0.004481396', '0.005371337', '0.004507555', '0.013586883', '0.023292314', '0.003440234', '0.005427164', '0.044006571', '0.028367925', '0.006966658', '0.008968441', '0.003567465', '0.011295119', '0.013870844', '0.008851404', '0.008993765', '0.003578620', '0.003453162', '0.009701990', '0.005546574', '0.004238623', '0.012334061', '0.012839613', '0.003675766', '0.007253448', '0.004320711', '0.003527149', '0.045092799', '0.023990728', '0.008826568', '0.007303555', '0.004353283', '0.025895860', '0.004646768', '0.007131622', '0.003822391', '0.007696980', '0.007235870', '0.004109669', '0.027389210', '0.013208986', '0.003902627', '0.013777809', '0.006328973', '0.027172752', '0.008215805'], ['0.020519922', '0.004063578', '0.011602744', '0.010316257', '0.003958561', '0.013100020', '0.003947072', '0.003900166', '0.003915864', '0.010056279', '0.003684896', '0.003771964', '0.009874661', '0.020605110', '0.004295317', '0.008274389', '0.011091555', '0.004094306', '0.033277795', '0.011847294', '0.009054549', '0.014416698', '0.007780304', '0.004115999', '0.004185800', '0.047738768', '0.003206247', '0.003969421', '0.003820399', '0.011408623', '0.003744064', '0.008614881', '0.018722845', '0.013243983', '0.010964663', '0.003237979', '0.003780427', '0.004868480', '0.002977419', '0.020808997', '0.014700746', '0.005018316', '0.004186753', '0.007341366', '0.004346789', '0.019099057', '0.002468895', '0.003890414', '0.010623250', '0.003814109', '0.003956922', '0.004397007', '0.010398316', '0.003078279', '0.010032439', '0.004888284', '0.007263516', '0.009368365', '0.004837910', '0.003354922', '0.012523971', '0.048190601', '0.023428390', '0.004170663', '0.010714984', '0.003115013', '0.004402730', '0.014196996', '0.004427752', '0.003907102', '0.003034411', '0.002834484', '0.002056113', '0.002956638', '0.003261094', '0.004595629', '0.004705900', '0.003680886', '0.003946045', '0.008941461', '0.003943990', '0.042843957', '0.025892565', '0.014443308', '0.009085290', '0.014225178', '0.039092030', '0.009446990', '0.013920083', '0.004131746', '0.004618533', '0.005510398', '0.009614257', '0.035982430', '0.014181159', '0.010793646', '0.010331854', '0.005555464', '0.019451674', '0.003920600'], ['0.005272900', '0.006876421', '0.008602130', '0.004132442', '0.010769296', '0.004878369', '0.004298595', '0.009963612', '0.003747700', '0.004267603', '0.003601945', '0.002733764', '0.004109205', '0.026616305', '0.011658298', '0.003182947', '0.006035809', '0.003618360', '0.031545319', '0.003985372', '0.003019797', '0.016798105', '0.003110510', '0.013015049', '0.004413577', '0.034236826', '0.003165032', '0.004220230', '0.010169187', '0.012562407', '0.004500403', '0.008563219', '0.034142595', '0.004084103', '0.004342306', '0.009108990', '0.003110142', '0.012597865', '0.003769928', '0.026791155', '0.007120736', '0.014481642', '0.011656808', '0.003670088', '0.007679710', '0.027338658', '0.002480370', '0.003336881', '0.003575579', '0.003970486', '0.004402875', '0.008665862', '0.010076081', '0.003360618', '0.004312384', '0.004555475', '0.012957585', '0.007776971', '0.027998714', '0.002832918', '0.003815355', '0.043437723', '0.039328329', '0.004408490', '0.004502293', '0.003640376', '0.004508924', '0.005533698', '0.004467293', '0.004255046', '0.003899134', '0.002649863', '0.003486900', '0.003137558', '0.004210363', '0.012531020', '0.013036758', '0.003055229', '0.003850582', '0.004536964', '0.004327277', '0.041918252', '0.019441506', '0.013201440', '0.004668563', '0.015622790', '0.020567350', '0.006848477', '0.016200576', '0.003474486', '0.012564406', '0.014645316', '0.010126748', '0.025469134', '0.011883584', '0.003944192', '0.005628563', '0.011369497', '0.034683391', '0.003254376']]" "['0.091689505', '0.301809758', '0.316781491', '0.289719284']"
3 DIS_inv View1 0.310 0.349 1.186 0.229 0.239 0.215 nan 1120.0 11201.0 "['0.013292965', '0.049709361', '0.006002574', '0.005977170', '0.005721990', '0.006124038', '0.006384820', '0.005805272', '0.008439975', '0.005832488', '0.006524889', '0.008374938', '0.030456118', '0.006045000', '0.006077234', '0.005805272', '0.006276047', '0.005910520', '0.008708888', '0.006031269', '0.005889645', '0.006097979', '0.005805272', '0.008340384', '0.006036629', '0.008455749', '0.006500233', '0.018493056', '0.008404073', '0.005826605', '0.005849043', '0.005794035', '0.006036629', '0.024599688', '0.005908929', '0.005830762', '0.024599688', '0.005975680', '0.005933727', '0.006345615', '0.008710701', '0.005819061', '0.005993424', '0.005892568', '0.005961726', '0.008710205', '0.006002574', '0.006124038', '0.005981605', '0.013292965', '0.046181373', '0.006002134', '0.008357567', '0.005824288', '0.049709361', '0.008458067', '0.005692380', '0.013292965', '0.006086690', '0.008379575', '0.005916520', '0.006136656', '0.006002134', '0.008455749', '0.007973539', '0.008700817', '0.008699388', '0.013292965', '0.008002699', '0.005981605', '0.005955197', '0.005844042', '0.008354698', '0.005892381', '0.005866812', '0.005859348', '0.005870004', '0.006524889', '0.024599688', '0.024599688', '0.024599688', '0.006335223', '0.005937934', '0.005943113', '0.008705132', '0.005981605', '0.005955197', '0.005884611', '0.049709361', '0.005937934', '0.006002574', '0.006045980', '0.006405465', '0.005812491', '0.005866812', '0.005805272', '0.024599688', '0.006014707', '0.013292965', '0.005937934']" 
3 DIS_inv View2 0.109 0.174 0.524 0.076 0.202 0.453 nan 1120.0 11201.0 "['0.003694145', '0.003769638', '0.003651643', '0.003768708', '0.003670439', '0.015470927', '0.003625715', '0.015226021', '0.015661051', '0.003768708', '0.003755877', '0.003776900', '0.003690196', '0.003600292', '0.003683277', '0.003691145', '0.003752291', '0.003752609', '0.003665836', '0.003750968', '0.003556573', '0.003768708', '0.003685071', '0.058810361', '0.003683554', '0.015976228', '0.003640622', '0.003749285', '0.022735098', '0.070092537', '0.003697504', '0.003578652', '0.015629834', '0.015919901', '0.015677152', '0.003691145', '0.015960608', '0.003789363', '0.014457813', '0.003706072', '0.003751605', '0.015511206', '0.015610330', '0.003838970', '0.003586614', '0.003691538', '0.003691946', '0.003752609', '0.003573715', '0.003829880', '0.003642251', '0.003580761', '0.003629150', '0.003681771', '0.051168833', '0.003823679', '0.003728739', '0.038122807', '0.003643424', '0.003677447', '0.003769282', '0.014797835', '0.003768708', '0.003769282', '0.003600047', '0.014523092', '0.003642251', '0.003586614', '0.014930747', '0.003838573', '0.003580761', '0.003770320', '0.015524733', '0.015506838', '0.022735098', '0.003768708', '0.015274556', '0.003829880', '0.016075479', '0.003769282', '0.003768708', '0.003761787', '0.015652133', '0.003837708', '0.003656818', '0.015304163', '0.003751483', '0.015229057', '0.003586614', '0.003671949', '0.014457813', '0.003768708', '0.052914720', '0.003768708', '0.003613318', '0.003662847', '0.003691946', '0.061349023', '0.016012294', '0.015708346']" 
3 DIS_inv View3 0.134 0.203 0.618 0.098 0.218 0.479 nan 1120.0 11201.0 "['0.031790163', '0.003126336', '0.003112111', '0.003123412', '0.003088139', '0.002958789', '0.002981625', '0.013778152', '0.031592865', '0.003229810', '0.032238152', '0.002989331', '0.031592865', '0.003008748', '0.003230883', '0.003178067', '0.003035483', '0.003047915', '0.003208163', '0.015556131', '0.002989331', '0.003107806', '0.003053408', '0.003262569', '0.015692500', '0.003041475', '0.014575848', '0.003173546', '0.003208163', '0.014605700', '0.003115826', '0.003133925', '0.015489106', '0.002996770', '0.002953882', '0.003113717', '0.015310847', '0.003035483', '0.002888674', '0.003167050', '0.003096019', '0.002965902', '0.003125303', '0.021643268', '0.003287182', '0.003201028', '0.002908561', '0.013966929', '0.028737219', '0.013616600', '0.003075757', '0.014517472', '0.003057398', '0.031592865', '0.015692500', '0.003003421', '0.030048449', '0.014919689', '0.003022775', '0.028106125', '0.003099724', '0.013694920', '0.031028572', '0.003007598', '0.015905226', '0.003079759', '0.003136527', '0.041267872', '0.015362909', '0.003136527', '0.025972692', '0.003016128', '0.003133250', '0.003130007', '0.014235974', '0.003058062', '0.003088139', '0.003030977', '0.003178067', '0.015297687', '0.003045716', '0.003178067', '0.003087691', '0.003185532', '0.002995458', '0.002949766', '0.003178067', '0.021803197', '0.003111299', '0.003144296', '0.003136527', '0.014605700', '0.002941857', '0.014369370', '0.041267872', '0.015310847', '0.031592865', '0.024781935', '0.024032265', '0.003053877']" 
3 DIS_inv View4 0.124 0.185 0.551 0.081 0.215 0.935 nan 1120.0 11201.0 "['0.000844292', '0.024341432', '0.018476170', '0.000874575', '0.000855278', '0.011939190', '0.000867897', '0.000856899', '0.009712909', '0.000861649', '0.000851288', '0.019039413', '0.025135592', '0.009921941', '0.039390467', '0.000849914', '0.000845168', '0.000870894', '0.000857284', '0.009110061', '0.000839388', '0.000886554', '0.000888868', '0.032684080', '0.028265577', '0.018086851', '0.000854744', '0.039390467', '0.000862434', '0.018502928', '0.018940361', '0.017331898', '0.000846155', '0.016202856', '0.016532280', '0.000859828', '0.016937410', '0.000872786', '0.028265577', '0.000871659', '0.000859544', '0.028265577', '0.011939190', '0.000864282', '0.000847576', '0.011939190', '0.000860030', '0.000839792', '0.018295743', '0.000872786', '0.014687692', '0.000887161', '0.000848821', '0.025144227', '0.000853922', '0.000854744', '0.018975360', '0.000850721', '0.018912740', '0.016105631', '0.017588144', '0.015829952', '0.000890863', '0.000889959', '0.000869713', '0.009774773', '0.017611556', '0.018977294', '0.018876636', '0.000890863', '0.014687692', '0.018953500', '0.015568051', '0.000879780', '0.032684080', '0.000870790', '0.017700860', '0.017796403', '0.000859828', '0.000856430', '0.000857828', '0.000843501', '0.008230513', '0.018716497', '0.017992532', '0.000853818', '0.014687692', '0.000874575', '0.018691791', '0.000849559', '0.000872786', '0.000849781', '0.000842358', '0.000859544', '0.007854038', '0.000857362', '0.017987097', '0.020628968', '0.000858820', '0.033604059']" 
3 DIS_inv Concatenated 0.094 0.170 0.482 0.065 0.216 0.721 nan 1120.0 11201.0 "['0.001438861', '0.001495906', '0.018515330', '0.046891004', '0.001423989', '0.018332072', '0.018143199', '0.016676109', '0.001489220', '0.017359037', '0.019854369', '0.017417701', '0.001439878', '0.001495392', '0.001456782', '0.013504124', '0.001437198', '0.001459958', '0.001444873', '0.018276818', '0.017800838', '0.001458095', '0.001487980', '0.001470542', '0.001428989', '0.013956421', '0.001446722', '0.018515330', '0.001441775', '0.001444123', '0.019394875', '0.001510084', '0.017148905', '0.014714867', '0.047447089', '0.001440660', '0.040774532', '0.001478703', '0.022308454', '0.018493216', '0.001462983', '0.001444873', '0.001484193', '0.018364973', '0.001446722', '0.017518511', '0.001421346', '0.017359037', '0.019080207', '0.017609017', '0.018316077', '0.018350430', '0.018135963', '0.017719533', '0.017204210', '0.016633505', '0.001509118', '0.017699301', '0.001441689', '0.017765790', '0.018188380', '0.001437477', '0.018364973', '0.015483048', '0.021715948', '0.001492677', '0.001458095', '0.001507038', '0.001466270', '0.001423734', '0.001437923', '0.001492677', '0.018515330', '0.021418430', '0.001439466', '0.001458807', '0.001487980', '0.001458095', '0.018364973', '0.017582236', '0.018515330', '0.001420598', '0.001492677', '0.017585602', '0.001461691', '0.001493814', '0.001466270', '0.001462433', '0.001433896', '0.001457869', '0.017610792', '0.001397666', '0.001441796', '0.017494682', '0.001449431', '0.001466473', '0.001486525', '0.017670011', '0.001454393', '0.016862988']" 
3 DIS_inv Multiview 0.087 0.190 0.501 0.071 0.250 0.265 0.312 1120.0 11201.0 "[['0.029571855', '0.021479074', '0.003771495', '0.004338201', '0.003683673', '0.004362597', '0.005845540', '0.004891634', '0.018726029', '0.006357100', '0.017778773', '0.018165110', '0.008093402', '0.003882519', '0.004146219', '0.003673628', '0.006262130', '0.003651326', '0.025691092', '0.004110307', '0.003792083', '0.005017839', '0.003747636', '0.017330851', '0.004169648', '0.019487336', '0.005760455', '0.026270501', '0.018942527', '0.005782191', '0.003636129', '0.004897071', '0.003944336', '0.011875491', '0.004674588', '0.003625571', '0.007441360', '0.003880142', '0.003753092', '0.014045366', '0.018764067', '0.007580481', '0.005351662', '0.009214291', '0.004011780', '0.022533067', '0.003780048', '0.009466962', '0.003975524', '0.007169236', '0.008892065', '0.006272780', '0.017719723', '0.003579312', '0.010543625', '0.020702211', '0.003943265', '0.009764312', '0.017199881', '0.006961202', '0.004501023', '0.019972434', '0.011984746', '0.014976989', '0.018913604', '0.023241736', '0.030789273', '0.046345603', '0.006560246', '0.003962951', '0.003704425', '0.005084646', '0.017353026', '0.003624811', '0.003619411', '0.005086307', '0.007500988', '0.006528148', '0.008687274', '0.011635630', '0.020042276', '0.005343875', '0.010129070', '0.003843907', '0.012601967', '0.004488910', '0.005830930', '0.004090225', '0.020473564', '0.003715972', '0.011683386', '0.004197091', '0.003620332', '0.005301102', '0.003634022', '0.003980074', '0.014466464', '0.016944528', '0.019646430', '0.003911238'], ['0.025007918', '0.014953602', '0.004149178', '0.008358625', '0.004075688', '0.005876040', '0.008073200', '0.008739873', '0.014487179', '0.017130503', '0.014812802', '0.016001094', '0.003627392', '0.004391179', '0.003562646', '0.003557543', '0.008007566', '0.003926964', '0.019392541', '0.003333529', '0.003985646', '0.004418616', '0.003750184', '0.020362852', '0.006316022', '0.016306700', '0.003880780', '0.018367704', '0.011421759', '0.014404339', '0.007663599', '0.004401480', '0.004051832', '0.004625705', '0.010529603', '0.003644659', '0.003947042', '0.005920805', '0.005308809', '0.019167094', '0.005336064', '0.021970758', '0.012488950', '0.016208952', '0.008110510', '0.018578125', '0.003847406', '0.004571024', '0.003780935', '0.004067556', '0.008588062', '0.004484794', '0.015734544', '0.005380596', '0.004685779', '0.016728161', '0.004000293', '0.009398400', '0.025030293', '0.003779216', '0.007863960', '0.012804384', '0.019657150', '0.009170533', '0.018392732', '0.004701892', '0.021397155', '0.023344938', '0.009465925', '0.006861249', '0.003584115', '0.005457870', '0.020597458', '0.006288151', '0.006003366', '0.033018399', '0.022367826', '0.008194930', '0.005808061', '0.004233931', '0.015449130', '0.004169596', '0.018325230', '0.004116953', '0.004151981', '0.003187750', '0.014325650', '0.004539516', '0.012402551', '0.003532158', '0.017804302', '0.004007727', '0.003581225', '0.019751646', '0.004406963', '0.003681370', '0.013040225', '0.012805517', '0.017914815', '0.008880971'], ['0.029383549', '0.010465929', '0.003619510', '0.007708626', '0.002585999', '0.005893569', '0.002493388', '0.003653978', '0.005198068', '0.031013919', '0.015188456', '0.014433227', '0.009054031', '0.003723652', '0.003462122', '0.006661611', '0.003972266', '0.003456951', '0.014559942', '0.009329615', '0.006932117', '0.008558141', '0.006644724', '0.003348837', '0.003231684', '0.018172575', '0.003330227', '0.010652031', '0.015393490', '0.047902603', '0.003238847', '0.010518682', '0.004787467', '0.019398989', '0.011397718', '0.003239203', '0.002896943', '0.003112014', '0.003309054', '0.024075205', '0.012102846', '0.015676323', '0.003142743', '0.019738957', '0.003606860', '0.022059867', '0.003466301', '0.002884334', '0.006203191', '0.002945105', '0.003154027', '0.003718149', '0.018418182', '0.003268627', '0.009077963', '0.017615888', '0.005767076', '0.003846015', '0.003731879', '0.003090727', '0.014554129', '0.019002339', '0.023670074', '0.004128675', '0.023586811', '0.003947573', '0.015123352', '0.040811308', '0.003856021', '0.003526738', '0.003518745', '0.015991669', '0.018162040', '0.003387478', '0.003274951', '0.004047748', '0.014477634', '0.003336444', '0.002948732', '0.007562407', '0.005712651', '0.003565764', '0.019911552', '0.007300559', '0.003667366', '0.008935322', '0.020979241', '0.010970038', '0.024994770', '0.003416758', '0.015646307', '0.003376555', '0.003848023', '0.017971532', '0.005364711', '0.011946068', '0.004203076', '0.013279559', '0.023257764', '0.003223521'], ['0.004364933', '0.017436255', '0.004149602', '0.004093550', '0.012117925', '0.003684615', '0.003967950', '0.018953761', '0.013866484', '0.005582363', '0.015320843', '0.016596612', '0.004545932', '0.004429603', '0.007798291', '0.004292293', '0.004137587', '0.003713453', '0.022507641', '0.004259875', '0.004278677', '0.010379750', '0.005456681', '0.025026517', '0.003650702', '0.019437980', '0.004115774', '0.012945515', '0.019529711', '0.059995998', '0.004413442', '0.013949800', '0.004505715', '0.004565557', '0.003975915', '0.007984651', '0.004238863', '0.004557093', '0.003744500', '0.016070282', '0.004635709', '0.021023771', '0.015509015', '0.015673177', '0.005802096', '0.018849658', '0.004143816', '0.010237968', '0.004080859', '0.003767345', '0.003901762', '0.012665135', '0.017582767', '0.004090285', '0.004299898', '0.012407070', '0.014459790', '0.004569802', '0.016822824', '0.003900650', '0.004469152', '0.018615620', '0.018808266', '0.004817399', '0.010222568', '0.013627227', '0.009755218', '0.007675498', '0.004105749', '0.003778021', '0.003506557', '0.020849608', '0.011366513', '0.004112787', '0.003271577', '0.021317329', '0.021479256', '0.004401206', '0.004204506', '0.004274197', '0.014096308', '0.004270182', '0.023274107', '0.004490668', '0.003956667', '0.007911418', '0.005296340', '0.006101159', '0.016816128', '0.003647864', '0.023283944', '0.005742479', '0.004386393', '0.021154376', '0.004332330', '0.004424218', '0.004216500', '0.017718799', '0.018953312', '0.004202427']]" "['0.034816075', '0.390707165', '0.297288477', '0.277188241']"
3 Cbound View1 0.280 0.331 0.905 0.178 0.307 0.680 nan 1120.0 1120.0 "['0.012313089', '0.032774363', '0.001951108', '0.001935530', '0.001845909', '0.006833883', '0.033091623', '0.001861342', '0.028407678', '0.001871119', '0.001992926', '0.002008608', '0.032944698', '0.005084100', '0.006077792', '0.001861342', '0.010059333', '0.001912844', '0.030129481', '0.004423410', '0.001880029', '0.006558006', '0.001861342', '0.002028367', '0.003927923', '0.028756944', '0.032884683', '0.012973313', '0.027755957', '0.001869463', '0.001866164', '0.001859437', '0.003927923', '0.017237151', '0.001910774', '0.001864961', '0.017237151', '0.002043867', '0.001925997', '0.001963828', '0.030112760', '0.001860988', '0.001958939', '0.001901300', '0.001927554', '0.030126698', '0.001951108', '0.006833883', '0.002058313', '0.012313089', '0.032253999', '0.002770572', '0.001953736', '0.001868705', '0.032774363', '0.028718982', '0.001841557', '0.012313089', '0.006261945', '0.027933894', '0.001873382', '0.007484464', '0.002770572', '0.028756944', '0.026904110', '0.030078225', '0.030070789', '0.012313089', '0.002115355', '0.002058313', '0.001940367', '0.001868568', '0.001932411', '0.001872141', '0.001877000', '0.001875098', '0.001877485', '0.001992926', '0.017237151', '0.017237151', '0.017237151', '0.033370055', '0.001930101', '0.001919500', '0.030123202', '0.002058313', '0.001940367', '0.001871289', '0.032774363', '0.001930101', '0.001951108', '0.005038464', '0.001907086', '0.001863849', '0.001877000', '0.001861342', '0.017237151', '0.003281883', '0.012313089', '0.001930101']" 
3 Cbound View2 0.085 0.182 0.577 0.070 0.223 1.590 nan 1120.0 1120.0 "['0.002225220', '0.002607558', '0.000302586', '0.002607558', '0.000301758', '0.034128003', '0.000291707', '0.000300649', '0.034892555', '0.002607558', '0.000289407', '0.000290842', '0.000291945', '0.000284771', '0.000296917', '0.001740881', '0.004051183', '0.003841728', '0.002088041', '0.000298830', '0.000284846', '0.002607558', '0.000291741', '0.009752559', '0.002284360', '0.035755496', '0.000291210', '0.037748680', '0.036275208', '0.026231591', '0.000286164', '0.000285154', '0.033384148', '0.035433680', '0.035724215', '0.001740881', '0.036043387', '0.000286555', '0.000297961', '0.000285221', '0.000287115', '0.035310283', '0.034526590', '0.006370483', '0.000285606', '0.000286157', '0.000292234', '0.003841728', '0.000284838', '0.003351401', '0.000291637', '0.000285249', '0.000289615', '0.000285828', '0.039598785', '0.003386613', '0.000287756', '0.005152332', '0.000286262', '0.000291193', '0.004216479', '0.034173198', '0.002607558', '0.004216479', '0.000284850', '0.034113385', '0.000291637', '0.000285606', '0.035000436', '0.004127428', '0.000285249', '0.000300708', '0.035311073', '0.000294799', '0.036275208', '0.002607558', '0.033384643', '0.003351401', '0.035889231', '0.004216479', '0.002607558', '0.000291343', '0.034849215', '0.004127428', '0.000286016', '0.033715595', '0.000289407', '0.034814682', '0.000285606', '0.000290175', '0.000297961', '0.002607558', '0.002661535', '0.002607558', '0.000285398', '0.001937577', '0.000292234', '0.012753220', '0.035318874', '0.034425635']" 
3 Cbound View3 0.113 0.209 0.662 0.097 0.224 1.403 nan 1120.0 1120.0 "['0.012231711', '0.000404162', '0.002205720', '0.003293438', '0.001542838', '0.000387075', '0.000386699', '0.000392082', '0.009849022', '0.006092680', '0.033508763', '0.000387387', '0.009849022', '0.000389218', '0.006019449', '0.002973287', '0.000392635', '0.000391624', '0.000419580', '0.033324230', '0.000387387', '0.000404343', '0.000404221', '0.032612961', '0.033292219', '0.000398633', '0.032006096', '0.003173111', '0.000419580', '0.031991098', '0.002318323', '0.002496426', '0.033138618', '0.000386766', '0.000387355', '0.000390857', '0.033174325', '0.000392635', '0.000390118', '0.002944253', '0.000414662', '0.000387239', '0.002578383', '0.032160752', '0.004624013', '0.000397637', '0.000391928', '0.031752769', '0.033509865', '0.000392804', '0.000415191', '0.030422237', '0.000388372', '0.009849022', '0.033292219', '0.000387414', '0.012062420', '0.032081366', '0.000391486', '0.006581618', '0.001544770', '0.000392073', '0.034999076', '0.000387255', '0.033434309', '0.000409640', '0.002699915', '0.035001345', '0.033235360', '0.002699915', '0.035303824', '0.000386853', '0.000394997', '0.003601046', '0.031767529', '0.000392414', '0.001542838', '0.000395427', '0.002973287', '0.033144001', '0.000392036', '0.002973287', '0.000392557', '0.000403466', '0.000386708', '0.000387723', '0.002973287', '0.032006998', '0.000394473', '0.002664644', '0.002699915', '0.031991098', '0.000388667', '0.000391865', '0.035001345', '0.033174325', '0.009849022', '0.005884460', '0.014502194', '0.000404749']" 
3 Cbound View4 0.119 0.185 0.605 0.081 0.209 1.607 nan 1120.0 1120.0 "['0.000276336', '0.033698838', '0.031300534', '0.000286896', '0.000280591', '0.005222832', '0.000289265', '0.000285832', '0.005565721', '0.000289879', '0.000277610', '0.033115197', '0.009172062', '0.004633938', '0.033138439', '0.000277348', '0.000275559', '0.000282118', '0.000286186', '0.004828338', '0.000275187', '0.031192616', '0.000294925', '0.033012126', '0.033884801', '0.032228738', '0.000280512', '0.033138439', '0.000281063', '0.033086650', '0.032945111', '0.000281278', '0.000276769', '0.006588735', '0.000294391', '0.000286781', '0.000292537', '0.002922948', '0.033884801', '0.000285911', '0.000292404', '0.033884801', '0.005222832', '0.000282477', '0.000277399', '0.005222832', '0.000281252', '0.000275174', '0.000282860', '0.002922948', '0.005867553', '0.004827559', '0.000279334', '0.031205134', '0.000278708', '0.000280512', '0.032863133', '0.000279059', '0.032697644', '0.000288804', '0.000279052', '0.007918856', '0.004256460', '0.004078988', '0.000288634', '0.004715000', '0.032313082', '0.032842714', '0.032476023', '0.004256460', '0.005867553', '0.032985762', '0.010752248', '0.003340180', '0.033012126', '0.000282537', '0.000290710', '0.000282937', '0.000286781', '0.000284005', '0.000279441', '0.000275315', '0.004869935', '0.032462500', '0.032824241', '0.000280064', '0.005867553', '0.000286896', '0.031880736', '0.000280617', '0.002922948', '0.000277595', '0.000276429', '0.000292404', '0.004949680', '0.000281649', '0.032831587', '0.007429259', '0.000289393', '0.033001442']" 
3 Cbound Concatenated 0.073 0.174 0.548 0.062 0.224 1.591 nan 1120.0 1120.0 "['0.000266428', '0.002268794', '0.004785109', '0.034432441', '0.000265125', '0.033626869', '0.003136753', '0.032175463', '0.003660338', '0.031664465', '0.034050927', '0.005602408', '0.000266739', '0.003737200', '0.006210327', '0.003609226', '0.000266563', '0.000278256', '0.000268798', '0.034231238', '0.005344738', '0.000274801', '0.000268877', '0.000279607', '0.000265477', '0.004180678', '0.000270723', '0.004785109', '0.000268515', '0.000269273', '0.005915341', '0.004557195', '0.000276543', '0.005390994', '0.009402516', '0.000267870', '0.031966165', '0.000268390', '0.034130249', '0.034227371', '0.000280791', '0.000268798', '0.000278967', '0.034318015', '0.000270723', '0.031513229', '0.000265385', '0.031664465', '0.006291652', '0.031731274', '0.034277521', '0.033657406', '0.033626325', '0.032297570', '0.000279913', '0.000274753', '0.002411233', '0.031541765', '0.000270652', '0.033548217', '0.033205360', '0.000267714', '0.034318015', '0.003904496', '0.006509170', '0.002336398', '0.000274801', '0.003336502', '0.000282223', '0.000265480', '0.000267674', '0.002336398', '0.004785109', '0.006265107', '0.000267600', '0.000276712', '0.000268877', '0.000274801', '0.034318015', '0.032410685', '0.004785109', '0.000265481', '0.002336398', '0.032717198', '0.000273089', '0.002147049', '0.000282223', '0.000275942', '0.000266100', '0.000269031', '0.006150709', '0.000268696', '0.000267553', '0.033499669', '0.000268230', '0.000277426', '0.000270538', '0.032180935', '0.000273506', '0.000271479']" 
3 Cbound Multiview 0.112 0.215 0.618 0.085 0.265 0.043 0.029 1120.0 1120.0 "[['0.013086165', '0.012995039', '0.007455300', '0.007328047', '0.007381003', '0.012992842', '0.012731211', '0.007367243', '0.012432239', '0.007384309', '0.007129233', '0.007334088', '0.012951553', '0.013211890', '0.012705168', '0.007360309', '0.013076661', '0.007251602', '0.013204228', '0.012124944', '0.007336119', '0.013030482', '0.007358656', '0.007400598', '0.012108867', '0.013365199', '0.012479197', '0.013013821', '0.007280874', '0.007390036', '0.007388433', '0.007394605', '0.013245741', '0.013041300', '0.007333913', '0.007359584', '0.012945796', '0.011146739', '0.007220274', '0.007435822', '0.013167469', '0.007406649', '0.007287888', '0.007286523', '0.007339965', '0.013212975', '0.007148312', '0.012496994', '0.009860582', '0.012928911', '0.012997033', '0.012123832', '0.007415711', '0.007343237', '0.013003205', '0.013072266', '0.007402767', '0.013111793', '0.013087012', '0.007122455', '0.007390181', '0.013256250', '0.013333401', '0.013019535', '0.007222813', '0.013091575', '0.013135331', '0.013125872', '0.007199390', '0.010021181', '0.007188308', '0.007321314', '0.007383976', '0.007350690', '0.007338347', '0.007401813', '0.007392774', '0.007175925', '0.013047367', '0.013060667', '0.013001350', '0.013281601', '0.007510488', '0.007437861', '0.013162537', '0.011806722', '0.007445198', '0.007387329', '0.013179029', '0.007213513', '0.007304682', '0.012611613', '0.007358508', '0.007422668', '0.007415524', '0.007363564', '0.013146505', '0.012432836', '0.013237182', '0.007229872'], ['0.012800828', '0.006908919', '0.012653849', '0.012536962', '0.006842923', '0.012648159', '0.012561380', '0.006859715', '0.006842769', '0.012295234', '0.006824246', '0.006710496', '0.006918133', '0.012759862', '0.006916004', '0.006899441', '0.012653843', '0.006681927', '0.012743392', '0.006922555', '0.006837395', '0.007019571', '0.006871591', '0.012454732', '0.012485088', '0.012972328', '0.006802685', '0.010934205', '0.006895977', '0.006914607', '0.012567115', '0.006927595', '0.012900836', '0.006912039', '0.012495214', '0.006875009', '0.006786928', '0.012646151', '0.009695693', '0.012623041', '0.012602649', '0.012605251', '0.012477267', '0.006733677', '0.012547136', '0.012740140', '0.006775560', '0.006834926', '0.006884309', '0.006815627', '0.012511147', '0.006925850', '0.006934101', '0.011954629', '0.006845254', '0.012077983', '0.006924098', '0.012760064', '0.012677453', '0.006845135', '0.012119289', '0.012986145', '0.012755354', '0.012332049', '0.012474494', '0.006851237', '0.012590217', '0.012653400', '0.012516801', '0.012510940', '0.006864941', '0.006846055', '0.012538526', '0.012075247', '0.011546893', '0.012598252', '0.012608183', '0.010984880', '0.012409017', '0.006912377', '0.006779561', '0.012987574', '0.012686170', '0.012342271', '0.012492304', '0.006937904', '0.012680532', '0.006766122', '0.008175580', '0.006884809', '0.012358443', '0.006712217', '0.006898650', '0.012713454', '0.012641815', '0.006886784', '0.012775410', '0.006827061', '0.012754454', '0.012453874'], ['0.012910705', '0.006997128', '0.012810307', '0.012755678', '0.007029829', '0.012844218', '0.007039336', '0.006995323', '0.007016504', '0.012799295', '0.006982493', '0.006998539', '0.012759479', '0.012941339', '0.006889734', '0.012637495', '0.012821935', '0.010860831', '0.012949384', '0.012814978', '0.012681301', '0.012848616', '0.012569645', '0.007029986', '0.007028782', '0.013136867', '0.006929309', '0.006865445', '0.006969908', '0.012774550', '0.006966008', '0.012690844', '0.012912832', '0.012837994', '0.012779342', '0.006927425', '0.007007294', '0.007051900', '0.006906546', '0.012820225', '0.012858540', '0.007039411', '0.007038595', '0.012586555', '0.006911598', '0.012928422', '0.006802665', '0.007021790', '0.012762207', '0.007008327', '0.007016947', '0.007034644', '0.012700421', '0.006915494', '0.012746567', '0.007096399', '0.012385611', '0.012438891', '0.007059472', '0.006961101', '0.012827218', '0.013094855', '0.012939012', '0.006905830', '0.012754498', '0.006924255', '0.007018657', '0.012853603', '0.011098145', '0.006821005', '0.009737338', '0.006875374', '0.008723804', '0.006864139', '0.006941040', '0.007039037', '0.007042913', '0.006991258', '0.007024635', '0.012707015', '0.007030068', '0.013208932', '0.012915848', '0.012854257', '0.012727537', '0.012869094', '0.012969563', '0.012783382', '0.012892614', '0.010706102', '0.007020174', '0.006974753', '0.012705873', '0.013041309', '0.012854973', '0.012768586', '0.012706843', '0.006949615', '0.012927832', '0.007006033'], ['0.007435313', '0.013251002', '0.013164553', '0.007359312', '0.013468085', '0.007420217', '0.007383055', '0.013439225', '0.007321337', '0.007331866', '0.007315180', '0.007164914', '0.007186058', '0.013686737', '0.013511561', '0.007265321', '0.007484818', '0.007342516', '0.013657085', '0.007321110', '0.007231130', '0.013587568', '0.007248896', '0.013531392', '0.007395289', '0.013683856', '0.007280133', '0.007198287', '0.013437368', '0.013518849', '0.011339841', '0.013429746', '0.013718520', '0.007326073', '0.007387238', '0.013381775', '0.007255449', '0.013543301', '0.007348059', '0.009547108', '0.007487688', '0.013546347', '0.013506020', '0.007297689', '0.013296896', '0.013681306', '0.007164188', '0.007263447', '0.007276573', '0.007359208', '0.007393177', '0.013437291', '0.013443617', '0.007302479', '0.007370177', '0.007371401', '0.013537385', '0.007534290', '0.013806601', '0.007271681', '0.007278712', '0.013737406', '0.013739762', '0.007359932', '0.007363582', '0.007294575', '0.007379177', '0.007440549', '0.007394361', '0.007377653', '0.007363094', '0.007195451', '0.007193645', '0.007278122', '0.007388267', '0.013515711', '0.013523165', '0.007272914', '0.007212138', '0.007392101', '0.007373972', '0.013741034', '0.013580197', '0.013539476', '0.007404709', '0.013574765', '0.013542723', '0.013256824', '0.013920571', '0.007335150', '0.013522143', '0.013473909', '0.013435226', '0.013628035', '0.013552343', '0.007336601', '0.007452788', '0.013404123', '0.013699440', '0.007279013']]" "['0.156653896', '0.283169746', '0.277245194', '0.282931149']"
3 C_TND View1 0.305 0.367 0.963 0.192 0.350 0.073 nan 1120.0 1120.0 "['0.008714114', '0.009144075', '0.008048234', '0.008029718', '0.006813050', '0.008191028', '0.008676410', '0.007426528', '0.026157347', '0.007272217', '0.008894752', '0.033441506', '0.009006451', '0.008053247', '0.008118382', '0.007426528', '0.008469374', '0.007565707', '0.014964245', '0.008006525', '0.007790407', '0.008162954', '0.007426528', '0.014897143', '0.008008786', '0.020616142', '0.008774486', '0.008793409', '0.022854527', '0.007231450', '0.007715549', '0.007203789', '0.008008786', '0.009006496', '0.007551047', '0.007580051', '0.009006496', '0.007770443', '0.007680246', '0.008818353', '0.015392955', '0.007643302', '0.007986892', '0.007465811', '0.007936535', '0.015080301', '0.008048234', '0.008191028', '0.007780921', '0.008714114', '0.009238836', '0.007879429', '0.023398858', '0.007215030', '0.009144075', '0.022819007', '0.006669540', '0.008714114', '0.008130377', '0.015110829', '0.008075048', '0.008288907', '0.007879429', '0.020616142', '0.009409004', '0.015503788', '0.015679425', '0.008714114', '0.009423734', '0.007780921', '0.007798223', '0.007522809', '0.026502328', '0.007946268', '0.007662792', '0.007560173', '0.007703692', '0.008894752', '0.009006496', '0.009006496', '0.009006496', '0.008631032', '0.007733400', '0.007877382', '0.014829177', '0.007780921', '0.007798223', '0.007919300', '0.009144075', '0.007733400', '0.008048234', '0.008043241', '0.008781551', '0.007351851', '0.007662792', '0.007426528', '0.009006496', '0.007927148', '0.008714114', '0.007733400']" 
3 C_TND View2 0.121 0.174 0.554 0.078 0.192 0.005 nan 1120.0 1120.0 "['0.009857552', '0.009968373', '0.009741826', '0.009968373', '0.009723169', '0.011618542', '0.009488046', '0.010485905', '0.012530161', '0.009968373', '0.009298906', '0.009540174', '0.009407541', '0.007984655', '0.009776652', '0.009765294', '0.010102690', '0.010145353', '0.009816031', '0.009685272', '0.008626722', '0.009968373', '0.009468596', '0.010111159', '0.009859822', '0.011233498', '0.009378279', '0.010113584', '0.010191304', '0.010211783', '0.009020397', '0.008899163', '0.011116367', '0.012389341', '0.012414394', '0.009765294', '0.011819255', '0.009012740', '0.009915506', '0.008689186', '0.009125907', '0.010207489', '0.011561852', '0.010261164', '0.008958707', '0.009008578', '0.009421415', '0.010145353', '0.008780681', '0.010185678', '0.009400455', '0.008911845', '0.009307378', '0.008866156', '0.010536456', '0.010192002', '0.009175973', '0.010382735', '0.009030370', '0.009373585', '0.010162236', '0.010289598', '0.009968373', '0.010162236', '0.008430555', '0.010071940', '0.009400455', '0.008958707', '0.010626417', '0.010333945', '0.008911845', '0.009740805', '0.010220181', '0.010137762', '0.010191304', '0.009968373', '0.010746826', '0.010185678', '0.013119412', '0.010162236', '0.009968373', '0.009544813', '0.012469163', '0.010333945', '0.008900015', '0.010764821', '0.009298906', '0.011003854', '0.008958707', '0.009330557', '0.009915506', '0.009968373', '0.009847742', '0.009968373', '0.008698680', '0.009783329', '0.009421415', '0.010153211', '0.014384188', '0.011585650']" 
3 C_TND View3 0.153 0.210 0.677 0.106 0.207 0.014 nan 1120.0 1120.0 "['0.012278884', '0.009507497', '0.009930511', '0.009999542', '0.009781703', '0.007537741', '0.008050250', '0.008730783', '0.012149508', '0.010319574', '0.010577071', '0.008142655', '0.012149508', '0.008671888', '0.010284359', '0.010351380', '0.008992686', '0.008863628', '0.009822601', '0.014210676', '0.008142655', '0.009491545', '0.009470657', '0.009924822', '0.013078730', '0.009289542', '0.010994453', '0.010305552', '0.009822601', '0.010967309', '0.009955209', '0.010126371', '0.012686672', '0.008094952', '0.007323046', '0.008720323', '0.012869275', '0.008992686', '0.006247144', '0.010318945', '0.009696432', '0.007401503', '0.010076247', '0.010080198', '0.010418124', '0.009247853', '0.006240771', '0.011495378', '0.010521553', '0.008798637', '0.009677431', '0.010090169', '0.008377810', '0.012149508', '0.013078730', '0.007292227', '0.010870065', '0.011021414', '0.008893826', '0.010759134', '0.009795705', '0.008725852', '0.012211503', '0.008298153', '0.013383379', '0.009575922', '0.010124621', '0.012572965', '0.013047342', '0.010124621', '0.011532632', '0.007911171', '0.009103972', '0.010033422', '0.011169845', '0.008932561', '0.009781703', '0.009154551', '0.010351380', '0.012811941', '0.008898167', '0.010351380', '0.008926250', '0.009485999', '0.008044463', '0.007202764', '0.010351380', '0.009928881', '0.009069529', '0.010194782', '0.010124621', '0.010967309', '0.006574329', '0.008758008', '0.012572965', '0.012869275', '0.012149508', '0.011452643', '0.010587535', '0.009484976']" 
3 C_TND View4 0.102 0.188 0.580 0.080 0.217 0.006 nan 1120.0 1120.0 "['0.008413830', '0.011007453', '0.010658150', '0.009524340', '0.009065857', '0.010890246', '0.009634713', '0.009424736', '0.010770075', '0.009612266', '0.008609927', '0.013066419', '0.011093924', '0.010428679', '0.010692176', '0.008652195', '0.008185448', '0.009210092', '0.009448245', '0.010745380', '0.007706055', '0.009989250', '0.009933604', '0.010598348', '0.011160263', '0.010712937', '0.009057891', '0.010692176', '0.009109450', '0.010888144', '0.012415686', '0.009117065', '0.008356327', '0.010826480', '0.009862710', '0.009495387', '0.009853959', '0.009937519', '0.011160263', '0.009467716', '0.009693994', '0.011160263', '0.010890246', '0.009232361', '0.008638633', '0.010890246', '0.009130733', '0.007754586', '0.009295275', '0.009937519', '0.010721607', '0.010066524', '0.008938802', '0.010032919', '0.008762598', '0.009057891', '0.012487928', '0.008828420', '0.012158417', '0.009680527', '0.008776440', '0.010724204', '0.010152391', '0.010130462', '0.009644729', '0.010151469', '0.010824105', '0.012503284', '0.012104616', '0.010152391', '0.010721607', '0.012649067', '0.010825167', '0.010005231', '0.010598348', '0.009247620', '0.009898744', '0.009310649', '0.009495387', '0.009326940', '0.008835332', '0.008109969', '0.010637251', '0.010317827', '0.010616676', '0.009011283', '0.010721607', '0.009524340', '0.011011131', '0.009071664', '0.009937519', '0.008601999', '0.008130261', '0.009693994', '0.010687090', '0.009166231', '0.010664913', '0.010973079', '0.009599530', '0.010610555']" 
3 C_TND Concatenated 0.096 0.173 0.528 0.070 0.206 0.008 nan 1120.0 1120.0 "['0.008559104', '0.009799599', '0.010463830', '0.011246756', '0.007935761', '0.013701621', '0.009913852', '0.010404879', '0.010136457', '0.010043792', '0.010519467', '0.010476294', '0.008618399', '0.010171923', '0.009911380', '0.010175523', '0.008626167', '0.009809089', '0.008961750', '0.011852825', '0.010600709', '0.009417520', '0.008964492', '0.009775331', '0.008399989', '0.010348739', '0.009135112', '0.010463830', '0.008934875', '0.009001602', '0.010537256', '0.010224314', '0.009856851', '0.010390328', '0.010345295', '0.008846606', '0.010034501', '0.008884029', '0.010769166', '0.014347228', '0.009846489', '0.008961750', '0.009585793', '0.011978401', '0.009135112', '0.010270420', '0.007953122', '0.010043792', '0.010684179', '0.010346158', '0.011942915', '0.013778097', '0.011933856', '0.010935462', '0.010100026', '0.009680311', '0.009817872', '0.010678550', '0.009182658', '0.012150981', '0.012352554', '0.008749887', '0.011978401', '0.010249132', '0.010786124', '0.009812183', '0.009417520', '0.010105010', '0.009804201', '0.007592422', '0.008834225', '0.009812183', '0.010463830', '0.010767736', '0.008752570', '0.009513880', '0.008964492', '0.009417520', '0.011978401', '0.010497182', '0.010463830', '0.007940936', '0.009812183', '0.011496116', '0.009336682', '0.009777095', '0.009804201', '0.009562515', '0.008519953', '0.008955650', '0.010442479', '0.006830672', '0.008818925', '0.011545231', '0.008711616', '0.009717613', '0.009164185', '0.010907076', '0.009406297', '0.009325141']" 
3 C_TND Multiview 0.083 0.185 0.562 0.070 0.240 0.410 0.473 1120.0 1120.0 "[['0.000026319', '0.000048324', '0.000026200', '0.000028686', '0.000009504', '0.000034055', '0.000024920', '0.000011675', '0.000349411', '0.000014318', '0.000032897', '0.000117528', '0.000073243', '0.000030165', '0.000031133', '0.000016477', '0.000029352', '0.000019237', '0.328386724', '0.000035757', '0.000019280', '0.000033600', '0.000014847', '0.000021335', '0.000033479', '0.000100331', '0.000031952', '0.000025654', '0.000097794', '0.000016186', '0.000013864', '0.000014003', '0.000032253', '0.000032103', '0.000022518', '0.000014367', '0.000062110', '0.000026936', '0.000023381', '0.000033616', '0.342372715', '0.000016984', '0.000025151', '0.000024027', '0.000027206', '0.000087398', '0.000029943', '0.000023313', '0.000035739', '0.000074562', '0.000058606', '0.000030448', '0.000030700', '0.000016300', '0.000032561', '0.000105258', '0.000012242', '0.000021318', '0.000025546', '0.000072833', '0.000028147', '0.000032362', '0.000031498', '0.000093338', '0.000036769', '0.000098653', '0.000117321', '0.000032295', '0.000033884', '0.000032755', '0.000026466', '0.000020222', '0.000032665', '0.000021984', '0.000019979', '0.000026647', '0.000024669', '0.000031618', '0.000045808', '0.000033892', '0.000085320', '0.000030017', '0.000035212', '0.000039732', '0.325424373', '0.000028660', '0.000028446', '0.000023487', '0.000031885', '0.000030166', '0.000030771', '0.000031134', '0.000024719', '0.000018611', '0.000022719', '0.000026307', '0.000042250', '0.000028004', '0.000033496', '0.000025403'], ['0.007741881', '0.022604967', '0.010070185', '0.012711170', '0.006696511', '0.012792605', '0.018780442', '0.009828966', '0.011357730', '0.007702033', '0.008995150', '0.007766563', '0.001713257', '0.011487611', '0.002978639', '0.002932042', '0.013716921', '0.014058172', '0.000094378', '0.000964601', '0.005618801', '0.005072370', '0.003329530', '0.009906895', '0.014252101', '0.008533821', '0.008110186', '0.015156794', '0.005143224', '0.008433442', '0.016948394', '0.004818251', '0.007153147', '0.004089747', '0.011525568', '0.004556025', '0.009931878', '0.015062814', '0.012608661', '0.012606014', '0.000077776', '0.013509510', '0.011433991', '0.007516603', '0.013409465', '0.011586392', '0.006654176', '0.009891673', '0.005138453', '0.012684573', '0.015273846', '0.008952535', '0.006725413', '0.011153828', '0.010685341', '0.011513496', '0.008408841', '0.014131467', '0.014816155', '0.015651844', '0.008016173', '0.005939662', '0.010369944', '0.010193607', '0.010947566', '0.008711926', '0.015314956', '0.011417938', '0.015168949', '0.015329917', '0.004680646', '0.008488581', '0.016110895', '0.012926438', '0.017574133', '0.014310837', '0.014468420', '0.012331650', '0.010793972', '0.016074531', '0.012189562', '0.010278405', '0.008459511', '0.005434057', '0.000061141', '0.001865940', '0.008375281', '0.006635315', '0.007057033', '0.011078441', '0.011031670', '0.010090055', '0.011921169', '0.008372691', '0.009950677', '0.004499071', '0.019207777', '0.011950009', '0.010689727', '0.014614840'], ['0.028897014', '0.001974109', '0.008030983', '0.010283617', '0.000998412', '0.014274535', '0.001263779', '0.002058399', '0.001899308', '0.027368262', '0.010500292', '0.001917038', '0.020654555', '0.007066100', '0.006948454', '0.019974304', '0.008609388', '0.005424768', '0.000102958', '0.033845246', '0.017916527', '0.011115550', '0.012168415', '0.001017821', '0.010792238', '0.013690702', '0.004451674', '0.007113191', '0.002449763', '0.008589488', '0.002130905', '0.010848419', '0.010038678', '0.031557348', '0.017176878', '0.002261630', '0.002473483', '0.002224946', '0.005788423', '0.009611359', '0.000093450', '0.004090562', '0.001616670', '0.026807075', '0.005158117', '0.007793118', '0.010813639', '0.002148889', '0.019470392', '0.006976777', '0.003256443', '0.005230966', '0.022293285', '0.004897676', '0.012352745', '0.007833857', '0.004287673', '0.004167835', '0.001514576', '0.003595855', '0.024486380', '0.020607691', '0.007806233', '0.004255613', '0.016716940', '0.002969099', '0.007495538', '0.016707677', '0.004292472', '0.009181255', '0.023218812', '0.008059751', '0.008064749', '0.003541153', '0.007384679', '0.002277635', '0.003939505', '0.002383557', '0.001704881', '0.010418990', '0.001683949', '0.009108499', '0.026337495', '0.026911087', '0.000073284', '0.028232744', '0.025475550', '0.027032357', '0.014465052', '0.012732466', '0.003229513', '0.002786744', '0.003273190', '0.018665738', '0.011987466', '0.031252317', '0.003949456', '0.005531968', '0.008764998', '0.003084991'], ['0.002344802', '0.006296703', '0.010898986', '0.007903804', '0.021683585', '0.003731474', '0.008236122', '0.019346144', '0.010990774', '0.003589984', '0.011275678', '0.018487332', '0.008472136', '0.011653696', '0.018890329', '0.007286379', '0.009671009', '0.007906470', '0.000092551', '0.002479742', '0.007357618', '0.014397467', '0.013488878', '0.018632906', '0.003847862', '0.012962125', '0.015261516', '0.009378433', '0.021773232', '0.015313820', '0.009850238', '0.014774952', '0.012153437', '0.002314008', '0.002621630', '0.020819349', '0.015023001', '0.011765909', '0.007958540', '0.009506349', '0.000072230', '0.017357584', '0.016564621', '0.004528957', '0.011133614', '0.014073711', '0.011022517', '0.016052131', '0.005916899', '0.006976496', '0.007429508', '0.017596580', '0.007157099', '0.010881587', '0.007111012', '0.010573711', '0.019385181', '0.011490610', '0.013301655', '0.005992135', '0.002410357', '0.009597576', '0.014274043', '0.013901701', '0.003578311', '0.016578548', '0.006906058', '0.002777061', '0.008576829', '0.004135799', '0.001614681', '0.014046101', '0.005818507', '0.012333300', '0.001198842', '0.017836941', '0.015646243', '0.013893924', '0.013614669', '0.004070069', '0.012394712', '0.009647378', '0.003240068', '0.002128955', '0.000056119', '0.005441267', '0.002664695', '0.004445516', '0.011922684', '0.002707744', '0.018101342', '0.016407095', '0.013665327', '0.008996195', '0.008408356', '0.001932012', '0.004865635', '0.016266093', '0.017849235', '0.010993250']]" "['0.017638493', '0.382122487', '0.247186810', '0.353052229']"
4 Uniform View1 0.309 0.361 0.834 0.209 0.304 0.000 nan 1120.0 1120.0 "['0.010000000', '0.010000000', '0.010000000', '0.010000000', '0.010000000', '0.010000000', '0.010000000', '0.010000000', '0.010000000', '0.010000000', '0.010000000', '0.010000000', '0.010000000', '0.010000000', '0.010000000', '0.010000000', '0.010000000', '0.010000000', '0.010000000', '0.010000000', '0.010000000', '0.010000000', '0.010000000', '0.010000000', '0.010000000', '0.010000000', '0.010000000', '0.010000000', '0.010000000', '0.010000000', '0.010000000', '0.010000000', '0.010000000', '0.010000000', '0.010000000', '0.010000000', '0.010000000', '0.010000000', '0.010000000', '0.010000000', '0.010000000', '0.010000000', '0.010000000', '0.010000000', '0.010000000', '0.010000000', '0.010000000', '0.010000000', '0.010000000', '0.010000000', '0.010000000', '0.010000000', '0.010000000', '0.010000000', '0.010000000', '0.010000000', '0.010000000', '0.010000000', '0.010000000', '0.010000000', '0.010000000', '0.010000000', '0.010000000', '0.010000000', '0.010000000', '0.010000000', '0.010000000', '0.010000000', '0.010000000', '0.010000000', '0.010000000', '0.010000000', '0.010000000', '0.010000000', '0.010000000', '0.010000000', '0.010000000', '0.010000000', '0.010000000', '0.010000000', '0.010000000', '0.010000000', '0.010000000', '0.010000000', '0.010000000', '0.010000000', '0.010000000', '0.010000000', '0.010000000', '0.010000000', '0.010000000', '0.010000000', '0.010000000', '0.010000000', '0.010000000', '0.010000000', '0.010000000', '0.010000000', '0.010000000', '0.010000000']" 
4 Uniform View2 0.117 0.174 0.439 0.079 0.190 0.000 nan 1120.0 1120.0 "['0.010000000', '0.010000000', '0.010000000', '0.010000000', '0.010000000', '0.010000000', '0.010000000', '0.010000000', '0.010000000', '0.010000000', '0.010000000', '0.010000000', '0.010000000', '0.010000000', '0.010000000', '0.010000000', '0.010000000', '0.010000000', '0.010000000', '0.010000000', '0.010000000', '0.010000000', '0.010000000', '0.010000000', '0.010000000', '0.010000000', '0.010000000', '0.010000000', '0.010000000', '0.010000000', '0.010000000', '0.010000000', '0.010000000', '0.010000000', '0.010000000', '0.010000000', '0.010000000', '0.010000000', '0.010000000', '0.010000000', '0.010000000', '0.010000000', '0.010000000', '0.010000000', '0.010000000', '0.010000000', '0.010000000', '0.010000000', '0.010000000', '0.010000000', '0.010000000', '0.010000000', '0.010000000', '0.010000000', '0.010000000', '0.010000000', '0.010000000', '0.010000000', '0.010000000', '0.010000000', '0.010000000', '0.010000000', '0.010000000', '0.010000000', '0.010000000', '0.010000000', '0.010000000', '0.010000000', '0.010000000', '0.010000000', '0.010000000', '0.010000000', '0.010000000', '0.010000000', '0.010000000', '0.010000000', '0.010000000', '0.010000000', '0.010000000', '0.010000000', '0.010000000', '0.010000000', '0.010000000', '0.010000000', '0.010000000', '0.010000000', '0.010000000', '0.010000000', '0.010000000', '0.010000000', '0.010000000', '0.010000000', '0.010000000', '0.010000000', '0.010000000', '0.010000000', '0.010000000', '0.010000000', '0.010000000', '0.010000000']" 
4 Uniform View3 0.147 0.214 0.526 0.103 0.222 0.000 nan 1120.0 1120.0 "['0.010000000', '0.010000000', '0.010000000', '0.010000000', '0.010000000', '0.010000000', '0.010000000', '0.010000000', '0.010000000', '0.010000000', '0.010000000', '0.010000000', '0.010000000', '0.010000000', '0.010000000', '0.010000000', '0.010000000', '0.010000000', '0.010000000', '0.010000000', '0.010000000', '0.010000000', '0.010000000', '0.010000000', '0.010000000', '0.010000000', '0.010000000', '0.010000000', '0.010000000', '0.010000000', '0.010000000', '0.010000000', '0.010000000', '0.010000000', '0.010000000', '0.010000000', '0.010000000', '0.010000000', '0.010000000', '0.010000000', '0.010000000', '0.010000000', '0.010000000', '0.010000000', '0.010000000', '0.010000000', '0.010000000', '0.010000000', '0.010000000', '0.010000000', '0.010000000', '0.010000000', '0.010000000', '0.010000000', '0.010000000', '0.010000000', '0.010000000', '0.010000000', '0.010000000', '0.010000000', '0.010000000', '0.010000000', '0.010000000', '0.010000000', '0.010000000', '0.010000000', '0.010000000', '0.010000000', '0.010000000', '0.010000000', '0.010000000', '0.010000000', '0.010000000', '0.010000000', '0.010000000', '0.010000000', '0.010000000', '0.010000000', '0.010000000', '0.010000000', '0.010000000', '0.010000000', '0.010000000', '0.010000000', '0.010000000', '0.010000000', '0.010000000', '0.010000000', '0.010000000', '0.010000000', '0.010000000', '0.010000000', '0.010000000', '0.010000000', '0.010000000', '0.010000000', '0.010000000', '0.010000000', '0.010000000', '0.010000000']" 
4 Uniform View4 0.097 0.186 0.464 0.073 0.225 0.000 nan 1120.0 1120.0 "['0.010000000', '0.010000000', '0.010000000', '0.010000000', '0.010000000', '0.010000000', '0.010000000', '0.010000000', '0.010000000', '0.010000000', '0.010000000', '0.010000000', '0.010000000', '0.010000000', '0.010000000', '0.010000000', '0.010000000', '0.010000000', '0.010000000', '0.010000000', '0.010000000', '0.010000000', '0.010000000', '0.010000000', '0.010000000', '0.010000000', '0.010000000', '0.010000000', '0.010000000', '0.010000000', '0.010000000', '0.010000000', '0.010000000', '0.010000000', '0.010000000', '0.010000000', '0.010000000', '0.010000000', '0.010000000', '0.010000000', '0.010000000', '0.010000000', '0.010000000', '0.010000000', '0.010000000', '0.010000000', '0.010000000', '0.010000000', '0.010000000', '0.010000000', '0.010000000', '0.010000000', '0.010000000', '0.010000000', '0.010000000', '0.010000000', '0.010000000', '0.010000000', '0.010000000', '0.010000000', '0.010000000', '0.010000000', '0.010000000', '0.010000000', '0.010000000', '0.010000000', '0.010000000', '0.010000000', '0.010000000', '0.010000000', '0.010000000', '0.010000000', '0.010000000', '0.010000000', '0.010000000', '0.010000000', '0.010000000', '0.010000000', '0.010000000', '0.010000000', '0.010000000', '0.010000000', '0.010000000', '0.010000000', '0.010000000', '0.010000000', '0.010000000', '0.010000000', '0.010000000', '0.010000000', '0.010000000', '0.010000000', '0.010000000', '0.010000000', '0.010000000', '0.010000000', '0.010000000', '0.010000000', '0.010000000', '0.010000000']" 
4 Uniform Concatenated 0.104 0.176 0.445 0.069 0.215 0.000 nan 1120.0 1120.0 "['0.010000000', '0.010000000', '0.010000000', '0.010000000', '0.010000000', '0.010000000', '0.010000000', '0.010000000', '0.010000000', '0.010000000', '0.010000000', '0.010000000', '0.010000000', '0.010000000', '0.010000000', '0.010000000', '0.010000000', '0.010000000', '0.010000000', '0.010000000', '0.010000000', '0.010000000', '0.010000000', '0.010000000', '0.010000000', '0.010000000', '0.010000000', '0.010000000', '0.010000000', '0.010000000', '0.010000000', '0.010000000', '0.010000000', '0.010000000', '0.010000000', '0.010000000', '0.010000000', '0.010000000', '0.010000000', '0.010000000', '0.010000000', '0.010000000', '0.010000000', '0.010000000', '0.010000000', '0.010000000', '0.010000000', '0.010000000', '0.010000000', '0.010000000', '0.010000000', '0.010000000', '0.010000000', '0.010000000', '0.010000000', '0.010000000', '0.010000000', '0.010000000', '0.010000000', '0.010000000', '0.010000000', '0.010000000', '0.010000000', '0.010000000', '0.010000000', '0.010000000', '0.010000000', '0.010000000', '0.010000000', '0.010000000', '0.010000000', '0.010000000', '0.010000000', '0.010000000', '0.010000000', '0.010000000', '0.010000000', '0.010000000', '0.010000000', '0.010000000', '0.010000000', '0.010000000', '0.010000000', '0.010000000', '0.010000000', '0.010000000', '0.010000000', '0.010000000', '0.010000000', '0.010000000', '0.010000000', '0.010000000', '0.010000000', '0.010000000', '0.010000000', '0.010000000', '0.010000000', '0.010000000', '0.010000000', '0.010000000']" 
4 Uniform Multiview 0.119 0.231 0.563 0.090 0.283 0.000 0.000 1120.0 1120.0 "[['0.010000000', '0.010000000', '0.010000000', '0.010000000', '0.010000000', '0.010000000', '0.010000000', '0.010000000', '0.010000000', '0.010000000', '0.010000000', '0.010000000', '0.010000000', '0.010000000', '0.010000000', '0.010000000', '0.010000000', '0.010000000', '0.010000000', '0.010000000', '0.010000000', '0.010000000', '0.010000000', '0.010000000', '0.010000000', '0.010000000', '0.010000000', '0.010000000', '0.010000000', '0.010000000', '0.010000000', '0.010000000', '0.010000000', '0.010000000', '0.010000000', '0.010000000', '0.010000000', '0.010000000', '0.010000000', '0.010000000', '0.010000000', '0.010000000', '0.010000000', '0.010000000', '0.010000000', '0.010000000', '0.010000000', '0.010000000', '0.010000000', '0.010000000', '0.010000000', '0.010000000', '0.010000000', '0.010000000', '0.010000000', '0.010000000', '0.010000000', '0.010000000', '0.010000000', '0.010000000', '0.010000000', '0.010000000', '0.010000000', '0.010000000', '0.010000000', '0.010000000', '0.010000000', '0.010000000', '0.010000000', '0.010000000', '0.010000000', '0.010000000', '0.010000000', '0.010000000', '0.010000000', '0.010000000', '0.010000000', '0.010000000', '0.010000000', '0.010000000', '0.010000000', '0.010000000', '0.010000000', '0.010000000', '0.010000000', '0.010000000', '0.010000000', '0.010000000', '0.010000000', '0.010000000', '0.010000000', '0.010000000', '0.010000000', '0.010000000', '0.010000000', '0.010000000', '0.010000000', '0.010000000', '0.010000000', '0.010000000'], ['0.010000000', '0.010000000', '0.010000000', '0.010000000', '0.010000000', '0.010000000', '0.010000000', '0.010000000', '0.010000000', '0.010000000', '0.010000000', '0.010000000', '0.010000000', '0.010000000', '0.010000000', '0.010000000', '0.010000000', '0.010000000', '0.010000000', '0.010000000', '0.010000000', '0.010000000', '0.010000000', '0.010000000', '0.010000000', '0.010000000', '0.010000000', '0.010000000', '0.010000000', '0.010000000', '0.010000000', '0.010000000', '0.010000000', '0.010000000', '0.010000000', '0.010000000', '0.010000000', '0.010000000', '0.010000000', '0.010000000', '0.010000000', '0.010000000', '0.010000000', '0.010000000', '0.010000000', '0.010000000', '0.010000000', '0.010000000', '0.010000000', '0.010000000', '0.010000000', '0.010000000', '0.010000000', '0.010000000', '0.010000000', '0.010000000', '0.010000000', '0.010000000', '0.010000000', '0.010000000', '0.010000000', '0.010000000', '0.010000000', '0.010000000', '0.010000000', '0.010000000', '0.010000000', '0.010000000', '0.010000000', '0.010000000', '0.010000000', '0.010000000', '0.010000000', '0.010000000', '0.010000000', '0.010000000', '0.010000000', '0.010000000', '0.010000000', '0.010000000', '0.010000000', '0.010000000', '0.010000000', '0.010000000', '0.010000000', '0.010000000', '0.010000000', '0.010000000', '0.010000000', '0.010000000', '0.010000000', '0.010000000', '0.010000000', '0.010000000', '0.010000000', '0.010000000', '0.010000000', '0.010000000', '0.010000000', '0.010000000'], ['0.010000000', '0.010000000', '0.010000000', '0.010000000', '0.010000000', '0.010000000', '0.010000000', '0.010000000', '0.010000000', '0.010000000', '0.010000000', '0.010000000', '0.010000000', '0.010000000', '0.010000000', '0.010000000', '0.010000000', '0.010000000', '0.010000000', '0.010000000', '0.010000000', '0.010000000', '0.010000000', '0.010000000', '0.010000000', '0.010000000', '0.010000000', '0.010000000', '0.010000000', '0.010000000', '0.010000000', '0.010000000', '0.010000000', '0.010000000', '0.010000000', '0.010000000', '0.010000000', '0.010000000', '0.010000000', '0.010000000', '0.010000000', '0.010000000', '0.010000000', '0.010000000', '0.010000000', '0.010000000', '0.010000000', '0.010000000', '0.010000000', '0.010000000', '0.010000000', '0.010000000', '0.010000000', '0.010000000', '0.010000000', '0.010000000', '0.010000000', '0.010000000', '0.010000000', '0.010000000', '0.010000000', '0.010000000', '0.010000000', '0.010000000', '0.010000000', '0.010000000', '0.010000000', '0.010000000', '0.010000000', '0.010000000', '0.010000000', '0.010000000', '0.010000000', '0.010000000', '0.010000000', '0.010000000', '0.010000000', '0.010000000', '0.010000000', '0.010000000', '0.010000000', '0.010000000', '0.010000000', '0.010000000', '0.010000000', '0.010000000', '0.010000000', '0.010000000', '0.010000000', '0.010000000', '0.010000000', '0.010000000', '0.010000000', '0.010000000', '0.010000000', '0.010000000', '0.010000000', '0.010000000', '0.010000000', '0.010000000'], ['0.010000000', '0.010000000', '0.010000000', '0.010000000', '0.010000000', '0.010000000', '0.010000000', '0.010000000', '0.010000000', '0.010000000', '0.010000000', '0.010000000', '0.010000000', '0.010000000', '0.010000000', '0.010000000', '0.010000000', '0.010000000', '0.010000000', '0.010000000', '0.010000000', '0.010000000', '0.010000000', '0.010000000', '0.010000000', '0.010000000', '0.010000000', '0.010000000', '0.010000000', '0.010000000', '0.010000000', '0.010000000', '0.010000000', '0.010000000', '0.010000000', '0.010000000', '0.010000000', '0.010000000', '0.010000000', '0.010000000', '0.010000000', '0.010000000', '0.010000000', '0.010000000', '0.010000000', '0.010000000', '0.010000000', '0.010000000', '0.010000000', '0.010000000', '0.010000000', '0.010000000', '0.010000000', '0.010000000', '0.010000000', '0.010000000', '0.010000000', '0.010000000', '0.010000000', '0.010000000', '0.010000000', '0.010000000', '0.010000000', '0.010000000', '0.010000000', '0.010000000', '0.010000000', '0.010000000', '0.010000000', '0.010000000', '0.010000000', '0.010000000', '0.010000000', '0.010000000', '0.010000000', '0.010000000', '0.010000000', '0.010000000', '0.010000000', '0.010000000', '0.010000000', '0.010000000', '0.010000000', '0.010000000', '0.010000000', '0.010000000', '0.010000000', '0.010000000', '0.010000000', '0.010000000', '0.010000000', '0.010000000', '0.010000000', '0.010000000', '0.010000000', '0.010000000', '0.010000000', '0.010000000', '0.010000000', '0.010000000']]" "['0.250000000', '0.250000000', '0.250000000', '0.250000000']"
4 PBkl View1 0.295 0.326 0.764 0.200 0.252 0.315 nan 1120.0 1120.0 "['0.019822178', '0.003286940', '0.003283326', '0.018339511', '0.003282706', '0.003306710', '0.021650065', '0.003274528', '0.004214759', '0.003286940', '0.017243983', '0.003260269', '0.003286940', '0.013371783', '0.019822178', '0.004214759', '0.003287469', '0.019671442', '0.003300872', '0.003299985', '0.003301832', '0.003260269', '0.013371783', '0.019822178', '0.011291321', '0.021246294', '0.011291321', '0.021589365', '0.017243983', '0.003301041', '0.003299603', '0.003304697', '0.009059674', '0.019671442', '0.003304697', '0.003285832', '0.019671442', '0.003292319', '0.018339511', '0.003304697', '0.003260269', '0.019508967', '0.003301832', '0.008776783', '0.003266685', '0.004214759', '0.003270377', '0.019671442', '0.010946611', '0.003259089', '0.021650065', '0.004214759', '0.019333478', '0.013371783', '0.003266685', '0.004214759', '0.010946611', '0.019671442', '0.019671442', '0.011291321', '0.003288476', '0.004214759', '0.019822178', '0.003278983', '0.003270377', '0.011291321', '0.003301041', '0.010946611', '0.019822178', '0.019822178', '0.003301041', '0.019671442', '0.019822178', '0.018339511', '0.011291321', '0.003295299', '0.021589365', '0.017422827', '0.021502161', '0.003286940', '0.003261198', '0.008496279', '0.003295299', '0.011291321', '0.018339511', '0.003301524', '0.019822178', '0.003296147', '0.003304697', '0.003281296', '0.021246294', '0.003296147', '0.003295299', '0.003286395', '0.003260269', '0.019748189', '0.003260269', '0.009349415', '0.019822178', '0.003296147']" 
4 PBkl View2 0.134 0.160 0.411 0.088 0.142 0.431 nan 1120.0 1120.0 "['0.014583267', '0.017210960', '0.002013776', '0.003345883', '0.018449137', '0.014583267', '0.002075784', '0.002081063', '0.018071609', '0.015624753', '0.002057282', '0.003345883', '0.018201124', '0.002013776', '0.002023927', '0.001946518', '0.016835034', '0.017035890', '0.018360628', '0.001789576', '0.001958520', '0.012955199', '0.002093496', '0.001824181', '0.004732560', '0.002013776', '0.016835034', '0.001932870', '0.001987114', '0.001932870', '0.018201124', '0.001899173', '0.017500861', '0.016602570', '0.001994770', '0.018201124', '0.002081063', '0.012955199', '0.017917357', '0.017997950', '0.002106541', '0.010322796', '0.013864989', '0.001994770', '0.013864989', '0.001958520', '0.015624753', '0.002071163', '0.016835034', '0.002086555', '0.006559685', '0.004732560', '0.001932870', '0.018201124', '0.016835034', '0.017500861', '0.017500861', '0.017917357', '0.002049468', '0.002096333', '0.018139064', '0.004732560', '0.018489093', '0.016330790', '0.001994770', '0.013864989', '0.003345883', '0.002046527', '0.017917357', '0.016330790', '0.018201124', '0.018139064', '0.017622137', '0.001917234', '0.001994770', '0.002054831', '0.017730806', '0.018360628', '0.002019063', '0.002013776', '0.017500861', '0.017210960', '0.017828729', '0.002094239', '0.017500861', '0.013864989', '0.002437812', '0.018360628', '0.016330790', '0.017210960', '0.002096989', '0.018258404', '0.016602570', '0.002078538', '0.018489093', '0.017917357', '0.013864989', '0.001717740', '0.002052231', '0.002013776']" 
4 PBkl View3 0.171 0.176 0.452 0.123 0.105 1.420 nan 1120.0 1120.0 "['0.041836832', '0.000594244', '0.046266772', '0.000529664', '0.001324352', '0.000594244', '0.000510732', '0.000719438', '0.046266772', '0.000898351', '0.000512753', '0.010805223', '0.009637678', '0.000526964', '0.000969779', '0.037001092', '0.015101825', '0.000527892', '0.015101825', '0.009637678', '0.048284024', '0.012102098', '0.006834659', '0.000551364', '0.000570287', '0.002406837', '0.000549172', '0.046266772', '0.039455324', '0.029581174', '0.000532440', '0.010805223', '0.050163422', '0.050163422', '0.000555856', '0.010805223', '0.020614889', '0.000554621', '0.037001092', '0.000516187', '0.039455324', '0.000557242', '0.000629864', '0.000537014', '0.000552557', '0.000773220', '0.012102098', '0.000527892', '0.004888642', '0.013533395', '0.000532118', '0.008592444', '0.000594244', '0.000549172', '0.000532886', '0.044114035', '0.000534349', '0.048284024', '0.000520784', '0.009637678', '0.001223820', '0.001223820', '0.000555169', '0.000534349', '0.000671640', '0.003945973', '0.000518515', '0.000570287', '0.000545026', '0.000553638', '0.015101825', '0.000530509', '0.006834659', '0.000532118', '0.000541958', '0.000552783', '0.000529664', '0.000629864', '0.007661165', '0.000532886', '0.009637678', '0.000671640', '0.000555856', '0.000629864', '0.018646874', '0.000537014', '0.000515021', '0.015101825', '0.009637678', '0.000509705', '0.039455324', '0.010805223', '0.002406837', '0.000549756', '0.000519660', '0.000509705', '0.001047439', '0.048284024', '0.000519660', '0.000542432']" 
4 PBkl View4 0.119 0.172 0.437 0.080 0.183 0.326 nan 1120.0 1120.0 "['0.015462142', '0.016547272', '0.003006280', '0.005968863', '0.017776610', '0.017374026', '0.018425988', '0.002971861', '0.003004348', '0.002927259', '0.011099990', '0.002940352', '0.002940352', '0.017643392', '0.017374026', '0.003016488', '0.018240154', '0.014029914', '0.012842849', '0.005968863', '0.002982971', '0.018240154', '0.002910273', '0.002969075', '0.004200120', '0.003006876', '0.003009543', '0.004200120', '0.002971861', '0.018083327', '0.002971861', '0.018083327', '0.018414455', '0.018083327', '0.002954059', '0.002919348', '0.018414455', '0.004200120', '0.004200120', '0.002873322', '0.017776610', '0.002992192', '0.012842849', '0.018425988', '0.002999661', '0.002837355', '0.003018917', '0.002873322', '0.002988005', '0.016547272', '0.018240154', '0.002940352', '0.017374026', '0.002887593', '0.002971861', '0.017374026', '0.002989483', '0.018083327', '0.003014371', '0.002816369', '0.017776610', '0.012842849', '0.002919348', '0.002989483', '0.002927259', '0.002996783', '0.018169807', '0.005968863', '0.002934209', '0.017776610', '0.003011779', '0.002984759', '0.017713618', '0.017643392', '0.017776610', '0.016775019', '0.017776610', '0.017884837', '0.017122315', '0.016547272', '0.016547272', '0.018414455', '0.002806642', '0.018083327', '0.002899793', '0.012842849', '0.002984759', '0.002816369', '0.002934209', '0.017931670', '0.018083327', '0.016775019', '0.002945821', '0.015915496', '0.017776610', '0.017374026', '0.004200120', '0.002940352', '0.018169807', '0.017776610']" 
4 PBkl Concatenated 0.133 0.153 0.402 0.081 0.144 1.326 nan 1120.0 1120.0 "['0.000682094', '0.000693094', '0.001654774', '0.000682094', '0.000725970', '0.000814936', '0.077037409', '0.000629521', '0.001352962', '0.005709332', '0.000789337', '0.003992788', '0.001249887', '0.004759815', '0.000707227', '0.000618149', '0.006884651', '0.003992788', '0.000626911', '0.000751825', '0.000725970', '0.004759815', '0.001115550', '0.030146861', '0.000725970', '0.000687269', '0.012290527', '0.000616793', '0.000687269', '0.002133040', '0.034997180', '0.001171764', '0.000657592', '0.008336079', '0.002133040', '0.065606005', '0.000618748', '0.003992788', '0.008336079', '0.077037409', '0.001485827', '0.002462579', '0.001352962', '0.001654774', '0.002133040', '0.003992788', '0.001102703', '0.010119049', '0.000699694', '0.001115550', '0.008336079', '0.000725970', '0.000660200', '0.000768713', '0.001070974', '0.021584325', '0.000642551', '0.000687269', '0.000715899', '0.002133040', '0.000624701', '0.002869844', '0.000768713', '0.000768713', '0.001081124', '0.014903019', '0.000725970', '0.012290527', '0.003992788', '0.003992788', '0.061341062', '0.002133040', '0.000943393', '0.006884651', '0.000633523', '0.001185279', '0.001115550', '0.000660200', '0.008336079', '0.021584325', '0.021584325', '0.000725970', '0.034997180', '0.000699694', '0.002133040', '0.000636450', '0.000725970', '0.014903019', '0.000616300', '0.005709332', '0.002869844', '0.065606005', '0.000652971', '0.003992788', '0.065606005', '0.074837707', '0.069216073', '0.000650914', '0.012290527', '0.040135257']" 
4 PBkl Multiview 0.120 0.154 0.410 0.076 0.169 1.478 0.867 1120.0 1120.0 "[['0.026005425', '0.001235629', '0.000928252', '0.019493515', '0.001210604', '0.001354069', '0.037403133', '0.001161270', '0.001197750', '0.001235629', '0.015808940', '0.000988990', '0.001235629', '0.007472776', '0.026005425', '0.001197750', '0.001238745', '0.025246952', '0.001318467', '0.001313107', '0.001324266', '0.000988990', '0.007472776', '0.026005425', '0.004746968', '0.034499869', '0.004746968', '0.036951333', '0.015808940', '0.001319478', '0.001310812', '0.001341713', '0.002592444', '0.025246952', '0.001341713', '0.001229081', '0.025246952', '0.001267377', '0.019493515', '0.001341713', '0.000988990', '0.024456123', '0.001324266', '0.002377791', '0.000959171', '0.001197750', '0.001134895', '0.025246952', '0.004367062', '0.001003081', '0.037403133', '0.001197750', '0.023631852', '0.007472776', '0.000959171', '0.001197750', '0.004367062', '0.025246952', '0.025246952', '0.004746968', '0.001244685', '0.001197750', '0.026005425', '0.001188399', '0.001134895', '0.004746968', '0.001319478', '0.004367062', '0.026005425', '0.026005425', '0.001319478', '0.025246952', '0.026005425', '0.019493515', '0.004746968', '0.001285061', '0.036951333', '0.016356686', '0.036311891', '0.001235629', '0.001064232', '0.002183880', '0.001285061', '0.004746968', '0.019493515', '0.001322402', '0.026005425', '0.001290118', '0.001341713', '0.001202227', '0.034499869', '0.001290118', '0.001285061', '0.001232410', '0.000988990', '0.025630191', '0.000988990', '0.002829041', '0.026005425', '0.001290118'], ['0.003107694', '0.000485933', '0.022676684', '0.005178590', '0.000559190', '0.000853564', '0.004321887', '0.074187845', '0.000961489', '0.000760653', '0.000497965', '0.000760653', '0.000915831', '0.001222791', '0.067173064', '0.022676684', '0.009445609', '0.000521923', '0.000853564', '0.067173064', '0.009445609', '0.000487715', '0.000565503', '0.000637490', '0.000698158', '0.000973606', '0.002676425', '0.000992449', '0.000483512', '0.003107694', '0.040628046', '0.005178590', '0.005178590', '0.067173064', '0.000553472', '0.000473698', '0.003645516', '0.004321887', '0.009445609', '0.000509831', '0.001809045', '0.000853564', '0.000698158', '0.033996627', '0.000802392', '0.000853564', '0.000485094', '0.000988708', '0.000915831', '0.000468603', '0.000915831', '0.009445609', '0.000497965', '0.002676425', '0.000543515', '0.001809045', '0.047796264', '0.067173064', '0.040628046', '0.027964063', '0.074187845', '0.000853564', '0.001025617', '0.000580303', '0.000988708', '0.000511950', '0.001616429', '0.027964063', '0.005178590', '0.001025617', '0.001222791', '0.067173064', '0.000485094', '0.001616429', '0.002042815', '0.000553472', '0.005178590', '0.001457840', '0.000511950', '0.000802392', '0.005178590', '0.009445609', '0.000535154', '0.001139009', '0.001139009', '0.022676684', '0.000485094', '0.000514204', '0.005178590', '0.000610054', '0.001616429', '0.047796264', '0.000543515', '0.009445609', '0.001616429', '0.003107694', '0.009445609', '0.000674511', '0.000494068', '0.000548268'], ['0.000608287', '0.010382839', '0.002883413', '0.039605323', '0.000595335', '0.000602484', '0.000580124', '0.000596838', '0.000609348', '0.000590163', '0.001700472', '0.033003360', '0.000604514', '0.000583993', '0.000580725', '0.002883413', '0.000592879', '0.000603379', '0.029930156', '0.000611527', '0.000608287', '0.000587189', '0.031495750', '0.024943680', '0.000615538', '0.037153229', '0.000580725', '0.000613119', '0.008039093', '0.035833240', '0.038410153', '0.016341999', '0.000604030', '0.000598244', '0.000586144', '0.000595335', '0.031495750', '0.000594544', '0.000580124', '0.000576785', '0.024943680', '0.038410153', '0.007046448', '0.013179528', '0.000580725', '0.029930156', '0.039605323', '0.008039093', '0.034449704', '0.035833240', '0.000593725', '0.039605323', '0.008039093', '0.035833240', '0.009151398', '0.008039093', '0.038410153', '0.031495750', '0.000721962', '0.000613119', '0.013179528', '0.000604514', '0.000598244', '0.001027380', '0.000580725', '0.000721962', '0.000597553', '0.007046448', '0.039605323', '0.000609684', '0.000578695', '0.001700472', '0.001108581', '0.003670290', '0.000583993', '0.000577890', '0.000603530', '0.000604030', '0.000590980', '0.008039093', '0.024943680', '0.000599556', '0.000576785', '0.013179528', '0.000584107', '0.009151398', '0.000602484', '0.026646124', '0.031495750', '0.031495750', '0.000612869', '0.000589201', '0.000591099', '0.000613119', '0.008039093', '0.000603530', '0.000604030', '0.000773276', '0.000597553', '0.001549717'], ['0.014549734', '0.007063210', '0.005036884', '0.000563779', '0.010091258', '0.029320294', '0.080803797', '0.003179591', '0.000563779', '0.000664963', '0.000527242', '0.000879722', '0.000923777', '0.001509369', '0.010091258', '0.000664963', '0.082875885', '0.000507030', '0.000530885', '0.000847250', '0.004292055', '0.000509192', '0.002764490', '0.000520786', '0.080803797', '0.080803797', '0.000591523', '0.000563779', '0.000510148', '0.000632078', '0.003179591', '0.029320294', '0.000536967', '0.000507782', '0.024852542', '0.000507030', '0.003179591', '0.000826918', '0.000591523', '0.000608738', '0.002419316', '0.000686673', '0.000785077', '0.000591523', '0.000563779', '0.008427247', '0.003179591', '0.080803797', '0.000550204', '0.005947949', '0.000591523', '0.020889971', '0.000535288', '0.001682763', '0.000608738', '0.001682763', '0.005036884', '0.000568118', '0.014549734', '0.001362823', '0.008427247', '0.000578401', '0.005036884', '0.000504735', '0.000923777', '0.001509369', '0.050185971', '0.001239396', '0.001050399', '0.000632078', '0.000872893', '0.002764490', '0.000785077', '0.002764490', '0.000563779', '0.066616230', '0.005947949', '0.003179591', '0.002764490', '0.000520039', '0.000522397', '0.001239396', '0.000514140', '0.001136089', '0.080803797', '0.001050399', '0.000536967', '0.000619471', '0.010091258', '0.000632078', '0.003681687', '0.008427247', '0.000516775', '0.001050399', '0.000540707', '0.000619471', '0.000647034', '0.000847250', '0.080803797', '0.010091258']]" "['0.010847778', '0.530275285', '0.052052628', '0.406824321']"
4 PBkl_inv View1 0.227 0.289 0.696 0.171 0.236 1.639 nan 1120.0 1120.0 "['0.020691182', '0.000498469', '0.000433597', '0.007186133', '0.000490246', '0.000546449', '0.082886800', '0.000475710', '0.000540742', '0.000498469', '0.004404904', '0.000440247', '0.000498469', '0.001731149', '0.020691182', '0.000540742', '0.000499535', '0.018117553', '0.000530295', '0.000528001', '0.000532817', '0.000440247', '0.001731149', '0.020691182', '0.001246021', '0.071264803', '0.001246021', '0.081485629', '0.004404904', '0.000530732', '0.000527030', '0.000540657', '0.000871145', '0.018117553', '0.000540657', '0.000496259', '0.018117553', '0.000509790', '0.007186133', '0.000540657', '0.000440247', '0.015795887', '0.000532817', '0.000829330', '0.000436488', '0.000540742', '0.000468789', '0.018117553', '0.001182053', '0.000442293', '0.082886800', '0.000540742', '0.013726349', '0.001731149', '0.000436488', '0.000540742', '0.001182053', '0.018117553', '0.018117553', '0.001246021', '0.000501594', '0.000540742', '0.020691182', '0.000483437', '0.000468789', '0.001246021', '0.000530732', '0.001182053', '0.020691182', '0.020691182', '0.000530732', '0.018117553', '0.020691182', '0.007186133', '0.001246021', '0.000516549', '0.081485629', '0.004715723', '0.079284750', '0.000498469', '0.000452953', '0.000789856', '0.000516549', '0.001246021', '0.007186133', '0.000532002', '0.020691182', '0.000518546', '0.000540657', '0.000487624', '0.071264803', '0.000518546', '0.000516549', '0.000497377', '0.000440247', '0.019373329', '0.000440247', '0.000915480', '0.020691182', '0.000518546']" 
4 PBkl_inv View2 0.141 0.151 0.397 0.099 0.105 1.359 nan 1120.0 1120.0 "['0.001776851', '0.006880482', '0.000556505', '0.000817964', '0.058755565', '0.001776851', '0.000538980', '0.000537703', '0.029991783', '0.002377743', '0.000543729', '0.000817964', '0.039424792', '0.000556505', '0.000553329', '0.000580448', '0.004703337', '0.005674862', '0.052480064', '0.000656695', '0.000575816', '0.001377064', '0.000534829', '0.000637068', '0.000865680', '0.000556505', '0.004703337', '0.000585911', '0.000565402', '0.000585911', '0.039424792', '0.000600280', '0.010197080', '0.003921873', '0.000562766', '0.039424792', '0.000537703', '0.001377064', '0.021703741', '0.025664985', '0.000532026', '0.001108470', '0.001556988', '0.000562766', '0.001556988', '0.000575816', '0.002377743', '0.000540129', '0.004703337', '0.000536408', '0.000929244', '0.000865680', '0.000585911', '0.039424792', '0.004703337', '0.010197080', '0.010197080', '0.021703741', '0.000545860', '0.000534200', '0.034618542', '0.000865680', '0.061245084', '0.003293240', '0.000562766', '0.001556988', '0.000817964', '0.000546682', '0.021703741', '0.003293240', '0.039424792', '0.034618542', '0.012412759', '0.000592421', '0.000562766', '0.000544390', '0.015058961', '0.052480064', '0.000554836', '0.000556505', '0.010197080', '0.006880482', '0.018157648', '0.000534663', '0.010197080', '0.001556988', '0.000785673', '0.052480064', '0.003293240', '0.006880482', '0.000534057', '0.044171359', '0.003921873', '0.000538310', '0.061245084', '0.021703741', '0.001556988', '0.000811280', '0.000545099', '0.000556505']" 
4 PBkl_inv View3 0.171 0.175 0.452 0.123 0.103 1.512 nan 1120.0 1120.0 "['0.043152761', '0.000545353', '0.047688518', '0.000457364', '0.001142998', '0.000545353', '0.000446651', '0.000653404', '0.047688518', '0.000795359', '0.000447306', '0.010116041', '0.008952322', '0.000455532', '0.000852033', '0.038022526', '0.014496796', '0.000456158', '0.014496796', '0.008952322', '0.049700622', '0.011422918', '0.006213826', '0.000473562', '0.000522795', '0.002087741', '0.000471834', '0.047688518', '0.040647764', '0.029956870', '0.000474525', '0.010116041', '0.051547199', '0.051547199', '0.000477155', '0.010116041', '0.020290634', '0.000476161', '0.038022526', '0.000448937', '0.040647764', '0.000478277', '0.000577949', '0.000462597', '0.000474510', '0.000696544', '0.011422918', '0.000456158', '0.004364849', '0.012881287', '0.000459076', '0.007921621', '0.000545353', '0.000471834', '0.000459620', '0.045505539', '0.000460664', '0.049700622', '0.000451569', '0.008952322', '0.001058896', '0.001058896', '0.000476601', '0.000460664', '0.000614073', '0.003487407', '0.000450224', '0.000522795', '0.000468615', '0.000475373', '0.014496796', '0.000457949', '0.006213826', '0.000459076', '0.000466277', '0.000474689', '0.000457364', '0.000577949', '0.007012671', '0.000459620', '0.008952322', '0.000614073', '0.000477155', '0.000577949', '0.018204765', '0.000462597', '0.000448338', '0.014496796', '0.008952322', '0.000449306', '0.040647764', '0.010116041', '0.002087741', '0.000472293', '0.000450893', '0.000449306', '0.000914340', '0.049700622', '0.000450893', '0.000466636']" 
4 PBkl_inv View4 0.158 0.155 0.408 0.103 0.105 1.538 nan 1120.0 1120.0 "['0.001330906', '0.001883260', '0.000602759', '0.000771101', '0.008168580', '0.003719043', '0.088339277', '0.000598386', '0.000602333', '0.000600895', '0.000901882', '0.000599363', '0.000599363', '0.005906294', '0.003719043', '0.000605426', '0.051354658', '0.001083673', '0.000985746', '0.000771101', '0.000599099', '0.051354658', '0.000603746', '0.000598301', '0.000724418', '0.000602896', '0.000603535', '0.000724418', '0.000598386', '0.025115157', '0.000598386', '0.025115157', '0.086963169', '0.025115157', '0.000692707', '0.000602107', '0.086963169', '0.000724418', '0.000724418', '0.000613010', '0.008168580', '0.000600174', '0.000985746', '0.088339277', '0.000601396', '0.000626220', '0.000606168', '0.000613010', '0.000599629', '0.001883260', '0.051354658', '0.000599363', '0.003719043', '0.000608948', '0.000598386', '0.003719043', '0.000599811', '0.025115157', '0.000604815', '0.000636827', '0.008168580', '0.000985746', '0.000602107', '0.000599811', '0.000600895', '0.000600886', '0.037400924', '0.000771101', '0.000600006', '0.008168580', '0.000604108', '0.000599272', '0.006937785', '0.005906294', '0.008168580', '0.002136255', '0.008168580', '0.011365532', '0.002791200', '0.001883260', '0.001883260', '0.086963169', '0.000670999', '0.025115157', '0.000605957', '0.000985746', '0.000599272', '0.000636827', '0.000600006', '0.013403520', '0.025115157', '0.002136255', '0.000598905', '0.001486471', '0.008168580', '0.003719043', '0.000724418', '0.000599363', '0.037400924', '0.008168580']" 
4 PBkl_inv Concatenated 0.133 0.153 0.402 0.081 0.143 1.395 nan 1120.0 1120.0 "['0.000610420', '0.000615664', '0.001532129', '0.000610420', '0.000631578', '0.000675798', '0.075634591', '0.000586296', '0.001212466', '0.005739238', '0.000662936', '0.003934097', '0.001097402', '0.004737887', '0.000622466', '0.000581402', '0.006984009', '0.003934097', '0.000585159', '0.000644280', '0.000631578', '0.004737887', '0.000934980', '0.031335589', '0.000631578', '0.000612881', '0.012725950', '0.000580831', '0.000612881', '0.002020821', '0.036240116', '0.001005854', '0.000598945', '0.008524911', '0.002020821', '0.065485410', '0.000581656', '0.003934097', '0.008524911', '0.075634591', '0.001355379', '0.002355760', '0.001212466', '0.001532129', '0.002020821', '0.003934097', '0.000831046', '0.010419547', '0.000618832', '0.000934980', '0.008524911', '0.000631578', '0.000600152', '0.000652650', '0.000851775', '0.022517029', '0.000592083', '0.000612881', '0.000626670', '0.002020821', '0.000584201', '0.002771730', '0.000652650', '0.000652650', '0.000883701', '0.015494643', '0.000631578', '0.012725950', '0.003934097', '0.003934097', '0.061665371', '0.002020821', '0.000741964', '0.006984009', '0.000588055', '0.000886307', '0.000934980', '0.000600152', '0.008524911', '0.022517029', '0.022517029', '0.000631578', '0.036240116', '0.000618832', '0.002020821', '0.000589353', '0.000631578', '0.015494643', '0.000580624', '0.005739238', '0.002771730', '0.065485410', '0.000596820', '0.003934097', '0.065485410', '0.073679745', '0.068693504', '0.000595878', '0.012725950', '0.041384496']" 
4 PBkl_inv Multiview 0.121 0.154 0.410 0.076 0.169 1.558 0.887 1120.0 1120.0 "[['0.026068958', '0.001214209', '0.000911548', '0.019591071', '0.001189242', '0.001333139', '0.037301723', '0.001140172', '0.001163304', '0.001214209', '0.015901981', '0.000970676', '0.001214209', '0.007491229', '0.026068958', '0.001163304', '0.001217322', '0.025317127', '0.001297262', '0.001291868', '0.001303096', '0.000970676', '0.007491229', '0.026068958', '0.004730293', '0.034451228', '0.004730293', '0.036858488', '0.015901981', '0.001298279', '0.001289562', '0.001320675', '0.002554847', '0.025317127', '0.001320675', '0.001207679', '0.025317127', '0.001245971', '0.019591071', '0.001320675', '0.000970676', '0.024532208', '0.001303096', '0.002338881', '0.000941626', '0.001163304', '0.001114041', '0.025317127', '0.004345946', '0.000984433', '0.037301723', '0.001163304', '0.023713680', '0.007491229', '0.000941626', '0.001163304', '0.004345946', '0.025317127', '0.025317127', '0.004730293', '0.001223259', '0.001163304', '0.026068958', '0.001167126', '0.001114041', '0.004730293', '0.001298279', '0.004345946', '0.026068958', '0.026068958', '0.001298279', '0.025317127', '0.026068958', '0.019591071', '0.004730293', '0.001263704', '0.036858488', '0.016451521', '0.036231078', '0.001214209', '0.001044347', '0.002143974', '0.001263704', '0.004730293', '0.019591071', '0.001301221', '0.026068958', '0.001268777', '0.001320675', '0.001180893', '0.034451228', '0.001268777', '0.001263704', '0.001210993', '0.000970676', '0.025697231', '0.000970676', '0.002793108', '0.026068958', '0.001268777'], ['0.003025921', '0.000446502', '0.023956019', '0.005214984', '0.000485722', '0.000645652', '0.004306344', '0.072222590', '0.000733345', '0.000594226', '0.000452933', '0.000594226', '0.000681440', '0.001080098', '0.066284023', '0.023956019', '0.009786473', '0.000465754', '0.000645652', '0.066284023', '0.009786473', '0.000447453', '0.000489107', '0.000527727', '0.000560360', '0.000752307', '0.002574672', '0.000807299', '0.000445209', '0.003025921', '0.042078145', '0.005214984', '0.005214984', '0.066284023', '0.000482655', '0.000439975', '0.003591736', '0.004306344', '0.009786473', '0.000459280', '0.001679925', '0.000645652', '0.000560360', '0.035504982', '0.000617115', '0.000645652', '0.000446055', '0.000725666', '0.000681440', '0.000437261', '0.000681440', '0.009786473', '0.000452933', '0.002574672', '0.000477319', '0.001679925', '0.049108498', '0.066284023', '0.042078145', '0.029424172', '0.072222590', '0.000645652', '0.000854507', '0.000497044', '0.000725666', '0.000460412', '0.001484221', '0.029424172', '0.005214984', '0.000854507', '0.001080098', '0.066284023', '0.000446055', '0.001484221', '0.001918817', '0.000482655', '0.005214984', '0.001323139', '0.000460412', '0.000617115', '0.005214984', '0.009786473', '0.000472842', '0.000989276', '0.000989276', '0.023956019', '0.000446055', '0.000461621', '0.005214984', '0.000513000', '0.001484221', '0.049108498', '0.000477319', '0.009786473', '0.001484221', '0.003025921', '0.009786473', '0.000547622', '0.000450850', '0.000479866'], ['0.000584185', '0.010611000', '0.002854825', '0.039287146', '0.000566051', '0.000576192', '0.000527519', '0.000568218', '0.000585629', '0.000558395', '0.001661668', '0.033014841', '0.000579007', '0.000548590', '0.000542771', '0.002854825', '0.000562457', '0.000541689', '0.030063935', '0.000588576', '0.000584185', '0.000553790', '0.031570435', '0.025223490', '0.000593968', '0.036967237', '0.000542771', '0.000590723', '0.008188206', '0.035713740', '0.038157411', '0.016685858', '0.000578338', '0.000570225', '0.000552129', '0.000566051', '0.031570435', '0.000564900', '0.000527519', '0.000528902', '0.025223490', '0.038157411', '0.007158275', '0.013478530', '0.000542771', '0.030063935', '0.039287146', '0.008188206', '0.034396283', '0.035713740', '0.000563703', '0.039287146', '0.008188206', '0.035713740', '0.009339960', '0.008188206', '0.038157411', '0.031570435', '0.000666864', '0.000590723', '0.013478530', '0.000579007', '0.000570225', '0.000983270', '0.000542771', '0.000666864', '0.000569241', '0.007158275', '0.039287146', '0.000586085', '0.000538614', '0.001661668', '0.001066214', '0.003660173', '0.000548590', '0.000527796', '0.000577647', '0.000578338', '0.000532460', '0.008188206', '0.025223490', '0.000572086', '0.000528902', '0.013478530', '0.000528676', '0.009339960', '0.000576192', '0.026883999', '0.031570435', '0.031570435', '0.000590386', '0.000556923', '0.000559804', '0.000590723', '0.008188206', '0.000577647', '0.000578338', '0.000720105', '0.000569241', '0.001510712'], ['0.015383203', '0.007302110', '0.005134465', '0.000500897', '0.010562932', '0.031004880', '0.079596743', '0.003161640', '0.000500897', '0.000547888', '0.000485907', '0.000758186', '0.000812347', '0.001426757', '0.010562932', '0.000547888', '0.081394233', '0.000478701', '0.000487310', '0.000714118', '0.004341243', '0.000479414', '0.002724311', '0.000483490', '0.079596743', '0.079596743', '0.000513213', '0.000500897', '0.000479735', '0.000532063', '0.003161640', '0.031004880', '0.000489708', '0.000478947', '0.026371682', '0.000478701', '0.003161640', '0.000679802', '0.000513213', '0.000521114', '0.002362865', '0.000558555', '0.000609324', '0.000513213', '0.000500897', '0.008768343', '0.003161640', '0.079596743', '0.000495121', '0.006107417', '0.000513213', '0.022188162', '0.000489040', '0.001603024', '0.000521114', '0.001603024', '0.005134465', '0.000502781', '0.015383203', '0.001277950', '0.008768343', '0.000507315', '0.005134465', '0.000477970', '0.000812347', '0.001426757', '0.051701546', '0.001151952', '0.000954249', '0.000532063', '0.000661418', '0.002724311', '0.000609324', '0.002724311', '0.000500897', '0.067320824', '0.006107417', '0.003161640', '0.002724311', '0.000483215', '0.000484084', '0.001151952', '0.000481105', '0.001045038', '0.079596743', '0.000954249', '0.000489708', '0.000526115', '0.010562932', '0.000532063', '0.003693043', '0.008768343', '0.000482036', '0.000954249', '0.000491212', '0.000526115', '0.000539208', '0.000714118', '0.079596743', '0.010562932']]" "['0.010441291', '0.532457232', '0.049624246', '0.407477230']"
4 TND_DIS View1 0.284 0.360 0.838 0.184 0.353 0.027 nan 1120.0 11201.0 "['0.009432462', '0.008116483', '0.008986196', '0.009447046', '0.009357986', '0.007388087', '0.013173545', '0.008481363', '0.008991458', '0.008106802', '0.009495427', '0.008790884', '0.008106802', '0.009138858', '0.009444573', '0.008991458', '0.008095464', '0.009722899', '0.008349201', '0.007806684', '0.007734888', '0.008790884', '0.009138858', '0.009444573', '0.009194595', '0.012233568', '0.009194595', '0.013016291', '0.009495427', '0.007761979', '0.007889222', '0.016245538', '0.008811934', '0.009722899', '0.016245538', '0.008226814', '0.009722899', '0.008431980', '0.009447046', '0.016245538', '0.008790884', '0.009679266', '0.007734888', '0.012210001', '0.009357337', '0.008991458', '0.008408628', '0.009722899', '0.009195538', '0.009259232', '0.013173545', '0.008991458', '0.009652345', '0.020747803', '0.009357337', '0.008991458', '0.009178330', '0.009722899', '0.009722899', '0.009194595', '0.017222241', '0.008991458', '0.009444573', '0.015890066', '0.008408628', '0.009194595', '0.007761979', '0.009178330', '0.009444573', '0.009444573', '0.007761979', '0.009722899', '0.009444573', '0.009447046', '0.009194595', '0.008099794', '0.013002357', '0.009345883', '0.017252086', '0.008116483', '0.008620658', '0.008772410', '0.008099794', '0.009194595', '0.009572421', '0.007897583', '0.009432462', '0.016895590', '0.016245538', '0.011228400', '0.012233568', '0.007825308', '0.008099794', '0.008177345', '0.008790884', '0.009543197', '0.008790884', '0.008878217', '0.009444573', '0.017386509']" 
4 TND_DIS View2 0.108 0.176 0.441 0.076 0.201 0.022 nan 1120.0 11201.0 "['0.011076188', '0.007987655', '0.017137347', '0.010610459', '0.009407909', '0.008380163', '0.010467861', '0.013584846', '0.008855375', '0.008593926', '0.008535437', '0.009015256', '0.008565811', '0.017236603', '0.009919824', '0.013955186', '0.009848860', '0.008347275', '0.010642707', '0.009678696', '0.010682325', '0.009283103', '0.009125678', '0.009396174', '0.006722273', '0.017137347', '0.008600849', '0.008110136', '0.010076968', '0.006515027', '0.010663182', '0.008515301', '0.008492031', '0.010871083', '0.006343694', '0.010663182', '0.008506361', '0.007393143', '0.009988174', '0.010402285', '0.013238636', '0.011152292', '0.009012984', '0.010254059', '0.009012984', '0.009424688', '0.009836154', '0.010805646', '0.009848860', '0.016425509', '0.010964300', '0.006722273', '0.008110136', '0.010068378', '0.008748318', '0.008970398', '0.010511056', '0.010556657', '0.008545914', '0.016869009', '0.011112786', '0.008744488', '0.009613716', '0.008518985', '0.009498457', '0.009012984', '0.010610459', '0.008531465', '0.010556657', '0.008518985', '0.011243112', '0.010965984', '0.008483994', '0.008536876', '0.009152094', '0.009844271', '0.008382159', '0.010480279', '0.011435950', '0.010852385', '0.008492031', '0.008917380', '0.009821014', '0.012866180', '0.010514611', '0.009012984', '0.007910750', '0.010642707', '0.008728341', '0.007875185', '0.012748846', '0.010899240', '0.007173355', '0.008552076', '0.009613716', '0.010556657', '0.009005456', '0.007690703', '0.009331357', '0.017137347']" 
4 TND_DIS View3 0.138 0.216 0.530 0.101 0.233 0.013 nan 1120.0 11201.0 "['0.009223231', '0.011994984', '0.009696903', '0.010663835', '0.011407054', '0.010939635', '0.011882088', '0.010462059', '0.009696903', '0.011459110', '0.011861226', '0.008314937', '0.008794761', '0.011505082', '0.011434042', '0.009206609', '0.008021659', '0.011248739', '0.008353734', '0.008289501', '0.008906743', '0.008119244', '0.008331277', '0.008770595', '0.011539614', '0.011968123', '0.008641550', '0.009308623', '0.009094213', '0.008169325', '0.010293443', '0.008314937', '0.008995799', '0.008995799', '0.007377929', '0.008314937', '0.008110821', '0.011877095', '0.008423374', '0.011585245', '0.008650263', '0.006871856', '0.012018210', '0.010834353', '0.011857570', '0.009962718', '0.008119244', '0.010755671', '0.008494207', '0.008153191', '0.012499340', '0.008168259', '0.010939635', '0.008375027', '0.012282312', '0.009161135', '0.012371513', '0.009359537', '0.011171410', '0.008794761', '0.010764098', '0.010764098', '0.008971125', '0.011549393', '0.010015353', '0.009113239', '0.011416235', '0.011080278', '0.013066477', '0.008458788', '0.008074436', '0.011124515', '0.008331277', '0.012495538', '0.011723617', '0.007336759', '0.012245022', '0.010439327', '0.009057734', '0.011572352', '0.008313301', '0.010000858', '0.007377929', '0.011535403', '0.008116708', '0.010834353', '0.010956575', '0.008113749', '0.008794761', '0.010234664', '0.009094213', '0.008314937', '0.011968123', '0.011545336', '0.012204774', '0.010085099', '0.011413670', '0.009359537', '0.012204774', '0.013496621']" 
4 TND_DIS View4 0.102 0.182 0.459 0.074 0.223 0.020 nan 1120.0 11201.0 "['0.011595056', '0.011516247', '0.008421130', '0.009205659', '0.010894019', '0.011721341', '0.011692151', '0.009485001', '0.006215259', '0.007773483', '0.009051575', '0.007314964', '0.008222067', '0.010871097', '0.011721341', '0.004707243', '0.011175414', '0.010666700', '0.011450215', '0.010590112', '0.009338159', '0.011196231', '0.012166558', '0.007617962', '0.009149170', '0.006091990', '0.008130196', '0.009149170', '0.009729642', '0.010565648', '0.009485001', '0.010792575', '0.011603915', '0.010832271', '0.012277403', '0.008688807', '0.011668696', '0.010058329', '0.009258870', '0.010796309', '0.010894019', '0.008317254', '0.011861807', '0.011692151', '0.009339816', '0.011487471', '0.007000507', '0.007957669', '0.005916681', '0.010467030', '0.011196231', '0.008222067', '0.011743001', '0.011085548', '0.009485001', '0.011721341', '0.009112222', '0.012744905', '0.005376613', '0.012192183', '0.011843909', '0.011861807', '0.007682697', '0.005557159', '0.007630310', '0.010863539', '0.010748014', '0.011202933', '0.011870949', '0.011843909', '0.006129168', '0.010253709', '0.011811563', '0.011821861', '0.010677549', '0.009457163', '0.011843909', '0.010922872', '0.009462317', '0.011305021', '0.011197634', '0.011668696', '0.009199207', '0.012744905', '0.011331517', '0.011861807', '0.007018630', '0.010898205', '0.007500958', '0.010538918', '0.010832271', '0.009432108', '0.008252356', '0.011256909', '0.010677549', '0.011743001', '0.009302245', '0.007314964', '0.010843286', '0.010894019']" 
4 TND_DIS Concatenated 0.099 0.176 0.440 0.068 0.219 0.007 nan 1120.0 11201.0 "['0.008291460', '0.007466925', '0.009283891', '0.007070437', '0.010276382', '0.011534061', '0.010705763', '0.009831212', '0.010840265', '0.010779208', '0.011120952', '0.010399029', '0.010257022', '0.008662568', '0.010070609', '0.008808173', '0.010976730', '0.008530349', '0.009832328', '0.009807928', '0.010377964', '0.010261709', '0.008638705', '0.010592524', '0.009954918', '0.010236308', '0.011047662', '0.009067948', '0.011199507', '0.010857701', '0.010719992', '0.010292136', '0.010973447', '0.010138899', '0.011387737', '0.011076605', '0.006421170', '0.008530349', '0.009680817', '0.010234202', '0.009113150', '0.010863060', '0.010588872', '0.010175931', '0.010881496', '0.008435507', '0.011392497', '0.009185411', '0.009179553', '0.008347282', '0.009099718', '0.010413955', '0.010920978', '0.009843248', '0.010753548', '0.011236637', '0.009780051', '0.012210377', '0.010217192', '0.012157171', '0.009297777', '0.010348290', '0.009902018', '0.007277262', '0.010955500', '0.010120966', '0.010377964', '0.010768281', '0.008530349', '0.008530349', '0.010871017', '0.012089566', '0.010350837', '0.009615139', '0.009926756', '0.008066006', '0.008328738', '0.011527521', '0.010538633', '0.010211537', '0.010755687', '0.009294552', '0.011091707', '0.010244232', '0.009569613', '0.009713990', '0.009763007', '0.010697031', '0.006983592', '0.010953703', '0.009885762', '0.011076605', '0.009660075', '0.010382736', '0.011324948', '0.010641976', '0.010420375', '0.008911279', '0.009299411', '0.010663932']" 
4 TND_DIS Multiview 0.124 0.199 0.501 0.081 0.246 0.143 0.065 1120.0 11201.0 "[['0.015763156', '0.004923693', '0.005960668', '0.012379403', '0.003961268', '0.003918974', '0.010497878', '0.005640127', '0.015750775', '0.014419732', '0.017254330', '0.014147633', '0.017522810', '0.013340991', '0.014707081', '0.006558394', '0.004573340', '0.018662423', '0.003642033', '0.003956817', '0.002862123', '0.017481299', '0.010440893', '0.014238456', '0.016853083', '0.005159449', '0.008467325', '0.011760021', '0.018234739', '0.003143108', '0.002997600', '0.003690517', '0.013834839', '0.016655924', '0.003785538', '0.020526495', '0.008511704', '0.004843021', '0.011721849', '0.003844448', '0.007397128', '0.011189954', '0.003176007', '0.004259140', '0.002637151', '0.015185541', '0.008583472', '0.008597928', '0.018296130', '0.008976202', '0.008484975', '0.006006116', '0.018816298', '0.003403380', '0.007753694', '0.006728036', '0.006780161', '0.012415849', '0.013166036', '0.012450537', '0.003704522', '0.017153537', '0.013115563', '0.004562659', '0.008531301', '0.016557241', '0.002641894', '0.006717531', '0.015246457', '0.011013617', '0.007457164', '0.015375216', '0.014560965', '0.010052269', '0.016968880', '0.011116225', '0.005333121', '0.015401498', '0.005188404', '0.008507471', '0.010008543', '0.008241170', '0.016823838', '0.008993658', '0.008730593', '0.004150332', '0.019166585', '0.003846265', '0.003219378', '0.004145269', '0.006394980', '0.006197486', '0.016779577', '0.015528352', '0.007065292', '0.012083138', '0.016703859', '0.016090693', '0.011387734', '0.004300034'], ['0.016551007', '0.003920264', '0.010337534', '0.010114360', '0.008927154', '0.013139497', '0.016389584', '0.013444951', '0.018308256', '0.006123226', '0.003758209', '0.003610291', '0.010111423', '0.013725509', '0.016706051', '0.012120850', '0.010676470', '0.005973070', '0.007989071', '0.022258632', '0.019770605', '0.003747826', '0.005884279', '0.006730054', '0.004880551', '0.010511549', '0.009028959', '0.011279318', '0.003547068', '0.012632832', '0.015129121', '0.009480073', '0.017873831', '0.018438598', '0.008024052', '0.004551725', '0.009175211', '0.013294983', '0.007093486', '0.006678269', '0.010109790', '0.006148257', '0.006448390', '0.014790474', '0.004236460', '0.003077829', '0.003666979', '0.005356513', '0.004422227', '0.005606262', '0.010438763', '0.005949660', '0.003859849', '0.013931983', '0.009449216', '0.007736824', '0.005390405', '0.013635287', '0.008698940', '0.017591204', '0.011799533', '0.011753640', '0.009787449', '0.011163669', '0.010279246', '0.008744864', '0.014471135', '0.009708788', '0.007283704', '0.005755498', '0.018138276', '0.016600676', '0.003775945', '0.008194854', '0.014347864', '0.003876048', '0.016992899', '0.006176693', '0.007802630', '0.010354182', '0.012526489', '0.008146183', '0.013168929', '0.009640476', '0.007755405', '0.017550906', '0.007358721', '0.008117630', '0.010141421', '0.014227750', '0.006107548', '0.017445290', '0.012205223', '0.012386235', '0.008408497', '0.011589608', '0.011513332', '0.003520680', '0.003673338', '0.015025581'], ['0.003338126', '0.019427439', '0.009322012', '0.013703136', '0.007619249', '0.006834934', '0.003623852', '0.005408150', '0.003304514', '0.006515767', '0.016797198', '0.019291066', '0.005163513', '0.003444390', '0.003413702', '0.011231868', '0.003607816', '0.013400099', '0.019876676', '0.004557966', '0.004026752', '0.015487568', '0.011831942', '0.013743718', '0.003236591', '0.012120968', '0.007829075', '0.005016646', '0.019774247', '0.017709523', '0.017975528', '0.010646398', '0.004787324', '0.004255277', '0.005821675', '0.008938531', '0.009970512', '0.006173455', '0.007895232', '0.005788400', '0.017816380', '0.013773825', '0.017900001', '0.018416028', '0.015103801', '0.018262103', '0.015103392', '0.011235040', '0.019173691', '0.014703006', '0.004682012', '0.014907881', '0.019758519', '0.016063472', '0.017303145', '0.014442739', '0.013967109', '0.013996417', '0.003456836', '0.003382749', '0.017460102', '0.004468842', '0.003321865', '0.009115859', '0.008520784', '0.004846521', '0.003300825', '0.008787884', '0.018834103', '0.006855217', '0.004927472', '0.003536149', '0.013864505', '0.013015399', '0.004881021', '0.003967767', '0.002422989', '0.003570988', '0.007350167', '0.011865676', '0.014669721', '0.006267533', '0.005119743', '0.019298049', '0.004818616', '0.015676849', '0.005381887', '0.018600995', '0.014951752', '0.018892910', '0.005703735', '0.009020504', '0.006266664', '0.003795965', '0.009207075', '0.005241730', '0.007585768', '0.003971906', '0.005718268', '0.008537189'], ['0.007632292', '0.012693739', '0.009693268', '0.005978171', '0.019324943', '0.012801406', '0.014238830', '0.009590677', '0.004038027', '0.012436077', '0.005131931', '0.006497774', '0.006408555', '0.010016519', '0.008891506', '0.006285492', '0.020420639', '0.005891087', '0.006348857', '0.006938370', '0.014678297', '0.003888453', '0.010441015', '0.005650220', '0.018010708', '0.014379184', '0.007879033', '0.008343139', '0.003798738', '0.008839983', '0.004993177', '0.014952989', '0.003838659', '0.003855872', '0.012290769', '0.004826166', '0.011833236', '0.007650570', '0.008336302', '0.007836486', '0.004143278', '0.007958633', '0.011827516', '0.006189767', '0.016321210', '0.008958476', '0.014089593', '0.015172037', '0.004088700', '0.013915796', '0.018247057', '0.013412056', '0.003897241', '0.006945732', '0.006467139', '0.006184621', '0.015653390', '0.003766595', '0.016775362', '0.007314291', '0.011463908', '0.006593386', '0.016307987', '0.007171321', '0.004080315', '0.012416523', '0.020225979', '0.012267496', '0.003978351', '0.008569024', '0.008492101', '0.005295848', '0.008479746', '0.005638223', '0.006695464', '0.021784114', '0.018928459', '0.018649243', '0.021518977', '0.003934153', '0.003876858', '0.012758978', '0.004758311', '0.003998756', '0.019202041', '0.003720659', '0.005838116', '0.010760336', '0.015734877', '0.006419181', '0.018691545', '0.006503708', '0.004459534', '0.009798866', '0.008258323', '0.013340977', '0.006347008', '0.018648453', '0.022488501', '0.012994631']]" "['0.120951176', '0.316282660', '0.259753764', '0.303012460']"
4 TND_DIS_inv View1 0.294 0.359 0.835 0.193 0.330 0.012 nan 1120.0 11201.0 "['0.009768952', '0.008865708', '0.009583828', '0.009793587', '0.009432759', '0.007909742', '0.014425390', '0.009326337', '0.009560790', '0.008851890', '0.009713078', '0.009348442', '0.008851890', '0.009656069', '0.009767395', '0.009560790', '0.008832824', '0.008835078', '0.009375888', '0.008555952', '0.008460093', '0.009348442', '0.009656069', '0.009767395', '0.009729463', '0.013705521', '0.009729463', '0.014323493', '0.009713078', '0.008496205', '0.008672571', '0.012769270', '0.009281742', '0.008835078', '0.012769270', '0.008982390', '0.008835078', '0.009189111', '0.009793587', '0.012769270', '0.009348442', '0.009153612', '0.008460093', '0.012683847', '0.009017626', '0.009560790', '0.008861125', '0.008835078', '0.009732539', '0.009501953', '0.014425390', '0.009560790', '0.009308028', '0.013913038', '0.009017626', '0.009560790', '0.009718118', '0.008835078', '0.008835078', '0.009729463', '0.013049194', '0.009560790', '0.009767395', '0.012606840', '0.008861125', '0.009729463', '0.008496205', '0.009718118', '0.009767395', '0.009767395', '0.008496205', '0.008835078', '0.009767395', '0.009793587', '0.009729463', '0.008820733', '0.014326705', '0.009795035', '0.014964594', '0.008865708', '0.009161391', '0.009238773', '0.008820733', '0.009729463', '0.009586369', '0.008678894', '0.009768952', '0.012934700', '0.012769270', '0.011085404', '0.013705521', '0.008504197', '0.008820733', '0.008927439', '0.009348442', '0.009668874', '0.009348442', '0.009382574', '0.009767395', '0.013132453']" 
4 TND_DIS_inv View2 0.118 0.173 0.435 0.079 0.189 0.001 nan 1120.0 11201.0 "['0.010297138', '0.010346920', '0.009671225', '0.010169949', '0.010565744', '0.010362290', '0.008971183', '0.009247960', '0.010524513', '0.010430478', '0.009387789', '0.010103955', '0.010629501', '0.009670476', '0.009577323', '0.009837292', '0.010513827', '0.010549551', '0.010657278', '0.009968642', '0.009748540', '0.010048556', '0.008881631', '0.009912925', '0.009907746', '0.009671225', '0.010497959', '0.009635177', '0.009645518', '0.009713626', '0.010569070', '0.009593740', '0.010222202', '0.010411097', '0.009561216', '0.010569070', '0.009177567', '0.010038013', '0.010490193', '0.010514404', '0.008492394', '0.010214834', '0.010028954', '0.009698807', '0.010028954', '0.009845864', '0.010297771', '0.009236993', '0.010513827', '0.009214872', '0.010152698', '0.009907746', '0.009635177', '0.010601703', '0.010490428', '0.010385346', '0.010439000', '0.010506908', '0.009403021', '0.008640122', '0.010670595', '0.010142699', '0.010591175', '0.010172842', '0.009433977', '0.010028954', '0.010169949', '0.009331746', '0.010506908', '0.010172842', '0.010617376', '0.010546261', '0.010381874', '0.009887232', '0.009399836', '0.009363737', '0.010334977', '0.010662264', '0.009444131', '0.009664041', '0.010222202', '0.010340832', '0.010475744', '0.008853995', '0.010442071', '0.010028954', '0.009853215', '0.010657278', '0.010531275', '0.010333329', '0.008957945', '0.010638657', '0.010196349', '0.009036912', '0.010591175', '0.010506908', '0.010019648', '0.009814361', '0.009276605', '0.009671225']" 
4 TND_DIS_inv View3 0.146 0.211 0.521 0.103 0.218 0.003 nan 1120.0 11201.0 "['0.010935412', '0.009912821', '0.011060379', '0.009318745', '0.009999909', '0.009786447', '0.009857764', '0.009958240', '0.011060379', '0.010080208', '0.009836097', '0.010592888', '0.010572458', '0.009567921', '0.010102913', '0.010874224', '0.010673472', '0.009161958', '0.010743201', '0.010593892', '0.011091070', '0.010665560', '0.010592788', '0.008592377', '0.010079386', '0.010062401', '0.008723440', '0.010998278', '0.010950180', '0.010813103', '0.009922898', '0.010592888', '0.011113359', '0.011113359', '0.008369746', '0.010592888', '0.010730309', '0.008797430', '0.010949428', '0.009890622', '0.011015913', '0.008090880', '0.009916474', '0.009590702', '0.008661963', '0.010098945', '0.010665560', '0.009347962', '0.010490950', '0.010669336', '0.009465436', '0.010627591', '0.009786447', '0.008604920', '0.009452328', '0.010977796', '0.009411355', '0.011035645', '0.009587152', '0.010572458', '0.010164289', '0.010164289', '0.008577202', '0.009522521', '0.009952087', '0.010418615', '0.009569221', '0.009749738', '0.009285679', '0.008284028', '0.010674368', '0.009252393', '0.010592788', '0.009468102', '0.009175444', '0.008481566', '0.009421595', '0.009954223', '0.010547473', '0.009735556', '0.010579456', '0.009965123', '0.008369746', '0.010034693', '0.010712062', '0.009590702', '0.009658575', '0.010658968', '0.010572458', '0.009833653', '0.010950180', '0.010592888', '0.010062401', '0.008773507', '0.009540215', '0.009896963', '0.010120653', '0.011035645', '0.009540215', '0.009120120']" 
4 TND_DIS_inv View4 0.098 0.184 0.462 0.073 0.229 0.002 nan 1120.0 11201.0 "['0.010003556', '0.010061942', '0.008978250', '0.009984491', '0.010502359', '0.010170406', '0.011048047', '0.009419999', '0.009120022', '0.009792103', '0.009965387', '0.009833223', '0.009737255', '0.010482831', '0.010170406', '0.008350535', '0.010946361', '0.010006830', '0.009963151', '0.009960612', '0.009514359', '0.010952768', '0.009875804', '0.009623726', '0.009964756', '0.009165966', '0.009025346', '0.009964756', '0.009418628', '0.010549941', '0.009419999', '0.010540710', '0.011031886', '0.010539264', '0.009902555', '0.009692385', '0.011035939', '0.009949134', '0.009984399', '0.009891215', '0.010502359', '0.009504331', '0.010229510', '0.011048047', '0.009225502', '0.009905101', '0.008319722', '0.009898489', '0.009415853', '0.009920151', '0.010952768', '0.009737255', '0.010171016', '0.010046670', '0.009419999', '0.010170406', '0.009426636', '0.010789876', '0.008727768', '0.009850879', '0.010290429', '0.010229510', '0.009915931', '0.009313370', '0.009815042', '0.009295434', '0.010619036', '0.010016816', '0.009704557', '0.010290429', '0.009204952', '0.009495422', '0.010254446', '0.010265635', '0.010455620', '0.010104929', '0.010290429', '0.010731117', '0.010146256', '0.009924582', '0.010094443', '0.011035939', '0.009962410', '0.010789876', '0.010015644', '0.010229510', '0.009528145', '0.009902825', '0.009798160', '0.010507558', '0.010539264', '0.010087993', '0.009702452', '0.009873606', '0.010455620', '0.010171016', '0.009974806', '0.009833223', '0.010827514', '0.010502359']" 
4 TND_DIS_inv Concatenated 0.104 0.175 0.439 0.069 0.216 0.001 nan 1120.0 11201.0 "['0.009608710', '0.009613680', '0.010161301', '0.009606577', '0.009730981', '0.009643042', '0.010775988', '0.009205621', '0.010159615', '0.010144656', '0.009801677', '0.010313158', '0.010183968', '0.010356951', '0.009802404', '0.008543771', '0.010333259', '0.010322507', '0.009082528', '0.009811323', '0.009723944', '0.010365079', '0.010062466', '0.010691551', '0.009731673', '0.009494917', '0.010724776', '0.008473146', '0.009615680', '0.010037871', '0.010468035', '0.010166201', '0.009484941', '0.010386253', '0.010445832', '0.010817080', '0.008541314', '0.010322507', '0.010380580', '0.010625855', '0.010124715', '0.010081269', '0.010172132', '0.010046030', '0.010075253', '0.010297708', '0.009685562', '0.010453487', '0.009446224', '0.010154949', '0.010380820', '0.009783012', '0.009480092', '0.009614587', '0.009738507', '0.010513855', '0.009375582', '0.009713074', '0.009873859', '0.010210061', '0.008776292', '0.010236345', '0.009817912', '0.009732119', '0.009758683', '0.010541812', '0.009723944', '0.010489690', '0.010322507', '0.010322507', '0.010779626', '0.010200933', '0.009800832', '0.010335928', '0.009292855', '0.010067917', '0.010146249', '0.009519998', '0.010435495', '0.010251437', '0.010535398', '0.009889272', '0.010639173', '0.009856574', '0.010128942', '0.009363290', '0.009654778', '0.010403269', '0.008372283', '0.010414623', '0.010001494', '0.010817080', '0.009297009', '0.010336454', '0.010794825', '0.010753418', '0.010707670', '0.009297324', '0.010470188', '0.010731652']" 
4 TND_DIS_inv Multiview 0.114 0.188 0.501 0.080 0.243 0.723 0.054 1120.0 11201.0 "[['0.034754261', '0.000436800', '0.000321942', '0.002021639', '0.000532511', '0.000391726', '0.040017039', '0.000332061', '0.000967540', '0.000603491', '0.045842782', '0.000292994', '0.000604646', '0.001685984', '0.003530001', '0.000491435', '0.000323775', '0.047554571', '0.000372029', '0.000323060', '0.000357816', '0.016177887', '0.000755343', '0.016900595', '0.008205527', '0.022018289', '0.001847915', '0.054157160', '0.045073468', '0.000364420', '0.000356831', '0.000350098', '0.000722849', '0.045169115', '0.000372512', '0.004391633', '0.002276981', '0.000336787', '0.010025802', '0.000474202', '0.000360633', '0.003631355', '0.000386904', '0.000883830', '0.001354767', '0.000522704', '0.000328469', '0.001621271', '0.003168795', '0.000327625', '0.056947049', '0.000453072', '0.047727343', '0.000767860', '0.000625153', '0.000793403', '0.000637349', '0.001950124', '0.001728703', '0.000708542', '0.000351476', '0.001848392', '0.032910343', '0.001989382', '0.000927091', '0.001969341', '0.000350374', '0.000638798', '0.001394929', '0.050068114', '0.000497534', '0.001701217', '0.047052711', '0.001632164', '0.047408421', '0.000371573', '0.045851689', '0.000687725', '0.056454007', '0.000520815', '0.000408539', '0.000454710', '0.000918786', '0.001219800', '0.000621084', '0.000333406', '0.050778124', '0.000458271', '0.000381743', '0.000336977', '0.055311684', '0.000344180', '0.001196584', '0.000722441', '0.000786804', '0.050544310', '0.001401335', '0.001480174', '0.000681618', '0.000332807'], ['0.003988718', '0.001185156', '0.020039059', '0.005496698', '0.004048626', '0.008214064', '0.002943073', '0.028171370', '0.022219121', '0.014444081', '0.000923658', '0.001265528', '0.015377214', '0.014333303', '0.021924553', '0.024883324', '0.003717232', '0.001007525', '0.002549528', '0.031855632', '0.021398894', '0.002404084', '0.001309021', '0.002142292', '0.003036634', '0.002603338', '0.021954976', '0.001449368', '0.000901192', '0.004626546', '0.012875087', '0.006712597', '0.032225516', '0.002939914', '0.002366145', '0.003411364', '0.007187974', '0.023710232', '0.013896055', '0.005340172', '0.008952671', '0.002679808', '0.009616281', '0.018083638', '0.015047878', '0.002738922', '0.001248799', '0.002461328', '0.002007045', '0.001000784', '0.000809351', '0.003589713', '0.000739240', '0.007090210', '0.002451067', '0.014562100', '0.014267670', '0.015244348', '0.016428649', '0.028506584', '0.015034707', '0.023072923', '0.001928489', '0.008808327', '0.013484856', '0.002639989', '0.006678935', '0.023205867', '0.007249471', '0.001107548', '0.021328105', '0.025598902', '0.000752952', '0.008764789', '0.001272628', '0.002379221', '0.001686094', '0.014572904', '0.000535491', '0.009553365', '0.020161077', '0.026473464', '0.011760156', '0.010991353', '0.003913300', '0.027717225', '0.000661119', '0.004611782', '0.019066485', '0.008412746', '0.000507738', '0.014164898', '0.010883637', '0.024558540', '0.014630483', '0.001139826', '0.026896136', '0.007718059', '0.002006955', '0.005464551'], ['0.001987795', '0.012237027', '0.003005647', '0.023856312', '0.002450977', '0.001904963', '0.002292961', '0.002376887', '0.001965125', '0.005261085', '0.002211115', '0.027658464', '0.003442847', '0.004044235', '0.002258191', '0.007167838', '0.000903476', '0.002097876', '0.031298213', '0.001376506', '0.001287227', '0.013434242', '0.025752001', '0.017579259', '0.001127382', '0.008346759', '0.005504887', '0.000831977', '0.002688890', '0.028702818', '0.019158643', '0.004297627', '0.001397551', '0.001411866', '0.002495988', '0.021453170', '0.019314203', '0.001900583', '0.006807693', '0.012235817', '0.018251983', '0.030006595', '0.020802544', '0.014958241', '0.009178640', '0.016776377', '0.027740080', '0.006155680', '0.031773858', '0.021650100', '0.000573453', '0.012334063', '0.002554840', '0.024937578', '0.027502412', '0.015056076', '0.015459706', '0.018803228', '0.002752168', '0.001000842', '0.006271443', '0.002505371', '0.001416970', '0.022938762', '0.005326786', '0.010024551', '0.001132873', '0.006789591', '0.025865650', '0.000782572', '0.004185924', '0.003063945', '0.002237470', '0.014167943', '0.001046779', '0.002349240', '0.000971695', '0.001261358', '0.000724916', '0.025490930', '0.016197687', '0.001128214', '0.020633562', '0.021478392', '0.002353029', '0.007220318', '0.000922306', '0.031634059', '0.013287335', '0.028576627', '0.000615250', '0.001449869', '0.020788006', '0.001082735', '0.020456849', '0.000726187', '0.002257725', '0.010776523', '0.002418292', '0.003647644'], ['0.003780421', '0.023909992', '0.014517806', '0.007417721', '0.029516269', '0.026496546', '0.004192674', '0.006693820', '0.010446823', '0.014420793', '0.001021420', '0.009009307', '0.015404578', '0.016504094', '0.010685330', '0.005017620', '0.033524033', '0.000927022', '0.003876211', '0.004143058', '0.014355254', '0.003199457', '0.010512391', '0.002260769', '0.026319144', '0.008472973', '0.007131038', '0.000821022', '0.000939964', '0.004550216', '0.006002224', '0.026876021', '0.002675139', '0.000975441', '0.032787610', '0.004517332', '0.009575185', '0.010554974', '0.005559057', '0.016910017', '0.010041077', '0.002919246', '0.005729199', '0.003517467', '0.009488261', '0.018216280', '0.009251693', '0.028580321', '0.001853305', '0.015416587', '0.000632134', '0.022448452', '0.000788722', '0.005450991', '0.006326329', '0.006317487', '0.007892640', '0.002223248', '0.016887860', '0.006899355', '0.016446171', '0.007701361', '0.006935196', '0.001368491', '0.015816486', '0.021646136', '0.029920075', '0.006878782', '0.004276326', '0.000937964', '0.009733598', '0.007389539', '0.001492538', '0.012553056', '0.000823088', '0.033164270', '0.003136707', '0.020452285', '0.001257597', '0.001352493', '0.001076561', '0.008886004', '0.001936152', '0.003710964', '0.031895865', '0.002011674', '0.000987808', '0.001310221', '0.005668520', '0.001201405', '0.001451736', '0.022071443', '0.001924933', '0.009842124', '0.001262616', '0.000794287', '0.005229058', '0.015723832', '0.033791728', '0.028559456']]" "['0.129213750', '0.303691834', '0.271658301', '0.295436144']"
4 TND View1 0.257 0.367 0.847 0.166 0.403 0.102 nan 1120.0 1120.0 "['0.008557705', '0.006355670', '0.009009352', '0.008925846', '0.008071672', '0.004815604', '0.012374705', '0.007922932', '0.008859479', '0.006320367', '0.008418775', '0.007915040', '0.006320367', '0.009133014', '0.008557705', '0.008859479', '0.006273938', '0.008502382', '0.008453638', '0.005747877', '0.005562732', '0.007915040', '0.009133014', '0.008557705', '0.009413735', '0.010831536', '0.009413735', '0.012159108', '0.008418775', '0.005630457', '0.006003073', '0.031672217', '0.007495197', '0.008502382', '0.031672217', '0.006695489', '0.008502382', '0.007454290', '0.008925846', '0.031672217', '0.007915040', '0.008562120', '0.005562732', '0.011624199', '0.008573074', '0.008859479', '0.006247650', '0.008502382', '0.009421241', '0.008229546', '0.012374705', '0.008859479', '0.008444252', '0.023159156', '0.008573074', '0.008859479', '0.009390942', '0.008502382', '0.008502382', '0.009413735', '0.023250533', '0.008859479', '0.008557705', '0.014663725', '0.006247650', '0.009413735', '0.005630457', '0.009390942', '0.008557705', '0.008557705', '0.005630457', '0.008502382', '0.008557705', '0.008925846', '0.009413735', '0.006297417', '0.012134353', '0.009378851', '0.017326323', '0.006355670', '0.007188654', '0.007341040', '0.006297417', '0.009413735', '0.008205749', '0.006013935', '0.008557705', '0.024607303', '0.031672217', '0.009345689', '0.010831536', '0.005589876', '0.006297417', '0.006531585', '0.007915040', '0.008263818', '0.007915040', '0.007925566', '0.008557705', '0.031272840']" 
4 TND View2 0.109 0.176 0.441 0.077 0.198 0.008 nan 1120.0 1120.0 "['0.009463324', '0.008808870', '0.013676062', '0.009557323', '0.010779207', '0.010295358', '0.009880175', '0.012332289', '0.008960655', '0.010033316', '0.010012399', '0.010027450', '0.009667071', '0.013734840', '0.009768293', '0.012302457', '0.009633740', '0.010160423', '0.009188363', '0.009685952', '0.009391281', '0.009103808', '0.010087421', '0.009965184', '0.008541214', '0.013676062', '0.009996559', '0.008951250', '0.009729894', '0.008476411', '0.009479480', '0.010598889', '0.010193985', '0.011407496', '0.008380832', '0.009479480', '0.010628625', '0.008692381', '0.009128821', '0.009179759', '0.012454081', '0.009426958', '0.009066772', '0.009332089', '0.009066772', '0.011002924', '0.009140680', '0.011667577', '0.009633740', '0.013439090', '0.009355213', '0.008541214', '0.008951250', '0.009590568', '0.009929319', '0.009005101', '0.009213676', '0.009205835', '0.010678395', '0.013934263', '0.009404131', '0.010108166', '0.010857961', '0.008955016', '0.009258072', '0.009066772', '0.009557323', '0.010684866', '0.009205835', '0.008955016', '0.009314028', '0.009444150', '0.010416594', '0.010310651', '0.009198035', '0.009834930', '0.010288308', '0.009163857', '0.011773565', '0.009464425', '0.010193985', '0.009003284', '0.009110142', '0.012249768', '0.009213676', '0.009066772', '0.008861686', '0.009188363', '0.009906591', '0.008782667', '0.012190068', '0.009233373', '0.008627309', '0.010628625', '0.010857961', '0.009205835', '0.009066772', '0.008805081', '0.011178328', '0.013676062']" 
4 TND View3 0.138 0.214 0.550 0.100 0.228 0.007 nan 1120.0 1120.0 "['0.009919208', '0.010418825', '0.010630622', '0.007786466', '0.009833607', '0.009916839', '0.012092787', '0.009275506', '0.010630622', '0.013352478', '0.012011050', '0.009567091', '0.009546903', '0.009725448', '0.013420984', '0.009938486', '0.009567091', '0.009594996', '0.009423909', '0.009550246', '0.009860014', '0.009617300', '0.009578386', '0.009606887', '0.012548864', '0.010320220', '0.007723480', '0.010000722', '0.010010345', '0.009567733', '0.009590636', '0.009567091', '0.009785728', '0.009785728', '0.008547814', '0.009567091', '0.009642759', '0.010423163', '0.009295007', '0.010560521', '0.009423988', '0.009891671', '0.010476206', '0.011958392', '0.011563119', '0.008904526', '0.009617300', '0.007876015', '0.009384735', '0.009636269', '0.011883967', '0.009551219', '0.009916839', '0.008294828', '0.010338376', '0.009967798', '0.010454762', '0.010030722', '0.009562550', '0.009546903', '0.009574510', '0.009574510', '0.009296563', '0.009303235', '0.008850951', '0.009613798', '0.009309339', '0.010168021', '0.011848949', '0.011371830', '0.009606887', '0.008963172', '0.009578386', '0.011930373', '0.009306828', '0.006877164', '0.010629882', '0.009281374', '0.009351510', '0.012324277', '0.009532085', '0.008897823', '0.008547814', '0.013149402', '0.009645144', '0.011958392', '0.009643496', '0.009601471', '0.009546903', '0.007924294', '0.010010345', '0.009567091', '0.010320220', '0.010325075', '0.010730107', '0.008476884', '0.013595092', '0.010030722', '0.010730107', '0.010923181']" 
4 TND View4 0.094 0.186 0.418 0.072 0.229 0.005 nan 1120.0 1120.0 "['0.011103763', '0.010292968', '0.009230230', '0.009020172', '0.009032448', '0.009899003', '0.009872139', '0.008417954', '0.010823108', '0.011553739', '0.011583082', '0.012001523', '0.011288092', '0.008996285', '0.009899003', '0.011867558', '0.010031374', '0.010016105', '0.009630412', '0.009947311', '0.010302326', '0.010031374', '0.010164607', '0.011272970', '0.008980958', '0.011133359', '0.009468610', '0.008980958', '0.008472553', '0.009472636', '0.008417954', '0.009266117', '0.009916428', '0.009225109', '0.010255065', '0.008688466', '0.009847413', '0.009187212', '0.009053421', '0.009856594', '0.009032448', '0.010605530', '0.010055982', '0.009872139', '0.008813457', '0.010042352', '0.007815020', '0.011805648', '0.012100666', '0.009225109', '0.010031374', '0.011288092', '0.009924300', '0.009538414', '0.008417954', '0.009899003', '0.010120416', '0.011074266', '0.010743611', '0.010149961', '0.010030488', '0.010055982', '0.012077672', '0.012608574', '0.011694592', '0.009374082', '0.009497165', '0.009537397', '0.010034056', '0.010030488', '0.011192656', '0.008972177', '0.009997888', '0.010007462', '0.009035298', '0.009028948', '0.010030488', '0.010211054', '0.009122097', '0.009471027', '0.011356412', '0.009847413', '0.009020831', '0.011074266', '0.009574331', '0.010055982', '0.011336107', '0.009666005', '0.011717997', '0.009326635', '0.009225109', '0.009018860', '0.011205856', '0.009439467', '0.009035298', '0.009924300', '0.009064863', '0.012001523', '0.010010545', '0.009032448']" 
4 TND Concatenated 0.096 0.177 0.397 0.067 0.219 0.008 nan 1120.0 1120.0 "['0.008929749', '0.008258584', '0.009113883', '0.008125261', '0.009587582', '0.013231402', '0.010801362', '0.011307222', '0.009533650', '0.009410919', '0.012345785', '0.009221449', '0.009219455', '0.008874367', '0.009634372', '0.009323163', '0.009539483', '0.008811666', '0.011438927', '0.009682314', '0.009557814', '0.009192244', '0.008952679', '0.009655165', '0.009644726', '0.009513590', '0.011073045', '0.010040276', '0.012747390', '0.011587274', '0.010125212', '0.009641267', '0.012578860', '0.010686409', '0.011814327', '0.009594834', '0.008100559', '0.008811666', '0.009137472', '0.010503020', '0.009090728', '0.011551687', '0.009314300', '0.009229885', '0.011582504', '0.008760940', '0.012954870', '0.009051813', '0.010337740', '0.008755438', '0.009042024', '0.009562805', '0.012501843', '0.009265658', '0.011865290', '0.009436564', '0.009341200', '0.014100559', '0.010114410', '0.013394081', '0.009435137', '0.009801291', '0.009866093', '0.008142366', '0.012146201', '0.009160451', '0.009557814', '0.009605513', '0.008811666', '0.008811666', '0.009620598', '0.013303496', '0.009387670', '0.009135168', '0.011328082', '0.008575638', '0.008746248', '0.013385969', '0.009933864', '0.009730889', '0.009242753', '0.009141494', '0.009572789', '0.010095452', '0.009147543', '0.009967073', '0.009909705', '0.010112851', '0.008321271', '0.009562805', '0.009188252', '0.009594834', '0.009326742', '0.010855312', '0.009549151', '0.010777042', '0.010667001', '0.009156941', '0.009075409', '0.009647039']" 
4 TND Multiview 0.067 0.219 0.450 0.076 0.279 0.508 0.039 1120.0 1120.0 "[['0.001171433', '0.000977501', '0.001160559', '0.000877837', '0.002661264', '0.001113354', '0.022239486', '0.000981290', '0.000887515', '0.001245321', '0.001532970', '0.001048548', '0.001067977', '0.000840597', '0.001748576', '0.001263990', '0.001084884', '0.002583288', '0.000920153', '0.000923587', '0.001220455', '0.001234566', '0.001481878', '0.001311091', '0.001386277', '0.022242874', '0.001777529', '0.033575036', '0.001093623', '0.001068239', '0.001055620', '0.078391902', '0.000977352', '0.001882793', '0.079340309', '0.001250870', '0.003116056', '0.001293252', '0.001622406', '0.078421585', '0.001181442', '0.002396467', '0.001338740', '0.013963460', '0.002567010', '0.001299264', '0.000927934', '0.002463697', '0.000999264', '0.002161599', '0.027022563', '0.001236818', '0.000892580', '0.063685626', '0.000924778', '0.001357928', '0.002127585', '0.001460702', '0.001519051', '0.001457095', '0.063008934', '0.001028978', '0.001068693', '0.045389902', '0.001410456', '0.001005550', '0.001271199', '0.002586071', '0.002218414', '0.002335102', '0.001037595', '0.002286586', '0.000961813', '0.001486789', '0.001018889', '0.001088364', '0.037820108', '0.001421336', '0.052215844', '0.001017125', '0.001386632', '0.002163983', '0.001153446', '0.002300674', '0.001262328', '0.001727833', '0.001220522', '0.069008008', '0.081421800', '0.004941649', '0.029704733', '0.002075776', '0.002039113', '0.001656490', '0.002822585', '0.002302372', '0.001714434', '0.001079612', '0.000827161', '0.076455630'], ['0.007533687', '0.020280661', '0.013548229', '0.007740529', '0.011563517', '0.012617136', '0.002215191', '0.018247848', '0.004903597', '0.014141822', '0.013332549', '0.012681730', '0.010474048', '0.001855017', '0.012341990', '0.013199616', '0.007510873', '0.015820021', '0.012061872', '0.004478327', '0.008244303', '0.018377185', '0.010096419', '0.011136323', '0.015207494', '0.003163174', '0.012914799', '0.004395040', '0.006244135', '0.013608537', '0.013177159', '0.002132677', '0.008612256', '0.012433336', '0.001070916', '0.013962526', '0.009949798', '0.012884758', '0.015957573', '0.001333925', '0.012749439', '0.011365864', '0.012178407', '0.003965349', '0.019096637', '0.013871778', '0.020604603', '0.012441514', '0.008276973', '0.010086103', '0.002459777', '0.014715522', '0.024345800', '0.000894124', '0.003916142', '0.012969881', '0.022393005', '0.006355815', '0.004572523', '0.014640241', '0.001422390', '0.006308752', '0.004232780', '0.001876040', '0.011646600', '0.002680037', '0.012556923', '0.012505829', '0.014155227', '0.018334055', '0.004563787', '0.011135178', '0.021026155', '0.011935655', '0.004278465', '0.008502008', '0.001890974', '0.006555098', '0.001149085', '0.004270871', '0.010532856', '0.015132716', '0.003579379', '0.012111811', '0.011222382', '0.013514644', '0.006535328', '0.000609173', '0.000950054', '0.008695072', '0.004852345', '0.015743021', '0.007063842', '0.013321124', '0.010795642', '0.013714747', '0.016768608', '0.004397767', '0.025510741', '0.000572766'], ['0.019736860', '0.006517385', '0.007238941', '0.002060222', '0.008934804', '0.009210893', '0.015845211', '0.009154689', '0.001300003', '0.009892158', '0.005383950', '0.008701256', '0.012225010', '0.031972904', '0.009268457', '0.006602334', '0.023861788', '0.011996657', '0.002737172', '0.027171852', '0.019670393', '0.004981627', '0.011958727', '0.007717297', '0.005720022', '0.008103498', '0.007414751', '0.001510268', '0.004072862', '0.005915351', '0.009288810', '0.001458475', '0.001661127', '0.003360432', '0.001975168', '0.005803281', '0.015401845', '0.004802013', '0.007487953', '0.002345033', '0.004903310', '0.012823807', '0.011485666', '0.001836646', '0.006301254', '0.006453960', '0.007315226', '0.008108324', '0.005410135', '0.011473063', '0.015255417', '0.008651804', '0.003741525', '0.001646961', '0.002642611', '0.005182800', '0.010642747', '0.004863182', '0.033628691', '0.002687261', '0.001053977', '0.026853301', '0.032443307', '0.003147234', '0.002823106', '0.034808096', '0.008541753', '0.014453566', '0.006787377', '0.002172029', '0.031794768', '0.016579656', '0.002831425', '0.006540407', '0.027849002', '0.022838293', '0.002327827', '0.030094001', '0.003255395', '0.005893270', '0.010413674', '0.004625095', '0.035316855', '0.005315206', '0.011165737', '0.003890621', '0.017287526', '0.001073600', '0.000599873', '0.005757712', '0.000885307', '0.002383770', '0.019424131', '0.001631323', '0.017438887', '0.011683705', '0.002680978', '0.036907993', '0.001452238', '0.001462095'], ['0.008102725', '0.008445034', '0.011574772', '0.026733218', '0.009233695', '0.011063079', '0.006665167', '0.007211916', '0.030006800', '0.008021235', '0.012174757', '0.012931614', '0.012989352', '0.005547558', '0.012647537', '0.012624376', '0.005950223', '0.004532051', '0.021759860', '0.007799783', '0.006481007', '0.007774994', '0.008876720', '0.012894778', '0.011745105', '0.008175314', '0.009750532', '0.002494394', '0.022109328', '0.014524402', '0.011977323', '0.000790722', '0.024549434', '0.017879454', '0.000829347', '0.011229827', '0.005950656', '0.013008298', '0.007691772', '0.000849219', '0.017487852', '0.008059579', '0.008005836', '0.021436298', '0.004996489', '0.015221789', '0.006864843', '0.011525460', '0.021344220', '0.013205773', '0.001104138', '0.011545488', '0.007834294', '0.000878360', '0.029265564', '0.014282350', '0.001853815', '0.024064053', '0.002869763', '0.014872111', '0.002136146', '0.005361508', '0.001241003', '0.000650564', '0.020531917', '0.003944633', '0.011422342', '0.003597698', '0.015574140', '0.008204232', '0.003031877', '0.008536692', '0.010551915', '0.015198371', '0.006986824', '0.006193235', '0.001490303', '0.001817275', '0.000844274', '0.023884241', '0.011043298', '0.008761052', '0.000922952', '0.018562961', '0.011570135', '0.014672955', '0.012012769', '0.000487588', '0.000440066', '0.017016232', '0.002380499', '0.018804396', '0.005193680', '0.018161407', '0.001354483', '0.006991456', '0.013778005', '0.000683588', '0.010687971', '0.002959793']]" "['0.150434554', '0.298427850', '0.237907007', '0.313230544']"
4 TND_inv View1 0.252 0.365 0.830 0.162 0.406 0.111 nan 1120.0 1120.0 "['0.008367556', '0.006608868', '0.007439373', '0.008241843', '0.008839218', '0.006176666', '0.016652649', '0.007043414', '0.007370510', '0.006599403', '0.008407244', '0.007041037', '0.006599403', '0.007504813', '0.008367556', '0.007370510', '0.006586949', '0.008342950', '0.007214473', '0.006444440', '0.006393268', '0.007041037', '0.007504813', '0.008367556', '0.007755046', '0.014477402', '0.007755046', '0.016375361', '0.008407244', '0.006412070', '0.006513980', '0.029088533', '0.006918821', '0.008342950', '0.029088533', '0.006699930', '0.008342950', '0.006907286', '0.008241843', '0.029088533', '0.007041037', '0.008369104', '0.006393268', '0.015653303', '0.008346043', '0.007370510', '0.006579893', '0.008342950', '0.007773557', '0.008457330', '0.016652649', '0.007370510', '0.008408115', '0.025350444', '0.008346043', '0.007370510', '0.007715024', '0.008342950', '0.008342950', '0.007755046', '0.025399407', '0.007370510', '0.008367556', '0.019216232', '0.006579893', '0.007755046', '0.006412070', '0.007715024', '0.008367556', '0.008367556', '0.006412070', '0.008342950', '0.008367556', '0.008241843', '0.007755046', '0.006593247', '0.016343042', '0.007968349', '0.021570105', '0.006608868', '0.006833511', '0.006875610', '0.006593247', '0.007755046', '0.008462032', '0.006516921', '0.008367556', '0.026098384', '0.029088533', '0.011721771', '0.014477402', '0.006400814', '0.006593247', '0.006655993', '0.007041037', '0.008447719', '0.007041037', '0.007044210', '0.008367556', '0.028942168']" 
4 TND_inv View2 0.109 0.176 0.441 0.077 0.198 0.008 nan 1120.0 1120.0 "['0.009462404', '0.008807252', '0.013661563', '0.009553585', '0.010778174', '0.010296023', '0.009875909', '0.012403937', '0.008953404', '0.010035991', '0.010014513', '0.010029987', '0.009665123', '0.013718737', '0.009764397', '0.012375410', '0.009633030', '0.010162894', '0.009184483', '0.009683006', '0.009391145', '0.009091287', '0.010090684', '0.009965438', '0.008515997', '0.013661563', '0.009998132', '0.008944619', '0.009726094', '0.008468854', '0.009476547', '0.010607221', '0.010195869', '0.011409002', '0.008395965', '0.009476547', '0.010637742', '0.008682061', '0.009120087', '0.009175622', '0.012518120', '0.009430320', '0.009051085', '0.009318631', '0.009051085', '0.010982582', '0.009133539', '0.011711328', '0.009633030', '0.013432972', '0.009345234', '0.008515997', '0.008944619', '0.009588506', '0.009927775', '0.008993767', '0.009210069', '0.009202206', '0.010685954', '0.013913899', '0.009406587', '0.010111344', '0.010849575', '0.008948146', '0.009253061', '0.009051085', '0.009553585', '0.010692007', '0.009202206', '0.008948146', '0.009301182', '0.009445894', '0.010417125', '0.010311221', '0.009194331', '0.009834074', '0.010289023', '0.009158908', '0.011827565', '0.009463352', '0.010195869', '0.008992144', '0.009098560', '0.012324325', '0.009210069', '0.009051085', '0.008858619', '0.009184483', '0.009903809', '0.008780925', '0.012265228', '0.009229566', '0.008604776', '0.010637742', '0.010849575', '0.009202206', '0.009051085', '0.008803496', '0.011155487', '0.013661563']" 
4 TND_inv View3 0.138 0.215 0.548 0.100 0.230 0.008 nan 1120.0 1120.0 "['0.009985114', '0.011146711', '0.010270729', '0.008401484', '0.009810162', '0.009938990', '0.012513365', '0.009485609', '0.010270729', '0.013288958', '0.012467584', '0.009049135', '0.009289284', '0.009747420', '0.013339152', '0.009993364', '0.009049135', '0.009070817', '0.009351024', '0.009037770', '0.009675195', '0.009093473', '0.009057361', '0.009081980', '0.012769591', '0.010714577', '0.008367044', '0.010014138', '0.009891979', '0.009277055', '0.009260404', '0.009049135', '0.009708391', '0.009708391', '0.008600492', '0.009049135', '0.009184706', '0.011154128', '0.009446430', '0.010403914', '0.009564894', '0.009960454', '0.011238482', '0.012437876', '0.012205685', '0.008715860', '0.009093473', '0.008442413', '0.008945527', '0.009123411', '0.012395510', '0.009038404', '0.009938990', '0.008547080', '0.010671368', '0.009920414', '0.010514284', '0.010022858', '0.009045980', '0.009289284', '0.009272554', '0.009272554', '0.009444950', '0.009438899', '0.008694719', '0.009089377', '0.009521802', '0.010059753', '0.012375400', '0.012084705', '0.009081980', '0.008740707', '0.009057361', '0.012421983', '0.009435783', '0.007507083', '0.010267046', '0.009462124', '0.009400041', '0.012642291', '0.009026330', '0.008713133', '0.008600492', '0.013145799', '0.009167919', '0.012437876', '0.009145856', '0.009076690', '0.009289284', '0.008460780', '0.009891979', '0.009049135', '0.010714577', '0.010936721', '0.011559660', '0.008583599', '0.013470897', '0.010022858', '0.011559660', '0.011749361']" 
4 TND_inv View4 0.094 0.186 0.418 0.072 0.229 0.005 nan 1120.0 1120.0 "['0.010858515', '0.010303404', '0.009229283', '0.009095897', '0.009129957', '0.009688701', '0.009683450', '0.008604548', '0.010780860', '0.011928556', '0.011972412', '0.012212292', '0.011222542', '0.009014748', '0.009688701', '0.012177816', '0.009988086', '0.009934301', '0.009685491', '0.009717360', '0.010303678', '0.009988086', '0.010266327', '0.011180460', '0.008953338', '0.010894714', '0.009401371', '0.008953338', '0.008595189', '0.009416224', '0.008604548', '0.009208460', '0.009696072', '0.009232045', '0.010302586', '0.008553962', '0.009684672', '0.009248631', '0.009176616', '0.009683581', '0.009129957', '0.010625544', '0.010065719', '0.009683450', '0.008569976', '0.010024181', '0.008303163', '0.012154010', '0.012229939', '0.009232045', '0.009988086', '0.011222542', '0.009700490', '0.009584631', '0.008604548', '0.009688701', '0.010211069', '0.010830027', '0.010771994', '0.010251503', '0.009985076', '0.010065719', '0.012226161', '0.012329995', '0.012088680', '0.009192281', '0.009498551', '0.009583115', '0.009997119', '0.009985076', '0.010992419', '0.008915937', '0.009865745', '0.009902257', '0.009137134', '0.009120776', '0.009985076', '0.010294554', '0.009249298', '0.009410302', '0.011430312', '0.009684672', '0.009097859', '0.010830027', '0.009629207', '0.010065719', '0.011366510', '0.009714789', '0.012105611', '0.009181911', '0.009232045', '0.009091948', '0.011018950', '0.009302624', '0.009137134', '0.009700490', '0.009196455', '0.012212292', '0.009913809', '0.009129957']" 
4 TND_inv Concatenated 0.095 0.177 0.397 0.067 0.219 0.008 nan 1120.0 1120.0 "['0.008905051', '0.008567456', '0.009093376', '0.008282011', '0.009590370', '0.012850644', '0.010901836', '0.011488706', '0.009540508', '0.009411846', '0.012268349', '0.009287625', '0.009285310', '0.008863663', '0.009637382', '0.009366876', '0.009545519', '0.008820640', '0.011611492', '0.009690000', '0.009562198', '0.009247424', '0.008923152', '0.009659181', '0.009648131', '0.009524767', '0.011252691', '0.009998045', '0.012514851', '0.011741520', '0.010064619', '0.009644523', '0.012410724', '0.010715092', '0.011920416', '0.009597419', '0.007351921', '0.008820640', '0.009136229', '0.010473408', '0.009058834', '0.011711225', '0.009362076', '0.009296902', '0.011737492', '0.008788904', '0.012648437', '0.009012440', '0.010296603', '0.008785627', '0.009002292', '0.009566857', '0.012363645', '0.009329546', '0.011957283', '0.009431186', '0.009375930', '0.013991715', '0.010055031', '0.012994162', '0.009429932', '0.009884017', '0.009907856', '0.008459390', '0.012144582', '0.009184614', '0.009562198', '0.009607984', '0.008820640', '0.008820640', '0.009623244', '0.012911346', '0.009398395', '0.009131685', '0.011508561', '0.008693896', '0.008780221', '0.012986419', '0.009937494', '0.009746651', '0.009309725', '0.009144328', '0.009576254', '0.010039029', '0.009156863', '0.009954265', '0.009926277', '0.010053676', '0.008592811', '0.009566857', '0.009240624', '0.009597419', '0.009368741', '0.010982617', '0.009554199', '0.010863550', '0.010684454', '0.009176996', '0.009039180', '0.009650554']" 
4 TND_inv Multiview 0.066 0.219 0.450 0.076 0.279 0.555 0.040 1120.0 1120.0 "[['0.001027867', '0.000925024', '0.001089191', '0.000808516', '0.002602609', '0.001078296', '0.023040788', '0.000934958', '0.000831367', '0.001184191', '0.001421649', '0.000985733', '0.001007982', '0.000798317', '0.001632195', '0.001170136', '0.001030119', '0.002475427', '0.000863006', '0.000885813', '0.001175791', '0.001183741', '0.001408662', '0.001205521', '0.001261313', '0.023427574', '0.001677778', '0.034364365', '0.001020061', '0.001015608', '0.001005937', '0.078429356', '0.000917321', '0.001716409', '0.079415590', '0.001197216', '0.003066917', '0.001236998', '0.001527332', '0.078530096', '0.001084665', '0.002312504', '0.001281822', '0.014060817', '0.002490815', '0.001153980', '0.000884202', '0.002331835', '0.000887085', '0.002090536', '0.028012201', '0.001108682', '0.000806408', '0.063552320', '0.000852096', '0.001236888', '0.001920997', '0.001363344', '0.001431127', '0.001332139', '0.063025184', '0.000947797', '0.000995288', '0.046182990', '0.001320093', '0.000910962', '0.001202456', '0.002461912', '0.002109048', '0.002253406', '0.000983482', '0.002196967', '0.000900528', '0.001346780', '0.000944522', '0.001017114', '0.038501643', '0.001311639', '0.052555870', '0.000969018', '0.001323147', '0.002091006', '0.001095070', '0.002166452', '0.001079425', '0.001554124', '0.001118878', '0.068629973', '0.081346169', '0.005049354', '0.031425118', '0.001871180', '0.001983492', '0.001502195', '0.002728565', '0.002193923', '0.001522407', '0.000993781', '0.000770636', '0.076647155'], ['0.007411596', '0.020874348', '0.013886590', '0.007332441', '0.011625386', '0.012802602', '0.001993723', '0.018539924', '0.004316853', '0.014250308', '0.013716540', '0.012922551', '0.010551192', '0.001451872', '0.012600384', '0.013494858', '0.006870891', '0.016482107', '0.012160291', '0.003760876', '0.007940739', '0.018931098', '0.010144201', '0.011368916', '0.015732657', '0.002638175', '0.013027494', '0.003901609', '0.005599834', '0.013950456', '0.013295954', '0.002038150', '0.008255434', '0.012648082', '0.000998207', '0.014312814', '0.009773007', '0.013019945', '0.016446741', '0.001261334', '0.013147687', '0.011401119', '0.012248781', '0.003509611', '0.020319605', '0.014326303', '0.021154523', '0.012710153', '0.007897911', '0.009948098', '0.002130781', '0.015163236', '0.025997978', '0.000825699', '0.003231139', '0.013146588', '0.022717051', '0.005959771', '0.003999738', '0.014885643', '0.001334204', '0.005686993', '0.003698732', '0.001434430', '0.011892921', '0.002182552', '0.012809186', '0.012538696', '0.014591178', '0.018984385', '0.003948266', '0.011062449', '0.021689784', '0.012292154', '0.003599354', '0.008273258', '0.001568933', '0.005895766', '0.001051207', '0.003758260', '0.010502848', '0.015612043', '0.003116601', '0.012448234', '0.011354649', '0.013877340', '0.005849847', '0.000573117', '0.000916229', '0.007845334', '0.004134962', '0.016200293', '0.006717278', '0.013443300', '0.010710817', '0.013842831', '0.017240252', '0.003730098', '0.025993519', '0.000546126'], ['0.020335600', '0.005916109', '0.006518473', '0.001603122', '0.009297591', '0.008820842', '0.015595877', '0.008951436', '0.001079440', '0.009857045', '0.004616049', '0.007917922', '0.012058055', '0.033540085', '0.008758972', '0.005794684', '0.025389025', '0.012214708', '0.001961197', '0.029005751', '0.020693673', '0.004599294', '0.012083583', '0.007115319', '0.004662354', '0.007733020', '0.007144068', '0.001328123', '0.003474232', '0.004811508', '0.009161461', '0.001389038', '0.001351337', '0.002674278', '0.001923254', '0.005397411', '0.016248738', '0.004330374', '0.007190485', '0.002288070', '0.004035287', '0.013212850', '0.011731304', '0.001653430', '0.005580383', '0.005538227', '0.006990451', '0.007691739', '0.004608252', '0.011823926', '0.014891319', '0.008027541', '0.003062221', '0.001560005', '0.002060533', '0.004449758', '0.010897671', '0.004411864', '0.035244312', '0.002209387', '0.000987781', '0.028761363', '0.033871457', '0.002868154', '0.002345837', '0.036631059', '0.007994562', '0.015245190', '0.006168962', '0.001980553', '0.033727191', '0.017188543', '0.002287672', '0.005827653', '0.029668070', '0.024072912', '0.002016665', '0.031735659', '0.003007398', '0.005530221', '0.010409277', '0.004244918', '0.036633834', '0.004758173', '0.011191237', '0.003020274', '0.018453833', '0.001023977', '0.000544344', '0.005245552', '0.000819294', '0.001906741', '0.020637974', '0.001414124', '0.017951518', '0.012203967', '0.002159667', '0.038365841', '0.001170800', '0.001415622'], ['0.007875835', '0.008450253', '0.011905790', '0.027597761', '0.008827575', '0.011230292', '0.006178547', '0.007148678', '0.030824369', '0.007986779', '0.012525212', '0.013427960', '0.013102085', '0.004974853', '0.012910877', '0.013083178', '0.005451385', '0.003812360', '0.022400666', '0.007169715', '0.006007263', '0.007608401', '0.008769390', '0.013242893', '0.012209089', '0.007555774', '0.009914408', '0.002036001', '0.023335213', '0.015216069', '0.011992148', '0.000743269', '0.025204424', '0.018382953', '0.000782142', '0.011256387', '0.005428582', '0.013297189', '0.007548325', '0.000807678', '0.017901458', '0.007746189', '0.007765322', '0.021733511', '0.004380266', '0.015662426', '0.006679141', '0.011682101', '0.022536611', '0.013043170', '0.000965909', '0.011734224', '0.006968779', '0.000802678', '0.030564379', '0.014824319', '0.001555370', '0.024944179', '0.002460324', '0.015112104', '0.001985192', '0.004591281', '0.001009849', '0.000594177', '0.020705029', '0.003314760', '0.011682340', '0.002991859', '0.015729424', '0.007748912', '0.002371723', '0.008176321', '0.010444610', '0.015551978', '0.006335398', '0.005542914', '0.001223788', '0.001466019', '0.000744133', '0.024751792', '0.011091605', '0.008652925', '0.000786553', '0.018741412', '0.011527782', '0.015197464', '0.011747287', '0.000437148', '0.000409197', '0.017833943', '0.001976350', '0.018886499', '0.004583044', '0.018297788', '0.001207856', '0.006480073', '0.013891808', '0.000608306', '0.010535581', '0.002861701']]" "['0.149841473', '0.299408525', '0.235320508', '0.315429509']"
4 DIS View1 0.290 0.338 1.000 0.194 0.285 0.172 nan 1120.0 11201.0 "['0.016643034', '0.004826787', '0.003848625', '0.016050488', '0.005126182', '0.005179943', '0.014632593', '0.004538881', '0.004373699', '0.004826568', '0.016135152', '0.003899562', '0.004826568', '0.012124408', '0.016717220', '0.004373699', '0.004841283', '0.017568886', '0.005330004', '0.005181963', '0.005189589', '0.003899562', '0.012124408', '0.016717220', '0.011525529', '0.014665217', '0.011525529', '0.014670940', '0.016135152', '0.005186835', '0.005192954', '0.006080730', '0.007377169', '0.017568886', '0.006080730', '0.004817002', '0.017568886', '0.005032363', '0.016050488', '0.006080730', '0.003899562', '0.017302001', '0.005189589', '0.027423415', '0.004136831', '0.004373699', '0.004285294', '0.017568886', '0.011366768', '0.004189806', '0.014632593', '0.004373699', '0.017054854', '0.026901647', '0.004136831', '0.004373699', '0.011171831', '0.017568886', '0.017568886', '0.011525529', '0.007695747', '0.004373699', '0.016717220', '0.007477772', '0.004285294', '0.011525529', '0.005186835', '0.011171831', '0.016717220', '0.016717220', '0.005186835', '0.017568886', '0.016717220', '0.016050488', '0.011525529', '0.005073105', '0.014654296', '0.014940214', '0.016408546', '0.004826787', '0.004079133', '0.006598770', '0.005073105', '0.011525529', '0.016891878', '0.005206507', '0.016643034', '0.006958437', '0.006080730', '0.006059479', '0.014665217', '0.005053587', '0.005073105', '0.004824015', '0.003899562', '0.017113792', '0.003899562', '0.008125702', '0.016717220', '0.007111650']" 
4 DIS View2 0.134 0.160 0.565 0.087 0.148 0.492 nan 1120.0 11201.0 "['0.016653074', '0.015846889', '0.001967784', '0.001620202', '0.018693132', '0.022376670', '0.002098967', '0.002116505', '0.016306795', '0.019277262', '0.002052833', '0.001703571', '0.017266188', '0.001967967', '0.001972744', '0.001812490', '0.017144805', '0.018507127', '0.016634488', '0.001466608', '0.001821164', '0.014898908', '0.002140961', '0.001539220', '0.002100826', '0.001967784', '0.018477000', '0.001763331', '0.001888610', '0.001756864', '0.017106729', '0.001704611', '0.020217126', '0.024569690', '0.001895037', '0.017106729', '0.002111794', '0.012015807', '0.016632920', '0.016683666', '0.002177734', '0.009907601', '0.016172290', '0.001901916', '0.016172290', '0.001830337', '0.015822204', '0.002092135', '0.017144805', '0.002131225', '0.003863168', '0.002100826', '0.001763331', '0.017199818', '0.018296523', '0.016397392', '0.016709970', '0.016711054', '0.002038012', '0.002157635', '0.016777156', '0.002663591', '0.018669585', '0.016438734', '0.001905280', '0.016172290', '0.001620202', '0.002032290', '0.016711054', '0.016438734', '0.016759763', '0.017089671', '0.019775461', '0.001736142', '0.001905356', '0.002046546', '0.019572170', '0.016595189', '0.001974333', '0.001946434', '0.020217126', '0.016357880', '0.016579041', '0.002148567', '0.016699936', '0.016172290', '0.001333875', '0.016634488', '0.017733060', '0.015835147', '0.002153389', '0.016646475', '0.015298139', '0.002107387', '0.018669585', '0.016711054', '0.016285667', '0.001096402', '0.002047575', '0.001967784']" 
4 DIS View3 0.146 0.193 0.636 0.102 0.186 0.547 nan 1120.0 11201.0 "['0.016252330', '0.001678596', '0.016370941', '0.002134979', '0.028233273', '0.001550451', '0.001849656', '0.003971417', '0.016370941', '0.054006301', '0.001920351', '0.014943814', '0.015433103', '0.002126566', '0.053091895', '0.016325483', '0.014865157', '0.002137647', '0.015230332', '0.014836537', '0.015680954', '0.014834409', '0.014616313', '0.002270294', '0.001544059', '0.027278768', '0.002257375', '0.016219776', '0.016079985', '0.015320163', '0.001141930', '0.014943814', '0.015714413', '0.015714413', '0.002272179', '0.014943814', '0.015135925', '0.002279482', '0.015456909', '0.001969891', '0.015539960', '0.002282552', '0.002471583', '0.002233310', '0.002286242', '0.003694543', '0.014834409', '0.002117314', '0.014317261', '0.014949159', '0.002205720', '0.014626648', '0.001550451', '0.002262152', '0.002194627', '0.016123371', '0.002204116', '0.016185641', '0.002036046', '0.015433103', '0.014883434', '0.014883434', '0.002274013', '0.002188161', '0.002014069', '0.014773057', '0.002009852', '0.001423654', '0.002269404', '0.002292229', '0.014926037', '0.002153833', '0.014616313', '0.002205936', '0.002239274', '0.002261782', '0.002164328', '0.001735368', '0.015632363', '0.002206089', '0.014853788', '0.002011156', '0.002272179', '0.005313761', '0.015094114', '0.002233310', '0.001930995', '0.014968876', '0.015433103', '0.001518102', '0.016079985', '0.014943814', '0.027278768', '0.002278094', '0.002060461', '0.001520728', '0.051995501', '0.016185641', '0.002060461', '0.002261622']" 
4 DIS View4 0.112 0.176 0.516 0.074 0.216 1.232 nan 1120.0 11201.0 "['0.027841568', '0.027327655', '0.000398500', '0.000380294', '0.002638161', '0.026608557', '0.007483946', '0.000390190', '0.000382971', '0.026851136', '0.027998498', '0.026725426', '0.000381155', '0.002154792', '0.026608557', '0.000379116', '0.007247319', '0.026238890', '0.010324140', '0.011603699', '0.000377898', '0.007120890', '0.000377055', '0.000374036', '0.000380033', '0.000386381', '0.000405119', '0.000380033', '0.000389699', '0.006375891', '0.000390190', '0.004860410', '0.007741422', '0.004657481', '0.026316211', '0.000383371', '0.007240025', '0.000380357', '0.000379977', '0.000377978', '0.002638161', '0.000380677', '0.005121428', '0.007483946', '0.000403033', '0.000380815', '0.000432658', '0.027568279', '0.000371644', '0.030802857', '0.007120890', '0.000381155', '0.026635593', '0.000380097', '0.000390190', '0.026608557', '0.000380736', '0.041141961', '0.000395613', '0.023778033', '0.027127152', '0.005121428', '0.027089588', '0.000372574', '0.026952591', '0.000392249', '0.006503192', '0.000382449', '0.000376152', '0.027127152', '0.000399026', '0.000392791', '0.026835969', '0.026816640', '0.003104158', '0.003075907', '0.027127152', '0.010667695', '0.004948749', '0.026301716', '0.027920544', '0.007240025', '0.000379811', '0.041141961', '0.000379980', '0.005121428', '0.000373330', '0.000379494', '0.026825465', '0.004769636', '0.004657481', '0.003148434', '0.000378993', '0.026184861', '0.003104158', '0.026635593', '0.000379973', '0.026725426', '0.008445574', '0.002638161']" 
4 DIS Concatenated 0.118 0.163 0.508 0.072 0.185 0.546 nan 1120.0 11201.0 "['0.001732490', '0.001702766', '0.010979009', '0.001730087', '0.001627464', '0.001458980', '0.019972136', '0.001895213', '0.007630512', '0.018309142', '0.001503571', '0.016800143', '0.005360670', '0.016471965', '0.001670395', '0.001934642', '0.018195366', '0.016046643', '0.001904527', '0.001571785', '0.001627431', '0.017018285', '0.002545978', '0.018755756', '0.001627620', '0.001721478', '0.019595774', '0.001940383', '0.001726929', '0.019899281', '0.019593457', '0.003860747', '0.001808036', '0.019701941', '0.017675497', '0.019042706', '0.001929968', '0.016046643', '0.017746547', '0.019910084', '0.009194593', '0.020469058', '0.007417405', '0.011690855', '0.019678621', '0.016073069', '0.001075709', '0.017658314', '0.001692639', '0.002504549', '0.017567605', '0.001627063', '0.001800496', '0.001538103', '0.001464290', '0.018641077', '0.001849044', '0.001728501', '0.001650707', '0.021786962', '0.001910896', '0.016910682', '0.001538399', '0.001534334', '0.002063992', '0.018025123', '0.001627431', '0.018484080', '0.016046643', '0.016046643', '0.019049799', '0.021661669', '0.001259182', '0.017597867', '0.001881674', '0.001025847', '0.002506348', '0.001801310', '0.018658498', '0.019508608', '0.018457724', '0.001625077', '0.018850625', '0.001689373', '0.014128053', '0.001869772', '0.001628881', '0.019321535', '0.001940911', '0.017704036', '0.016592685', '0.019042706', '0.001817360', '0.019393580', '0.019039685', '0.019959142', '0.019870482', '0.001823104', '0.017860014', '0.018865572']" 
4 DIS Multiview 0.121 0.181 0.512 0.077 0.225 0.377 0.169 1120.0 11201.0 "[['0.017357863', '0.003931968', '0.003018581', '0.016899146', '0.003888303', '0.004052451', '0.018013891', '0.003826627', '0.004536520', '0.003905379', '0.016404152', '0.003341789', '0.003914500', '0.015371478', '0.017382942', '0.005025435', '0.003937996', '0.017076459', '0.004016899', '0.004014563', '0.004028983', '0.003278380', '0.015433116', '0.017228950', '0.014364641', '0.017882504', '0.014318096', '0.017876578', '0.016431954', '0.004023156', '0.004023304', '0.004059155', '0.012452036', '0.017231824', '0.004044676', '0.003896840', '0.017455636', '0.003961266', '0.016778503', '0.004037307', '0.003406229', '0.017143831', '0.004020695', '0.012658926', '0.003109987', '0.005127180', '0.003775826', '0.017334601', '0.014142931', '0.003440087', '0.017872890', '0.005471299', '0.017091928', '0.015957905', '0.003157630', '0.005354197', '0.014824440', '0.017347448', '0.017387141', '0.014643169', '0.003966105', '0.004574105', '0.017320858', '0.003850488', '0.003749241', '0.014398144', '0.004022999', '0.014708031', '0.017500993', '0.017207945', '0.004014090', '0.017482441', '0.017200144', '0.017070651', '0.014350171', '0.003979646', '0.017994937', '0.016696112', '0.017890641', '0.003915531', '0.003618041', '0.011925178', '0.003969984', '0.014864751', '0.016915763', '0.004030228', '0.017159892', '0.003986664', '0.004050583', '0.003872205', '0.017848862', '0.003995935', '0.003970520', '0.003926034', '0.003353283', '0.017265357', '0.003326750', '0.012748931', '0.017289616', '0.003995997'], ['0.016244108', '0.003034518', '0.019045671', '0.017321106', '0.002846101', '0.002102506', '0.017025102', '0.020116052', '0.001179426', '0.002311228', '0.002997669', '0.002389440', '0.001869705', '0.010673825', '0.020077901', '0.018725310', '0.018021233', '0.002928731', '0.002101097', '0.019614836', '0.017838577', '0.003009202', '0.002865338', '0.002679585', '0.002548755', '0.002534943', '0.015175329', '0.005147146', '0.003034711', '0.015967872', '0.019707121', '0.017732546', '0.016770912', '0.019742751', '0.002863798', '0.003048233', '0.017193805', '0.016214125', '0.017755829', '0.002952697', '0.014388125', '0.002129804', '0.002508229', '0.019426713', '0.002192325', '0.002174408', '0.003033789', '0.001698676', '0.001928627', '0.003074649', '0.001872653', '0.018623471', '0.003000892', '0.016504260', '0.002878263', '0.014514146', '0.020193571', '0.020085504', '0.019703133', '0.019176288', '0.020540114', '0.002056228', '0.006997981', '0.002789451', '0.001565594', '0.002968595', '0.013141530', '0.019472385', '0.017929252', '0.006627860', '0.009776165', '0.020469669', '0.003026986', '0.014159082', '0.014227642', '0.002858863', '0.017322695', '0.012843853', '0.002967273', '0.002232932', '0.016922103', '0.018001612', '0.002883076', '0.010332778', '0.009742703', '0.019014152', '0.003022633', '0.002951882', '0.017465711', '0.002720887', '0.013486176', '0.019515587', '0.002862818', '0.017822919', '0.012924244', '0.015861636', '0.017487792', '0.002589703', '0.003010597', '0.002890470'], ['0.003145211', '0.017903786', '0.015078616', '0.020853268', '0.002983653', '0.003073535', '0.001882690', '0.003016633', '0.003132502', '0.002882989', '0.011900847', '0.020060901', '0.003090180', '0.002799716', '0.002710112', '0.014774370', '0.002971251', '0.000958196', '0.019689610', '0.003163210', '0.003140093', '0.002822262', '0.020176528', '0.019413734', '0.003195022', '0.020756815', '0.002671284', '0.003171138', '0.017294062', '0.020434644', '0.020871552', '0.019138526', '0.003091715', '0.003029593', '0.002831507', '0.002969034', '0.020503996', '0.002972676', '0.001823419', '0.002112592', '0.019768797', '0.020526564', '0.016792394', '0.018547051', '0.002632348', '0.020007683', '0.020688595', '0.017631875', '0.020229328', '0.020474052', '0.002958419', '0.021037903', '0.017340271', '0.020872662', '0.017321806', '0.017778574', '0.020989293', '0.020279692', '0.002390943', '0.003181947', '0.018726053', '0.003087061', '0.003038872', '0.007057408', '0.002650053', '0.002277168', '0.003026423', '0.017651627', '0.021096867', '0.003141466', '0.002562459', '0.013175189', '0.008026660', '0.016124299', '0.002786953', '0.001995106', '0.003098080', '0.003107071', '0.001285112', '0.017085180', '0.019513842', '0.003050906', '0.002107138', '0.018749127', '0.001620792', '0.017899549', '0.003069820', '0.019435380', '0.020242143', '0.019804021', '0.003176511', '0.002903203', '0.002902161', '0.003177033', '0.017333619', '0.003094234', '0.003086757', '0.003176453', '0.003020939', '0.011695668'], ['0.018718727', '0.017525893', '0.017339801', '0.002848819', '0.017587710', '0.018764654', '0.020544939', '0.015985895', '0.002801523', '0.002344411', '0.002974912', '0.005426395', '0.006505579', '0.013039690', '0.018402103', '0.002436246', '0.020443844', '0.003058847', '0.002954361', '0.004121320', '0.016696725', '0.003043792', '0.015797533', '0.003003747', '0.020244012', '0.020560581', '0.002713319', '0.002818398', '0.003051539', '0.002567914', '0.016623721', '0.019503418', '0.002938043', '0.003065313', '0.018630804', '0.003055882', '0.016751321', '0.002622898', '0.002714714', '0.002604393', '0.015776588', '0.002315824', '0.001748081', '0.002761645', '0.002788181', '0.017923037', '0.015853208', '0.020475337', '0.002883602', '0.017356224', '0.002689497', '0.019278111', '0.002946244', '0.014691371', '0.002628421', '0.014274278', '0.017608657', '0.002840593', '0.018793406', '0.012641635', '0.018389707', '0.002739253', '0.017026674', '0.003071145', '0.006484673', '0.012843296', '0.019558724', '0.012020160', '0.010731216', '0.002539790', '0.000977259', '0.016671693', '0.001778694', '0.016582001', '0.002830846', '0.019614730', '0.017480157', '0.016214434', '0.015326775', '0.003002237', '0.003003577', '0.011416523', '0.003019670', '0.011736362', '0.020418817', '0.010020579', '0.002928614', '0.002585651', '0.018215472', '0.002536666', '0.016477387', '0.017950265', '0.003007799', '0.009477843', '0.002917897', '0.002615972', '0.002476301', '0.003933933', '0.020244485', '0.018025050']]" "['0.066792488', '0.332765847', '0.274491400', '0.325950325']"
4 DIS_inv View1 0.292 0.355 1.058 0.196 0.317 0.012 nan 1120.0 11201.0 "['0.010565903', '0.008532869', '0.009293864', '0.010316705', '0.008978019', '0.007180951', '0.014418810', '0.008882190', '0.009394878', '0.008532618', '0.010299595', '0.009121581', '0.008532618', '0.009715878', '0.010592042', '0.009394878', '0.008517483', '0.010939671', '0.008065243', '0.007970429', '0.007797691', '0.009121581', '0.009715878', '0.010592042', '0.009692552', '0.014321267', '0.009692552', '0.014374464', '0.010299595', '0.007874222', '0.008017098', '0.011006961', '0.009364786', '0.010939671', '0.011006961', '0.008588560', '0.010939671', '0.008422983', '0.010316705', '0.011006961', '0.009121581', '0.010788506', '0.007797691', '0.011964559', '0.009911623', '0.009394878', '0.008770738', '0.010939671', '0.009684565', '0.009678850', '0.014418810', '0.009394878', '0.010669450', '0.012074376', '0.009911623', '0.009394878', '0.009665456', '0.010939671', '0.010939671', '0.009692552', '0.011407405', '0.009394878', '0.010592042', '0.011451571', '0.008770738', '0.009692552', '0.007874222', '0.009665456', '0.010592042', '0.010592042', '0.007874222', '0.010939671', '0.010592042', '0.010316705', '0.009692552', '0.008249171', '0.014388607', '0.010075562', '0.013530970', '0.008532869', '0.008983470', '0.009329220', '0.008249171', '0.009692552', '0.010534912', '0.007843076', '0.010565903', '0.011267189', '0.011006961', '0.011216423', '0.014321267', '0.008164947', '0.008249171', '0.008562686', '0.009121581', '0.010737852', '0.009121581', '0.009426068', '0.010592042', '0.011296223']" 
4 DIS_inv View2 0.117 0.172 0.523 0.075 0.198 0.625 nan 1120.0 11201.0 "['0.002588793', '0.002544063', '0.013796912', '0.002569865', '0.040988628', '0.037762191', '0.002659837', '0.013364558', '0.002574505', '0.002695918', '0.002601773', '0.033957228', '0.023801306', '0.013801470', '0.002587808', '0.013677286', '0.002608014', '0.028419392', '0.002636130', '0.002594847', '0.002554960', '0.002581537', '0.002552103', '0.002676986', '0.002508368', '0.013796912', '0.025985360', '0.002537831', '0.002621363', '0.002487645', '0.002724568', '0.013411793', '0.044680092', '0.015087060', '0.002481288', '0.002724568', '0.002650282', '0.002530989', '0.002601909', '0.002612099', '0.013274498', '0.002572641', '0.002587964', '0.002533624', '0.002587964', '0.012872955', '0.002556328', '0.013296165', '0.002608014', '0.013495856', '0.002561836', '0.002508368', '0.002537831', '0.022333762', '0.002704650', '0.002572151', '0.002594252', '0.002610684', '0.012865081', '0.013667757', '0.002637106', '0.035788033', '0.037147608', '0.002570540', '0.002596966', '0.002587964', '0.002569865', '0.013100603', '0.002610684', '0.002570540', '0.002640945', '0.002703321', '0.052802015', '0.042970266', '0.002598963', '0.002588687', '0.053407796', '0.002628417', '0.013604379', '0.002537844', '0.044680092', '0.002567709', '0.002592943', '0.013386750', '0.002593469', '0.002587964', '0.002543988', '0.002636130', '0.002630662', '0.002543590', '0.013132323', '0.002627010', '0.002531616', '0.012882521', '0.037147608', '0.002610684', '0.002590415', '0.002540997', '0.013333508', '0.013796912']" 
4 DIS_inv View3 0.148 0.210 0.615 0.095 0.237 0.550 nan 1120.0 11201.0 "['0.023253994', '0.015981408', '0.026587917', '0.002246721', '0.041903704', '0.059613213', '0.015922222', '0.002397807', '0.026587917', '0.016302437', '0.015878960', '0.002353683', '0.002394038', '0.002342614', '0.016321074', '0.024067441', '0.002348996', '0.002352052', '0.002380503', '0.002346369', '0.012401954', '0.002346535', '0.002334586', '0.002243848', '0.016122950', '0.017746273', '0.002212794', '0.023202719', '0.019456623', '0.002403260', '0.002330462', '0.002353683', '0.013309101', '0.013309101', '0.002195010', '0.002353683', '0.002374128', '0.002322811', '0.002436044', '0.002428161', '0.002459945', '0.014580294', '0.016037203', '0.015426471', '0.015311092', '0.002284643', '0.002346535', '0.002250041', '0.002323544', '0.002354869', '0.015683716', '0.002334664', '0.059613213', '0.002228554', '0.014739557', '0.020881075', '0.014414834', '0.022759007', '0.002287271', '0.002394038', '0.002348871', '0.002348871', '0.002214266', '0.002273122', '0.002291364', '0.002342252', '0.002365615', '0.016108789', '0.015287362', '0.015566731', '0.002353488', '0.002273925', '0.002334586', '0.015688658', '0.002276014', '0.002197090', '0.014375370', '0.002375370', '0.002408866', '0.015517243', '0.002347440', '0.002290907', '0.002195010', '0.016205709', '0.002369025', '0.015426471', '0.002305281', '0.002356814', '0.002394038', '0.002264236', '0.019456623', '0.002353683', '0.017746273', '0.014954743', '0.015716270', '0.002268104', '0.016341502', '0.022759007', '0.015716270', '0.015407390']" 
4 DIS_inv View4 0.104 0.183 0.504 0.071 0.237 0.892 nan 1120.0 11201.0 "['0.018002609', '0.017503740', '0.000818666', '0.000829898', '0.000834199', '0.022832362', '0.009939834', '0.000819405', '0.017047182', '0.017962536', '0.018201768', '0.018005155', '0.017768810', '0.000831981', '0.022832362', '0.018133076', '0.007000688', '0.022355257', '0.000863933', '0.013661197', '0.000852117', '0.006821209', '0.000857601', '0.017643191', '0.000828525', '0.016805325', '0.000814103', '0.000828525', '0.000819603', '0.000861210', '0.000819405', '0.000851086', '0.010207158', '0.000849657', '0.016443899', '0.000822770', '0.009353340', '0.000835127', '0.000829607', '0.000848229', '0.000834199', '0.000847200', '0.000856075', '0.009939834', '0.000814613', '0.014027103', '0.000803737', '0.018076314', '0.018059010', '0.009675882', '0.006821209', '0.017768810', '0.023776148', '0.000826587', '0.000819405', '0.022832362', '0.000843240', '0.034084760', '0.016953096', '0.032669436', '0.027988935', '0.000856075', '0.018002469', '0.018209672', '0.017994355', '0.000820721', '0.000867507', '0.000842000', '0.019951655', '0.027988935', '0.000825975', '0.000818321', '0.027836684', '0.024816984', '0.000836755', '0.000839754', '0.027988935', '0.006878526', '0.000845988', '0.017751828', '0.018170526', '0.009353340', '0.000827687', '0.034084760', '0.000827033', '0.000856075', '0.017560922', '0.000847735', '0.017994490', '0.000847183', '0.000849657', '0.000840080', '0.017716596', '0.017760014', '0.000836755', '0.023776148', '0.000830325', '0.018005155', '0.007653968', '0.000834199']" 
4 DIS_inv Concatenated 0.090 0.172 0.469 0.064 0.225 0.359 nan 1120.0 11201.0 "['0.003825908', '0.003794734', '0.003906743', '0.003763047', '0.003967431', '0.016972320', '0.032900188', '0.016429426', '0.003985999', '0.023980023', '0.017926812', '0.003966042', '0.003902310', '0.003879120', '0.003911164', '0.003798058', '0.004110380', '0.003874671', '0.016061805', '0.003977336', '0.003964267', '0.003945985', '0.003862019', '0.004063014', '0.003982900', '0.004016623', '0.021423258', '0.003882135', '0.017040942', '0.020182965', '0.025837081', '0.003975646', '0.016731964', '0.027922098', '0.023322066', '0.004139158', '0.003683039', '0.003874671', '0.003952082', '0.032410927', '0.003903121', '0.020493846', '0.003933923', '0.004013604', '0.020406090', '0.003877117', '0.017252643', '0.003911319', '0.019239442', '0.003828830', '0.003922180', '0.003932808', '0.016763110', '0.004023333', '0.018095406', '0.004054936', '0.003833016', '0.016566290', '0.003984350', '0.018788880', '0.003882227', '0.023191148', '0.004066478', '0.003795734', '0.017972659', '0.003930825', '0.003964267', '0.004078233', '0.003874671', '0.003874671', '0.004154702', '0.018859120', '0.004014022', '0.003958348', '0.016684737', '0.003816230', '0.003830087', '0.016495232', '0.024499809', '0.026868649', '0.003992943', '0.003827501', '0.004091623', '0.003957057', '0.003963855', '0.003873918', '0.022872463', '0.025302557', '0.003722058', '0.004024529', '0.004126628', '0.004139158', '0.003931277', '0.025346477', '0.004136739', '0.033151213', '0.031873848', '0.003878312', '0.003921624', '0.004083753']" 
4 DIS_inv Multiview 0.120 0.188 0.533 0.079 0.229 0.254 0.378 1120.0 11201.0 "[['0.006414927', '0.004799461', '0.004258338', '0.004586689', '0.005801687', '0.004764353', '0.027715037', '0.004519708', '0.004269906', '0.004147245', '0.004593273', '0.007490220', '0.005224942', '0.004299669', '0.019367624', '0.004307268', '0.006823753', '0.008733240', '0.007083140', '0.005277320', '0.004462379', '0.004171034', '0.004340621', '0.006572278', '0.004386339', '0.036093194', '0.004382259', '0.012527551', '0.005770008', '0.005019679', '0.005388780', '0.016345946', '0.004288526', '0.011751157', '0.016277252', '0.004110762', '0.010251081', '0.004105653', '0.006128535', '0.016264584', '0.008729417', '0.009953042', '0.004112536', '0.017099490', '0.004553495', '0.011380808', '0.004255690', '0.020152589', '0.004830115', '0.020645166', '0.039965313', '0.010196241', '0.010045899', '0.017683635', '0.004753329', '0.010155769', '0.005423254', '0.023994761', '0.018013228', '0.014386412', '0.016640561', '0.012848361', '0.006823409', '0.020563737', '0.004250969', '0.019454831', '0.004361481', '0.004486462', '0.017625511', '0.008009784', '0.004538630', '0.017740022', '0.007325644', '0.009738888', '0.016629511', '0.005072950', '0.013584291', '0.010578902', '0.024003163', '0.004170029', '0.004338080', '0.004271119', '0.004183341', '0.016092060', '0.009211211', '0.004106015', '0.013471109', '0.017101705', '0.004414079', '0.016769677', '0.012735411', '0.006576882', '0.004072546', '0.006035804', '0.004192285', '0.016732585', '0.006016091', '0.004806759', '0.012445459', '0.016535060'], ['0.004878117', '0.004436317', '0.006144552', '0.004823428', '0.004779051', '0.009397911', '0.012511415', '0.013081709', '0.004481263', '0.005910577', '0.004120775', '0.015092330', '0.011883014', '0.004518300', '0.018994892', '0.006152922', '0.017667344', '0.004624809', '0.015929513', '0.016030611', '0.009110706', '0.004105036', '0.004321013', '0.004472317', '0.004716301', '0.007938294', '0.004767593', '0.004749818', '0.004099226', '0.018671842', '0.021148063', '0.016599102', '0.005993583', '0.012672308', '0.015227947', '0.003916027', '0.005155770', '0.006006745', '0.008493403', '0.015076851', '0.016462719', '0.004837349', '0.004618641', '0.016848989', '0.006036149', '0.014615718', '0.004086397', '0.011584115', '0.004943270', '0.003596298', '0.016148411', '0.017717399', '0.004430249', '0.016101740', '0.004424524', '0.016254932', '0.015483342', '0.020957870', '0.017137254', '0.027269892', '0.017205302', '0.015013585', '0.004618821', '0.015295795', '0.004603747', '0.006610197', '0.008298103', '0.006182776', '0.016334038', '0.006162945', '0.016330427', '0.017288597', '0.004039192', '0.005978264', '0.016335851', '0.004917081', '0.005017761', '0.010521453', '0.004879780', '0.004480780', '0.006428475', '0.006056974', '0.004348719', '0.015220141', '0.004997985', '0.023449235', '0.004228686', '0.008671668', '0.007423088', '0.009647037', '0.006752675', '0.024278764', '0.004325435', '0.020039255', '0.004630903', '0.016031325', '0.018942194', '0.004731121', '0.004320152', '0.009105624'], ['0.003258914', '0.009094124', '0.003816832', '0.005622709', '0.003547689', '0.003591392', '0.014231277', '0.003430201', '0.003143005', '0.003484117', '0.003700589', '0.027852653', '0.003575135', '0.003573824', '0.008618112', '0.003797885', '0.012879998', '0.005365022', '0.022421615', '0.003337375', '0.003408165', '0.003368951', '0.005321424', '0.005911632', '0.002978476', '0.031007893', '0.003399775', '0.003044480', '0.006117044', '0.033707839', '0.034269910', '0.016298534', '0.003209432', '0.003468503', '0.014187006', '0.003403107', '0.009376158', '0.003322435', '0.003603522', '0.014610520', '0.026309650', '0.010290348', '0.005651032', '0.016064771', '0.003467153', '0.021146415', '0.006992293', '0.018325200', '0.008053828', '0.033862244', '0.013653978', '0.026292758', '0.008555455', '0.017761752', '0.006984543', '0.018704021', '0.009519775', '0.024711754', '0.014506075', '0.001852003', '0.016100859', '0.012093661', '0.003407858', '0.016282899', '0.003489947', '0.014957857', '0.003554950', '0.004081887', '0.018146627', '0.003109673', '0.013362930', '0.014996891', '0.003690150', '0.004238932', '0.013462369', '0.011030427', '0.003300411', '0.003715675', '0.013129268', '0.005730648', '0.007064688', '0.003240300', '0.006164182', '0.015988639', '0.003959256', '0.029029716', '0.003708770', '0.022714337', '0.006208611', '0.024305956', '0.003071993', '0.003934911', '0.003556340', '0.003226551', '0.003972004', '0.003887400', '0.003456144', '0.006803035', '0.003463616', '0.015297228'], ['0.009369313', '0.011192580', '0.004870566', '0.004266831', '0.009487284', '0.015857451', '0.018379886', '0.007771713', '0.005634526', '0.004566923', '0.004101191', '0.015375073', '0.016936624', '0.004686554', '0.016391471', '0.004422861', '0.019726228', '0.003906072', '0.013461631', '0.015799465', '0.010291076', '0.003868515', '0.004614276', '0.004091830', '0.009780006', '0.029415203', '0.004242554', '0.004270826', '0.003974111', '0.014684875', '0.017989447', '0.016141828', '0.004317964', '0.004090265', '0.016118065', '0.003872668', '0.004774095', '0.004580092', '0.004336084', '0.014957636', '0.016626172', '0.004571291', '0.004608597', '0.014583173', '0.004235310', '0.016717153', '0.004757107', '0.020097056', '0.004415452', '0.020034006', '0.007394232', '0.018242268', '0.004482115', '0.015138869', '0.006125394', '0.015710047', '0.004733350', '0.008778371', '0.015804080', '0.016091168', '0.015850348', '0.014279595', '0.004581362', '0.002949712', '0.008875719', '0.016146339', '0.009800970', '0.004392835', '0.015188978', '0.004373798', '0.015397235', '0.015392250', '0.004507586', '0.011684719', '0.011336638', '0.013416790', '0.004547833', '0.005089916', '0.005099815', '0.004172836', '0.004220144', '0.004382673', '0.004055386', '0.015483191', '0.011155022', '0.017140597', '0.008834179', '0.013817421', '0.004652265', '0.014775589', '0.004538951', '0.024228938', '0.004105209', '0.017497050', '0.004090336', '0.005189510', '0.011662674', '0.004441006', '0.012395374', '0.016488338']]" "['0.035060141', '0.259869039', '0.525146663', '0.179924175']"
4 Cbound View1 0.277 0.326 0.889 0.166 0.320 0.663 nan 1120.0 1120.0 "['0.009867133', '0.001739352', '0.001812975', '0.009560614', '0.001776708', '0.001703646', '0.025831472', '0.001761808', '0.001841405', '0.001739191', '0.030495055', '0.001790651', '0.001739191', '0.005083409', '0.009867133', '0.001841405', '0.001738323', '0.031328294', '0.001721783', '0.001718370', '0.001714671', '0.001790651', '0.005083409', '0.009867133', '0.005116848', '0.025814729', '0.005116848', '0.025820140', '0.030495055', '0.001716236', '0.001719737', '0.001795340', '0.001865155', '0.031328294', '0.001795340', '0.001742233', '0.031328294', '0.001735588', '0.009560614', '0.001795340', '0.001790651', '0.031248476', '0.001714671', '0.024760930', '0.001851985', '0.001841405', '0.001756342', '0.031328294', '0.005015846', '0.001829337', '0.025831472', '0.001841405', '0.031191142', '0.024823813', '0.001851985', '0.001841405', '0.004778447', '0.031328294', '0.031328294', '0.005116848', '0.023887070', '0.001841405', '0.009867133', '0.024025297', '0.001756342', '0.005116848', '0.001716236', '0.004778447', '0.009867133', '0.009867133', '0.001716236', '0.031328294', '0.009867133', '0.009560614', '0.005116848', '0.001727577', '0.025822343', '0.008149212', '0.025546880', '0.001739352', '0.001773665', '0.001849005', '0.001727577', '0.005116848', '0.030843450', '0.001716374', '0.009867133', '0.023394607', '0.001795340', '0.022918863', '0.025814729', '0.001723788', '0.001727577', '0.001740816', '0.001790651', '0.010600407', '0.001790651', '0.001886986', '0.009867133', '0.023526231']" 
4 Cbound View2 0.106 0.176 0.576 0.071 0.210 1.823 nan 1120.0 1120.0 "['0.000258347', '0.000248173', '0.030627541', '0.000254123', '0.035010371', '0.032908525', '0.000242289', '0.029345823', '0.000256600', '0.034013614', '0.000245634', '0.032280091', '0.003833267', '0.030630345', '0.000246274', '0.030849067', '0.004112969', '0.034411982', '0.001925794', '0.000252976', '0.000245247', '0.000248567', '0.000240856', '0.000258867', '0.000240618', '0.030627541', '0.017071668', '0.000241768', '0.000248046', '0.000238862', '0.002891558', '0.030944984', '0.037557904', '0.032487620', '0.000238225', '0.002891558', '0.000246756', '0.000243391', '0.000261259', '0.001744358', '0.000249483', '0.000254095', '0.000248315', '0.000243562', '0.000248315', '0.030658050', '0.000251387', '0.029165873', '0.004112969', '0.029546075', '0.000251218', '0.000240618', '0.000241768', '0.003385754', '0.013296576', '0.000253060', '0.000259981', '0.001794760', '0.000255746', '0.029216748', '0.002630446', '0.032316532', '0.034861021', '0.000248671', '0.000242941', '0.000248315', '0.000254123', '0.000256636', '0.001794760', '0.000248671', '0.002262333', '0.002771701', '0.033937376', '0.030842826', '0.000242510', '0.000244327', '0.035556108', '0.001858830', '0.030336430', '0.000243995', '0.037557904', '0.000251713', '0.000259226', '0.028415713', '0.000259981', '0.000248315', '0.000243310', '0.001925794', '0.013946312', '0.000247768', '0.000255984', '0.002021180', '0.000244268', '0.000247426', '0.034861021', '0.001794760', '0.000248315', '0.000242640', '0.029404471', '0.030627541']" 
4 Cbound View3 0.107 0.212 0.655 0.091 0.242 1.336 nan 1120.0 1120.0 "['0.009574325', '0.030996121', '0.036835864', '0.000344065', '0.032333061', '0.030773720', '0.030705402', '0.000358806', '0.036835864', '0.031214748', '0.030638147', '0.001684226', '0.003056043', '0.000349196', '0.031237947', '0.010888639', '0.001896367', '0.000344272', '0.003728989', '0.001528029', '0.005368686', '0.001998426', '0.001315102', '0.000345204', '0.031035360', '0.031966079', '0.000347234', '0.009183457', '0.008371092', '0.003191491', '0.000350537', '0.001684226', '0.005540072', '0.005540072', '0.000348226', '0.001684226', '0.002664440', '0.000347351', '0.004113098', '0.029281780', '0.004878356', '0.000345674', '0.031046467', '0.029732695', '0.000356345', '0.000345403', '0.001998426', '0.000343833', '0.000358848', '0.002208592', '0.029982917', '0.001428263', '0.030773720', '0.000346171', '0.000360985', '0.008221343', '0.000356360', '0.008936711', '0.000344587', '0.003056043', '0.000357622', '0.000357622', '0.000345638', '0.000345279', '0.000344920', '0.000363367', '0.000348765', '0.030688757', '0.028898980', '0.000353194', '0.002061226', '0.000343609', '0.001315102', '0.029994227', '0.000344568', '0.000351671', '0.000355264', '0.000356554', '0.004051164', '0.030044986', '0.001458728', '0.000345071', '0.000348226', '0.031093022', '0.002554159', '0.029732695', '0.000345760', '0.002034961', '0.003056043', '0.000342930', '0.008371092', '0.001684226', '0.031966079', '0.000349415', '0.030173676', '0.000343398', '0.031259432', '0.008936711', '0.030173676', '0.028386386']" 
4 Cbound View4 0.095 0.185 0.583 0.071 0.229 1.678 nan 1120.0 1120.0 "['0.029655853', '0.029569816', '0.000204429', '0.000207039', '0.000211656', '0.005695197', '0.002949986', '0.000203328', '0.000211421', '0.029035714', '0.029597905', '0.029076176', '0.028808232', '0.000210236', '0.005695197', '0.000212734', '0.004693132', '0.028935254', '0.000214697', '0.028198346', '0.000212147', '0.004693132', '0.000217184', '0.028468389', '0.000206439', '0.000212562', '0.000204740', '0.000206439', '0.000203382', '0.002178488', '0.000203328', '0.001563778', '0.003091516', '0.001467269', '0.028837644', '0.000203958', '0.002942455', '0.000208283', '0.000207227', '0.000213318', '0.000211656', '0.000213325', '0.028953815', '0.002949986', '0.000203663', '0.028126985', '0.000204919', '0.029281138', '0.028538603', '0.000211025', '0.004693132', '0.028808232', '0.006184299', '0.000209688', '0.000203328', '0.005695197', '0.000209774', '0.030530468', '0.000207792', '0.028474106', '0.011922700', '0.028953815', '0.029189527', '0.028627712', '0.029079774', '0.000205149', '0.002288043', '0.000212155', '0.000213716', '0.011922700', '0.000210771', '0.000204301', '0.008000923', '0.029505134', '0.000211715', '0.000209022', '0.011922700', '0.030161925', '0.000210805', '0.000214416', '0.029825429', '0.002942455', '0.000206624', '0.030530468', '0.000209809', '0.028953815', '0.028180469', '0.000212166', '0.029049784', '0.001600403', '0.001467269', '0.000208867', '0.028705942', '0.000212958', '0.000211715', '0.006184299', '0.000207332', '0.029076176', '0.004896124', '0.000211656']" 
4 Cbound Concatenated 0.093 0.171 0.547 0.063 0.217 1.561 nan 1120.0 1120.0 "['0.000411524', '0.000407527', '0.000426212', '0.000404112', '0.000425619', '0.030633908', '0.032585438', '0.028585596', '0.000439507', '0.004591208', '0.030535147', '0.000438524', '0.000429558', '0.000425624', '0.000425328', '0.000403392', '0.005604728', '0.000424036', '0.000440124', '0.000429427', '0.000424994', '0.000438105', '0.000419690', '0.005960925', '0.000426954', '0.000421109', '0.031606723', '0.000406634', '0.030275632', '0.031136913', '0.032300644', '0.000441381', '0.029986108', '0.031573359', '0.031136356', '0.005081205', '0.000395880', '0.000424036', '0.000436577', '0.032838732', '0.000424662', '0.031178240', '0.000432756', '0.000432518', '0.031136945', '0.000423353', '0.030773066', '0.000432816', '0.000443945', '0.000417519', '0.000431565', '0.000425096', '0.030006927', '0.000421773', '0.030791089', '0.004682494', '0.000412294', '0.030435331', '0.000438319', '0.031127177', '0.000407189', '0.031202110', '0.000436941', '0.000407379', '0.030840846', '0.000442918', '0.000424994', '0.005993182', '0.000424036', '0.000424036', '0.005267405', '0.031127999', '0.000426694', '0.000435284', '0.028905533', '0.000414681', '0.000417431', '0.030148685', '0.031697031', '0.006914669', '0.003971640', '0.000416927', '0.005353044', '0.000435624', '0.000429763', '0.000418012', '0.000434649', '0.031898241', '0.000398547', '0.005853128', '0.000434563', '0.005081205', '0.000414264', '0.031334113', '0.004892382', '0.032540750', '0.032496519', '0.000411577', '0.000434732', '0.005724968']" 
4 Cbound Multiview 0.113 0.208 0.602 0.082 0.258 0.042 0.029 1120.0 1120.0 "[['0.012962421', '0.007315490', '0.007381753', '0.012922193', '0.007240156', '0.007320112', '0.013031781', '0.007281581', '0.007008185', '0.007218713', '0.012687878', '0.007175477', '0.007256265', '0.012756458', '0.012978078', '0.007036568', '0.007313630', '0.012750412', '0.007300481', '0.007326489', '0.007332880', '0.007088391', '0.012765690', '0.012856430', '0.012020064', '0.013029630', '0.012007052', '0.012955501', '0.012715120', '0.007326536', '0.007360886', '0.007406362', '0.010167476', '0.012897360', '0.007313265', '0.007215933', '0.013081849', '0.007274362', '0.012791831', '0.007297561', '0.007422953', '0.012880815', '0.007300692', '0.013062222', '0.007034020', '0.008283596', '0.007273909', '0.013008749', '0.012226187', '0.007233838', '0.012945137', '0.008785121', '0.012887099', '0.013194281', '0.007077238', '0.008272883', '0.013183191', '0.012999617', '0.013095220', '0.012865887', '0.007421013', '0.007861860', '0.012982257', '0.007185147', '0.007206775', '0.012942880', '0.007323978', '0.013173809', '0.013101482', '0.012860545', '0.007298631', '0.013104999', '0.012870276', '0.013099206', '0.012275897', '0.007281681', '0.013037540', '0.013000706', '0.013027714', '0.007256661', '0.007242757', '0.011042014', '0.007250630', '0.013207322', '0.012981245', '0.007352942', '0.012816556', '0.007266146', '0.007350767', '0.007216791', '0.013026663', '0.007324446', '0.007250993', '0.007305070', '0.007205464', '0.012933744', '0.007115114', '0.011359456', '0.012923007', '0.007314915'], ['0.012814585', '0.007043120', '0.012841195', '0.012825804', '0.006941019', '0.006798583', '0.012838372', '0.012772475', '0.006787435', '0.006811101', '0.007018474', '0.006913490', '0.006790107', '0.012684129', '0.012847819', '0.012678242', '0.012701930', '0.006968234', '0.006798271', '0.012751473', '0.012675855', '0.006971427', '0.007077495', '0.006975390', '0.006962635', '0.007579451', '0.012398667', '0.008682732', '0.007025143', '0.012584371', '0.012853931', '0.012867872', '0.012526914', '0.012758175', '0.006930109', '0.006989016', '0.012974688', '0.012148830', '0.012667812', '0.006949844', '0.012853699', '0.006921167', '0.006872356', '0.012874146', '0.006798340', '0.006993139', '0.007029268', '0.007587375', '0.006886939', '0.007035258', '0.006801842', '0.012870772', '0.007024444', '0.013000147', '0.006951713', '0.012853175', '0.012944003', '0.012848621', '0.012948416', '0.012864079', '0.012872235', '0.006780029', '0.012358641', '0.006917307', '0.006809965', '0.007076448', '0.012294019', '0.012939078', '0.012985521', '0.010254344', '0.010701993', '0.012939800', '0.007017924', '0.013040020', '0.012524491', '0.006947322', '0.012834366', '0.012890195', '0.007045156', '0.006859920', '0.012596404', '0.012811273', '0.006924066', '0.013100178', '0.012738752', '0.012847428', '0.006998157', '0.006970443', '0.012826849', '0.006910721', '0.012799835', '0.012777395', '0.006917860', '0.012724069', '0.011584895', '0.012695014', '0.012506815', '0.006951727', '0.007022240', '0.007022054'], ['0.007161174', '0.012907832', '0.012941787', '0.013034967', '0.007063899', '0.007085098', '0.007999429', '0.007111236', '0.007079689', '0.007013815', '0.011972922', '0.012928609', '0.007089449', '0.007189775', '0.007167820', '0.012520515', '0.007109457', '0.006902473', '0.012857609', '0.007134956', '0.007128594', '0.007011568', '0.013022654', '0.012919661', '0.007132804', '0.013041909', '0.007062999', '0.007115287', '0.012848061', '0.012971160', '0.013038009', '0.013038714', '0.007107535', '0.007108424', '0.006998661', '0.007033423', '0.013100019', '0.007066263', '0.007005420', '0.008971197', '0.013031752', '0.012972513', '0.012588842', '0.013036411', '0.006979107', '0.012980167', '0.012968258', '0.013010179', '0.012977232', '0.012990374', '0.007059088', '0.013044645', '0.012890490', '0.013111420', '0.012637620', '0.013007476', '0.013088730', '0.013038301', '0.013357898', '0.007154674', '0.013029771', '0.007064299', '0.007161241', '0.011028157', '0.007013017', '0.013203589', '0.007107966', '0.013119759', '0.013106509', '0.007116420', '0.006969191', '0.013214318', '0.010418573', '0.013139731', '0.007086923', '0.006907045', '0.007153662', '0.007175591', '0.008638469', '0.012656438', '0.012934132', '0.007135515', '0.006900053', '0.013127202', '0.007246676', '0.012993826', '0.007086275', '0.012837149', '0.013006452', '0.012853247', '0.007142835', '0.007100205', '0.007010995', '0.007129455', '0.012803065', '0.007132006', '0.007089361', '0.011275840', '0.007108236', '0.012856829'], ['0.012745554', '0.012604378', '0.012713443', '0.006995542', '0.012380930', '0.012532815', '0.012752359', '0.012441917', '0.006826957', '0.006761524', '0.006946308', '0.009313507', '0.010709646', '0.012714184', '0.012748332', '0.006869810', '0.012671417', '0.006943696', '0.006901863', '0.011646849', '0.012563097', '0.006921859', '0.012669484', '0.006950689', '0.012673721', '0.012731913', '0.006911868', '0.006899687', '0.006961983', '0.006874274', '0.012724539', '0.012736402', '0.006935490', '0.006968059', '0.012535809', '0.006927222', '0.012850173', '0.007378139', '0.006912597', '0.006749897', '0.012765204', '0.006873074', '0.006748021', '0.007226531', '0.006841854', '0.012653197', '0.012351855', '0.012736592', '0.006937095', '0.012616224', '0.006856343', '0.012742718', '0.006950976', '0.012909734', '0.006826564', '0.012722409', '0.012814604', '0.007029811', '0.012831152', '0.012761162', '0.012757283', '0.006810000', '0.012689935', '0.006947115', '0.010501714', '0.012790749', '0.012632463', '0.012944518', '0.012970926', '0.006882985', '0.007675215', '0.012885714', '0.006787088', '0.012886020', '0.006934462', '0.012528777', '0.012687549', '0.012718378', '0.012530372', '0.006928722', '0.006962455', '0.011933223', '0.006910321', '0.012958254', '0.012736711', '0.012711867', '0.006905956', '0.006823085', '0.012643589', '0.006795660', '0.012653180', '0.012653028', '0.006905222', '0.011940187', '0.006929599', '0.006915764', '0.006795567', '0.006718155', '0.012662652', '0.012662428']]" "['0.156418577', '0.282417893', '0.278681308', '0.282482207']"
4 C_TND View1 0.269 0.355 0.944 0.168 0.374 0.078 nan 1120.0 1120.0 "['0.009557606', '0.006752430', '0.007840121', '0.009190287', '0.008096810', '0.005212607', '0.019676628', '0.007264263', '0.007959585', '0.006747201', '0.009144530', '0.007584031', '0.006747201', '0.008450093', '0.009557606', '0.007959585', '0.006724164', '0.009803445', '0.006210330', '0.006034050', '0.005854342', '0.007584031', '0.008450093', '0.009557606', '0.008441605', '0.016890833', '0.008441605', '0.019263355', '0.009144530', '0.005933498', '0.006090484', '0.018607516', '0.007905395', '0.009803445', '0.018607516', '0.006834370', '0.009803445', '0.006695241', '0.009190287', '0.018607516', '0.007584031', '0.009706425', '0.005854342', '0.015040806', '0.008380068', '0.007959585', '0.007075648', '0.009803445', '0.008429792', '0.008219065', '0.019676628', '0.007959585', '0.009632023', '0.025388168', '0.008380068', '0.007959585', '0.008406356', '0.009803445', '0.009803445', '0.008441605', '0.020274829', '0.007959585', '0.009557606', '0.015960207', '0.007075648', '0.008441605', '0.005933498', '0.008406356', '0.009557606', '0.009557606', '0.005933498', '0.009803445', '0.009557606', '0.009190287', '0.008441605', '0.006406341', '0.019230358', '0.008953707', '0.025068825', '0.006752430', '0.007366062', '0.007843151', '0.006406341', '0.008441605', '0.009359477', '0.005922677', '0.009557606', '0.019569695', '0.018607516', '0.012267163', '0.016890833', '0.006269822', '0.006406341', '0.006794411', '0.007584031', '0.009607738', '0.007584031', '0.007997639', '0.009557606', '0.022180120']" 
4 C_TND View2 0.113 0.174 0.552 0.077 0.194 0.005 nan 1120.0 1120.0 "['0.009733968', '0.009233338', '0.013182769', '0.009641669', '0.011689118', '0.010579608', '0.008922503', '0.011118524', '0.009551920', '0.010371205', '0.009298528', '0.010119610', '0.010373197', '0.013230025', '0.009304770', '0.012129442', '0.010049060', '0.010618441', '0.009919317', '0.009635630', '0.009164021', '0.009312671', '0.008703534', '0.009886510', '0.008564513', '0.013182769', '0.010432603', '0.008761117', '0.009415008', '0.008219164', '0.010166502', '0.010428108', '0.010727189', '0.011743414', '0.008016171', '0.010166502', '0.009497479', '0.008901887', '0.009697413', '0.009775727', '0.010105493', '0.009609543', '0.009291186', '0.009006044', '0.009291186', '0.010667359', '0.009443710', '0.010531880', '0.010049060', '0.011942589', '0.009488718', '0.008564513', '0.008761117', '0.010284023', '0.010358034', '0.009465815', '0.009698018', '0.009780024', '0.009985015', '0.011890977', '0.010071542', '0.010220121', '0.011788146', '0.009285008', '0.008932215', '0.009291186', '0.009641669', '0.010017031', '0.009780024', '0.009285008', '0.009983527', '0.010109394', '0.010986050', '0.010115202', '0.008877455', '0.009152007', '0.010875772', '0.009893250', '0.011172360', '0.009066875', '0.010727189', '0.009420164', '0.009652833', '0.010598521', '0.009698018', '0.009291186', '0.008917215', '0.009919317', '0.010281089', '0.009208419', '0.010410414', '0.009920660', '0.008960738', '0.009549228', '0.011788146', '0.009780024', '0.009291186', '0.008845254', '0.010334514', '0.013182769']" 
4 C_TND View3 0.141 0.211 0.664 0.100 0.221 0.012 nan 1120.0 1120.0 "['0.011332434', '0.011180601', '0.011679180', '0.007699615', '0.010159059', '0.010024199', '0.012166720', '0.009625534', '0.011679180', '0.013684032', '0.012042917', '0.009889155', '0.010125326', '0.009095808', '0.013770321', '0.011286995', '0.009961885', '0.008450801', '0.010302625', '0.009851096', '0.011038638', '0.009965312', '0.009802127', '0.007365105', '0.012862443', '0.011296252', '0.006918393', '0.011416933', '0.011192305', '0.010381581', '0.009258806', '0.009889155', '0.011106991', '0.011106991', '0.006587693', '0.009889155', '0.010182196', '0.008473696', '0.010646042', '0.009984471', '0.010807698', '0.007266822', '0.011289059', '0.011132297', '0.009548376', '0.008883385', '0.009965312', '0.007778935', '0.009601951', '0.010021688', '0.011319033', '0.009827767', '0.010024199', '0.007108343', '0.009758803', '0.011284120', '0.009550333', '0.011452964', '0.008590923', '0.010125326', '0.009579683', '0.009579683', '0.007214871', '0.008583047', '0.008816395', '0.009716139', '0.009088691', '0.010108646', '0.010532651', '0.009271743', '0.010000681', '0.008108503', '0.009802127', '0.011349048', '0.008263076', '0.006297932', '0.009492504', '0.009547332', '0.010197118', '0.011567271', '0.009837586', '0.008834479', '0.006587693', '0.013356479', '0.010140483', '0.011132297', '0.008805726', '0.009994575', '0.010125326', '0.008243304', '0.011192305', '0.009889155', '0.011296252', '0.008933376', '0.010907711', '0.008469920', '0.013933922', '0.011452964', '0.010907711', '0.010132450']" 
4 C_TND View4 0.095 0.185 0.549 0.072 0.225 0.005 nan 1120.0 1120.0 "['0.011238732', '0.010551228', '0.008240371', '0.009077870', '0.009489901', '0.010233781', '0.010895787', '0.008092997', '0.009667650', '0.011347456', '0.011790507', '0.011708830', '0.010920567', '0.009390965', '0.010233781', '0.009941313', '0.010819680', '0.010149821', '0.009746667', '0.009951948', '0.009682884', '0.010819680', '0.009963461', '0.010717980', '0.008993557', '0.009814691', '0.008300893', '0.008993557', '0.008120358', '0.010074298', '0.008092997', '0.009868237', '0.010908741', '0.009833770', '0.010255297', '0.008451555', '0.010852648', '0.009229529', '0.009101580', '0.009703677', '0.009489901', '0.009817801', '0.010179725', '0.010895787', '0.007978859', '0.009954923', '0.006691032', '0.011743015', '0.011330903', '0.009471973', '0.010819680', '0.010920567', '0.010252910', '0.009389519', '0.008092997', '0.010233781', '0.009433080', '0.011720002', '0.009093685', '0.010090449', '0.010516946', '0.010179725', '0.011851599', '0.011642396', '0.011501032', '0.008593231', '0.010173666', '0.009586172', '0.009759529', '0.010516946', '0.009619131', '0.008411590', '0.010442944', '0.010435954', '0.009493965', '0.009297538', '0.010516946', '0.010757861', '0.009447084', '0.009701909', '0.011652106', '0.010852648', '0.009017012', '0.011720002', '0.009403590', '0.010179725', '0.010621073', '0.009604116', '0.011496251', '0.009834566', '0.009833770', '0.009282692', '0.010789054', '0.009618511', '0.009493965', '0.010252910', '0.009115168', '0.011708830', '0.010718116', '0.009489901']" 
4 C_TND Concatenated 0.095 0.175 0.521 0.067 0.217 0.009 nan 1120.0 1120.0 "['0.008575024', '0.008230887', '0.009249010', '0.007885008', '0.009350292', '0.012735952', '0.011790581', '0.010252395', '0.009669342', '0.009761377', '0.011981986', '0.009581652', '0.009389753', '0.009183663', '0.009351649', '0.007892861', '0.009914059', '0.009127165', '0.010237877', '0.009485949', '0.009323478', '0.009563814', '0.008991493', '0.010206758', '0.009405543', '0.009172513', '0.011744859', '0.008315857', '0.012021617', '0.011913170', '0.010677026', '0.009730705', '0.011666439', '0.011136856', '0.012078223', '0.010295938', '0.006495149', '0.009127165', '0.009503566', '0.011320276', '0.009194042', '0.011913567', '0.009485734', '0.009463932', '0.011909635', '0.009099062', '0.012629010', '0.009395490', '0.009954819', '0.008877078', '0.009365573', '0.009327935', '0.011640054', '0.009156705', '0.011868183', '0.009931405', '0.008697242', '0.013490921', '0.009794331', '0.013390031', '0.008309885', '0.010133339', '0.009720222', '0.008197287', '0.012092828', '0.009624115', '0.009323478', '0.010044279', '0.009127165', '0.009127165', '0.010301404', '0.013291690', '0.009339501', '0.009477423', '0.010397822', '0.008723875', '0.008872216', '0.012377704', '0.010349248', '0.010243566', '0.009793371', '0.008913369', '0.010142589', '0.009733750', '0.009362434', '0.009125537', '0.009677902', '0.010550916', '0.007111093', '0.009914896', '0.009494210', '0.010295938', '0.008815624', '0.011324276', '0.010250155', '0.011721551', '0.011473563', '0.008619356', '0.009441453', '0.010242102']" 
4 C_TND Multiview 0.092 0.180 0.552 0.070 0.229 0.348 0.491 1120.0 1120.0 "[['0.000045228', '0.000010402', '0.000010603', '0.000020345', '0.000021172', '0.000008685', '0.000063560', '0.000006862', '0.000012266', '0.000012065', '0.000060660', '0.000010498', '0.000009215', '0.000016310', '0.000027814', '0.000014733', '0.000007892', '0.000096185', '0.000009377', '0.000007412', '0.000008198', '0.000033232', '0.000018437', '0.000060860', '0.000018444', '0.000082999', '0.000038609', '0.430901259', '0.000064644', '0.000008790', '0.000006832', '0.000070617', '0.000012802', '0.000070983', '0.000064689', '0.000033485', '0.000062918', '0.000009822', '0.000043924', '0.000062006', '0.000013546', '0.000061575', '0.000012823', '0.000064842', '0.000027337', '0.000024713', '0.000012719', '0.000059233', '0.000022772', '0.000028661', '0.000095482', '0.000016840', '0.000065577', '0.000091527', '0.000019758', '0.000019589', '0.000020928', '0.000057715', '0.000048510', '0.000018227', '0.000062404', '0.000023150', '0.000052874', '0.000237047', '0.000011523', '0.000018702', '0.000009749', '0.000036125', '0.000055990', '0.000054733', '0.000010056', '0.000055201', '0.000059836', '0.000024197', '0.000031715', '0.000010083', '0.000085419', '0.000051330', '0.565393269', '0.000016146', '0.000015073', '0.000014091', '0.000015687', '0.000020339', '0.000019535', '0.000011251', '0.000095067', '0.000073599', '0.000053699', '0.000035659', '0.000144184', '0.000011135', '0.000023191', '0.000012059', '0.000024656', '0.000061574', '0.000015902', '0.000019825', '0.000049002', '0.000057717'], ['0.011650098', '0.005450741', '0.013090265', '0.009230599', '0.008178958', '0.010190311', '0.005978516', '0.020368973', '0.006153532', '0.012929174', '0.006112157', '0.007924324', '0.010815221', '0.004310258', '0.013826095', '0.013447999', '0.013218765', '0.010555505', '0.009838966', '0.014289141', '0.012957853', '0.011231285', '0.004967107', '0.006708805', '0.011055794', '0.005318525', '0.013323514', '0.000058470', '0.004299782', '0.010549823', '0.012114285', '0.012884582', '0.012440085', '0.018043775', '0.003808241', '0.006218073', '0.008597911', '0.012777749', '0.018315136', '0.003283069', '0.010436709', '0.007590698', '0.008856393', '0.015854830', '0.016436180', '0.009301246', '0.004940250', '0.008834196', '0.008033015', '0.001993274', '0.009872396', '0.012280489', '0.007529786', '0.009128256', '0.003314850', '0.010966303', '0.020388430', '0.011026694', '0.009492352', '0.014577538', '0.017703785', '0.010773576', '0.010338902', '0.007737852', '0.009791041', '0.002250192', '0.011648633', '0.012675657', '0.011303079', '0.016262721', '0.007634000', '0.012560429', '0.006203613', '0.010559467', '0.007697042', '0.006430300', '0.013043174', '0.013098667', '0.000039429', '0.006372099', '0.010609645', '0.015685109', '0.003321495', '0.009486057', '0.010079045', '0.013171745', '0.004435777', '0.007872919', '0.013563986', '0.008366930', '0.010721725', '0.015629202', '0.006744500', '0.013200488', '0.010008493', '0.014878708', '0.017458070', '0.004122633', '0.011418371', '0.007734057'], ['0.003267547', '0.010395168', '0.004860424', '0.012890751', '0.003491160', '0.002280297', '0.015960474', '0.002569178', '0.001305880', '0.005790157', '0.013604831', '0.015659694', '0.003179681', '0.020616174', '0.002634760', '0.006870380', '0.004452723', '0.015681136', '0.014053743', '0.002844561', '0.002731415', '0.009744297', '0.017332314', '0.018565891', '0.001325304', '0.014970709', '0.004550035', '0.000056712', '0.018682649', '0.015717594', '0.010670636', '0.007461298', '0.001900673', '0.003839353', '0.015263194', '0.013280249', '0.016416404', '0.002311971', '0.004279413', '0.020747863', '0.006788277', '0.018348871', '0.013910447', '0.004314504', '0.004427085', '0.009121318', '0.019499235', '0.006395499', '0.018925935', '0.018969890', '0.013186388', '0.009464970', '0.014192910', '0.013992246', '0.006166169', '0.005689179', '0.010219765', '0.012541895', '0.018889036', '0.001209473', '0.003632900', '0.008758868', '0.005528375', '0.020658329', '0.002800631', '0.028095458', '0.002321542', '0.011531756', '0.011537962', '0.001435860', '0.018158456', '0.011145457', '0.009005995', '0.005557680', '0.016962793', '0.013519432', '0.001917536', '0.005658030', '0.000058291', '0.017165897', '0.015617644', '0.001890131', '0.031266872', '0.007918160', '0.005148237', '0.004642008', '0.013430329', '0.019294299', '0.012901171', '0.012595816', '0.001182666', '0.001634904', '0.016281936', '0.001089732', '0.017232314', '0.003274989', '0.001647709', '0.032600887', '0.002355457', '0.014033706'], ['0.014539852', '0.014244281', '0.012082536', '0.009599085', '0.015009204', '0.016891554', '0.013553700', '0.008507450', '0.022841956', '0.008620849', '0.006761743', '0.008360829', '0.016474297', '0.008092933', '0.015538855', '0.009181074', '0.013732435', '0.002084795', '0.007311979', '0.013744667', '0.013161028', '0.003595478', '0.007415288', '0.003823743', '0.017156890', '0.011613228', '0.008832691', '0.000056774', '0.004126534', '0.005719242', '0.010007382', '0.012136397', '0.014562640', '0.005963870', '0.014126112', '0.004553721', '0.006105844', '0.012530969', '0.005465853', '0.011584366', '0.015199238', '0.005271805', '0.006193229', '0.013504505', '0.005896514', '0.014526136', '0.006301688', '0.015363971', '0.005004928', '0.012480979', '0.005594194', '0.011408742', '0.007736422', '0.009006697', '0.021441353', '0.013133933', '0.002802038', '0.008010627', '0.007234684', '0.013853717', '0.013983045', '0.010194417', '0.011425008', '0.001283014', '0.018612979', '0.006574516', '0.015712928', '0.005102362', '0.011942892', '0.008024885', '0.007026930', '0.010191254', '0.012812050', '0.014891678', '0.008061844', '0.012498756', '0.012017530', '0.010173046', '0.000040653', '0.005480137', '0.003609267', '0.008905970', '0.001004537', '0.016085163', '0.015858682', '0.012006578', '0.011197672', '0.003716692', '0.003848149', '0.010463853', '0.013752230', '0.017704969', '0.004078176', '0.016044682', '0.001425640', '0.010148717', '0.010824934', '0.000996185', '0.017090414', '0.015510065']]" "['0.016084028', '0.359881997', '0.262042910', '0.361991107']"
5 Uniform View1 0.343 0.367 0.846 0.213 0.309 0.000 nan 1120.0 1120.0 "['0.010000000', '0.010000000', '0.010000000', '0.010000000', '0.010000000', '0.010000000', '0.010000000', '0.010000000', '0.010000000', '0.010000000', '0.010000000', '0.010000000', '0.010000000', '0.010000000', '0.010000000', '0.010000000', '0.010000000', '0.010000000', '0.010000000', '0.010000000', '0.010000000', '0.010000000', '0.010000000', '0.010000000', '0.010000000', '0.010000000', '0.010000000', '0.010000000', '0.010000000', '0.010000000', '0.010000000', '0.010000000', '0.010000000', '0.010000000', '0.010000000', '0.010000000', '0.010000000', '0.010000000', '0.010000000', '0.010000000', '0.010000000', '0.010000000', '0.010000000', '0.010000000', '0.010000000', '0.010000000', '0.010000000', '0.010000000', '0.010000000', '0.010000000', '0.010000000', '0.010000000', '0.010000000', '0.010000000', '0.010000000', '0.010000000', '0.010000000', '0.010000000', '0.010000000', '0.010000000', '0.010000000', '0.010000000', '0.010000000', '0.010000000', '0.010000000', '0.010000000', '0.010000000', '0.010000000', '0.010000000', '0.010000000', '0.010000000', '0.010000000', '0.010000000', '0.010000000', '0.010000000', '0.010000000', '0.010000000', '0.010000000', '0.010000000', '0.010000000', '0.010000000', '0.010000000', '0.010000000', '0.010000000', '0.010000000', '0.010000000', '0.010000000', '0.010000000', '0.010000000', '0.010000000', '0.010000000', '0.010000000', '0.010000000', '0.010000000', '0.010000000', '0.010000000', '0.010000000', '0.010000000', '0.010000000', '0.010000000']" 
5 Uniform View2 0.110 0.165 0.419 0.071 0.188 0.000 nan 1120.0 1120.0 "['0.010000000', '0.010000000', '0.010000000', '0.010000000', '0.010000000', '0.010000000', '0.010000000', '0.010000000', '0.010000000', '0.010000000', '0.010000000', '0.010000000', '0.010000000', '0.010000000', '0.010000000', '0.010000000', '0.010000000', '0.010000000', '0.010000000', '0.010000000', '0.010000000', '0.010000000', '0.010000000', '0.010000000', '0.010000000', '0.010000000', '0.010000000', '0.010000000', '0.010000000', '0.010000000', '0.010000000', '0.010000000', '0.010000000', '0.010000000', '0.010000000', '0.010000000', '0.010000000', '0.010000000', '0.010000000', '0.010000000', '0.010000000', '0.010000000', '0.010000000', '0.010000000', '0.010000000', '0.010000000', '0.010000000', '0.010000000', '0.010000000', '0.010000000', '0.010000000', '0.010000000', '0.010000000', '0.010000000', '0.010000000', '0.010000000', '0.010000000', '0.010000000', '0.010000000', '0.010000000', '0.010000000', '0.010000000', '0.010000000', '0.010000000', '0.010000000', '0.010000000', '0.010000000', '0.010000000', '0.010000000', '0.010000000', '0.010000000', '0.010000000', '0.010000000', '0.010000000', '0.010000000', '0.010000000', '0.010000000', '0.010000000', '0.010000000', '0.010000000', '0.010000000', '0.010000000', '0.010000000', '0.010000000', '0.010000000', '0.010000000', '0.010000000', '0.010000000', '0.010000000', '0.010000000', '0.010000000', '0.010000000', '0.010000000', '0.010000000', '0.010000000', '0.010000000', '0.010000000', '0.010000000', '0.010000000', '0.010000000']" 
5 Uniform View3 0.159 0.208 0.513 0.113 0.190 0.000 nan 1120.0 1120.0 "['0.010000000', '0.010000000', '0.010000000', '0.010000000', '0.010000000', '0.010000000', '0.010000000', '0.010000000', '0.010000000', '0.010000000', '0.010000000', '0.010000000', '0.010000000', '0.010000000', '0.010000000', '0.010000000', '0.010000000', '0.010000000', '0.010000000', '0.010000000', '0.010000000', '0.010000000', '0.010000000', '0.010000000', '0.010000000', '0.010000000', '0.010000000', '0.010000000', '0.010000000', '0.010000000', '0.010000000', '0.010000000', '0.010000000', '0.010000000', '0.010000000', '0.010000000', '0.010000000', '0.010000000', '0.010000000', '0.010000000', '0.010000000', '0.010000000', '0.010000000', '0.010000000', '0.010000000', '0.010000000', '0.010000000', '0.010000000', '0.010000000', '0.010000000', '0.010000000', '0.010000000', '0.010000000', '0.010000000', '0.010000000', '0.010000000', '0.010000000', '0.010000000', '0.010000000', '0.010000000', '0.010000000', '0.010000000', '0.010000000', '0.010000000', '0.010000000', '0.010000000', '0.010000000', '0.010000000', '0.010000000', '0.010000000', '0.010000000', '0.010000000', '0.010000000', '0.010000000', '0.010000000', '0.010000000', '0.010000000', '0.010000000', '0.010000000', '0.010000000', '0.010000000', '0.010000000', '0.010000000', '0.010000000', '0.010000000', '0.010000000', '0.010000000', '0.010000000', '0.010000000', '0.010000000', '0.010000000', '0.010000000', '0.010000000', '0.010000000', '0.010000000', '0.010000000', '0.010000000', '0.010000000', '0.010000000', '0.010000000']" 
5 Uniform View4 0.093 0.183 0.460 0.072 0.222 0.000 nan 1120.0 1120.0 "['0.010000000', '0.010000000', '0.010000000', '0.010000000', '0.010000000', '0.010000000', '0.010000000', '0.010000000', '0.010000000', '0.010000000', '0.010000000', '0.010000000', '0.010000000', '0.010000000', '0.010000000', '0.010000000', '0.010000000', '0.010000000', '0.010000000', '0.010000000', '0.010000000', '0.010000000', '0.010000000', '0.010000000', '0.010000000', '0.010000000', '0.010000000', '0.010000000', '0.010000000', '0.010000000', '0.010000000', '0.010000000', '0.010000000', '0.010000000', '0.010000000', '0.010000000', '0.010000000', '0.010000000', '0.010000000', '0.010000000', '0.010000000', '0.010000000', '0.010000000', '0.010000000', '0.010000000', '0.010000000', '0.010000000', '0.010000000', '0.010000000', '0.010000000', '0.010000000', '0.010000000', '0.010000000', '0.010000000', '0.010000000', '0.010000000', '0.010000000', '0.010000000', '0.010000000', '0.010000000', '0.010000000', '0.010000000', '0.010000000', '0.010000000', '0.010000000', '0.010000000', '0.010000000', '0.010000000', '0.010000000', '0.010000000', '0.010000000', '0.010000000', '0.010000000', '0.010000000', '0.010000000', '0.010000000', '0.010000000', '0.010000000', '0.010000000', '0.010000000', '0.010000000', '0.010000000', '0.010000000', '0.010000000', '0.010000000', '0.010000000', '0.010000000', '0.010000000', '0.010000000', '0.010000000', '0.010000000', '0.010000000', '0.010000000', '0.010000000', '0.010000000', '0.010000000', '0.010000000', '0.010000000', '0.010000000', '0.010000000']" 
5 Uniform Concatenated 0.085 0.173 0.437 0.065 0.216 0.000 nan 1120.0 1120.0 "['0.010000000', '0.010000000', '0.010000000', '0.010000000', '0.010000000', '0.010000000', '0.010000000', '0.010000000', '0.010000000', '0.010000000', '0.010000000', '0.010000000', '0.010000000', '0.010000000', '0.010000000', '0.010000000', '0.010000000', '0.010000000', '0.010000000', '0.010000000', '0.010000000', '0.010000000', '0.010000000', '0.010000000', '0.010000000', '0.010000000', '0.010000000', '0.010000000', '0.010000000', '0.010000000', '0.010000000', '0.010000000', '0.010000000', '0.010000000', '0.010000000', '0.010000000', '0.010000000', '0.010000000', '0.010000000', '0.010000000', '0.010000000', '0.010000000', '0.010000000', '0.010000000', '0.010000000', '0.010000000', '0.010000000', '0.010000000', '0.010000000', '0.010000000', '0.010000000', '0.010000000', '0.010000000', '0.010000000', '0.010000000', '0.010000000', '0.010000000', '0.010000000', '0.010000000', '0.010000000', '0.010000000', '0.010000000', '0.010000000', '0.010000000', '0.010000000', '0.010000000', '0.010000000', '0.010000000', '0.010000000', '0.010000000', '0.010000000', '0.010000000', '0.010000000', '0.010000000', '0.010000000', '0.010000000', '0.010000000', '0.010000000', '0.010000000', '0.010000000', '0.010000000', '0.010000000', '0.010000000', '0.010000000', '0.010000000', '0.010000000', '0.010000000', '0.010000000', '0.010000000', '0.010000000', '0.010000000', '0.010000000', '0.010000000', '0.010000000', '0.010000000', '0.010000000', '0.010000000', '0.010000000', '0.010000000', '0.010000000']" 
5 Uniform Multiview 0.105 0.233 0.565 0.087 0.290 0.000 0.000 1120.0 1120.0 "[['0.010000000', '0.010000000', '0.010000000', '0.010000000', '0.010000000', '0.010000000', '0.010000000', '0.010000000', '0.010000000', '0.010000000', '0.010000000', '0.010000000', '0.010000000', '0.010000000', '0.010000000', '0.010000000', '0.010000000', '0.010000000', '0.010000000', '0.010000000', '0.010000000', '0.010000000', '0.010000000', '0.010000000', '0.010000000', '0.010000000', '0.010000000', '0.010000000', '0.010000000', '0.010000000', '0.010000000', '0.010000000', '0.010000000', '0.010000000', '0.010000000', '0.010000000', '0.010000000', '0.010000000', '0.010000000', '0.010000000', '0.010000000', '0.010000000', '0.010000000', '0.010000000', '0.010000000', '0.010000000', '0.010000000', '0.010000000', '0.010000000', '0.010000000', '0.010000000', '0.010000000', '0.010000000', '0.010000000', '0.010000000', '0.010000000', '0.010000000', '0.010000000', '0.010000000', '0.010000000', '0.010000000', '0.010000000', '0.010000000', '0.010000000', '0.010000000', '0.010000000', '0.010000000', '0.010000000', '0.010000000', '0.010000000', '0.010000000', '0.010000000', '0.010000000', '0.010000000', '0.010000000', '0.010000000', '0.010000000', '0.010000000', '0.010000000', '0.010000000', '0.010000000', '0.010000000', '0.010000000', '0.010000000', '0.010000000', '0.010000000', '0.010000000', '0.010000000', '0.010000000', '0.010000000', '0.010000000', '0.010000000', '0.010000000', '0.010000000', '0.010000000', '0.010000000', '0.010000000', '0.010000000', '0.010000000', '0.010000000'], ['0.010000000', '0.010000000', '0.010000000', '0.010000000', '0.010000000', '0.010000000', '0.010000000', '0.010000000', '0.010000000', '0.010000000', '0.010000000', '0.010000000', '0.010000000', '0.010000000', '0.010000000', '0.010000000', '0.010000000', '0.010000000', '0.010000000', '0.010000000', '0.010000000', '0.010000000', '0.010000000', '0.010000000', '0.010000000', '0.010000000', '0.010000000', '0.010000000', '0.010000000', '0.010000000', '0.010000000', '0.010000000', '0.010000000', '0.010000000', '0.010000000', '0.010000000', '0.010000000', '0.010000000', '0.010000000', '0.010000000', '0.010000000', '0.010000000', '0.010000000', '0.010000000', '0.010000000', '0.010000000', '0.010000000', '0.010000000', '0.010000000', '0.010000000', '0.010000000', '0.010000000', '0.010000000', '0.010000000', '0.010000000', '0.010000000', '0.010000000', '0.010000000', '0.010000000', '0.010000000', '0.010000000', '0.010000000', '0.010000000', '0.010000000', '0.010000000', '0.010000000', '0.010000000', '0.010000000', '0.010000000', '0.010000000', '0.010000000', '0.010000000', '0.010000000', '0.010000000', '0.010000000', '0.010000000', '0.010000000', '0.010000000', '0.010000000', '0.010000000', '0.010000000', '0.010000000', '0.010000000', '0.010000000', '0.010000000', '0.010000000', '0.010000000', '0.010000000', '0.010000000', '0.010000000', '0.010000000', '0.010000000', '0.010000000', '0.010000000', '0.010000000', '0.010000000', '0.010000000', '0.010000000', '0.010000000', '0.010000000'], ['0.010000000', '0.010000000', '0.010000000', '0.010000000', '0.010000000', '0.010000000', '0.010000000', '0.010000000', '0.010000000', '0.010000000', '0.010000000', '0.010000000', '0.010000000', '0.010000000', '0.010000000', '0.010000000', '0.010000000', '0.010000000', '0.010000000', '0.010000000', '0.010000000', '0.010000000', '0.010000000', '0.010000000', '0.010000000', '0.010000000', '0.010000000', '0.010000000', '0.010000000', '0.010000000', '0.010000000', '0.010000000', '0.010000000', '0.010000000', '0.010000000', '0.010000000', '0.010000000', '0.010000000', '0.010000000', '0.010000000', '0.010000000', '0.010000000', '0.010000000', '0.010000000', '0.010000000', '0.010000000', '0.010000000', '0.010000000', '0.010000000', '0.010000000', '0.010000000', '0.010000000', '0.010000000', '0.010000000', '0.010000000', '0.010000000', '0.010000000', '0.010000000', '0.010000000', '0.010000000', '0.010000000', '0.010000000', '0.010000000', '0.010000000', '0.010000000', '0.010000000', '0.010000000', '0.010000000', '0.010000000', '0.010000000', '0.010000000', '0.010000000', '0.010000000', '0.010000000', '0.010000000', '0.010000000', '0.010000000', '0.010000000', '0.010000000', '0.010000000', '0.010000000', '0.010000000', '0.010000000', '0.010000000', '0.010000000', '0.010000000', '0.010000000', '0.010000000', '0.010000000', '0.010000000', '0.010000000', '0.010000000', '0.010000000', '0.010000000', '0.010000000', '0.010000000', '0.010000000', '0.010000000', '0.010000000', '0.010000000'], ['0.010000000', '0.010000000', '0.010000000', '0.010000000', '0.010000000', '0.010000000', '0.010000000', '0.010000000', '0.010000000', '0.010000000', '0.010000000', '0.010000000', '0.010000000', '0.010000000', '0.010000000', '0.010000000', '0.010000000', '0.010000000', '0.010000000', '0.010000000', '0.010000000', '0.010000000', '0.010000000', '0.010000000', '0.010000000', '0.010000000', '0.010000000', '0.010000000', '0.010000000', '0.010000000', '0.010000000', '0.010000000', '0.010000000', '0.010000000', '0.010000000', '0.010000000', '0.010000000', '0.010000000', '0.010000000', '0.010000000', '0.010000000', '0.010000000', '0.010000000', '0.010000000', '0.010000000', '0.010000000', '0.010000000', '0.010000000', '0.010000000', '0.010000000', '0.010000000', '0.010000000', '0.010000000', '0.010000000', '0.010000000', '0.010000000', '0.010000000', '0.010000000', '0.010000000', '0.010000000', '0.010000000', '0.010000000', '0.010000000', '0.010000000', '0.010000000', '0.010000000', '0.010000000', '0.010000000', '0.010000000', '0.010000000', '0.010000000', '0.010000000', '0.010000000', '0.010000000', '0.010000000', '0.010000000', '0.010000000', '0.010000000', '0.010000000', '0.010000000', '0.010000000', '0.010000000', '0.010000000', '0.010000000', '0.010000000', '0.010000000', '0.010000000', '0.010000000', '0.010000000', '0.010000000', '0.010000000', '0.010000000', '0.010000000', '0.010000000', '0.010000000', '0.010000000', '0.010000000', '0.010000000', '0.010000000', '0.010000000']]" "['0.250000000', '0.250000000', '0.250000000', '0.250000000']"
5 PBkl View1 0.312 0.329 0.770 0.186 0.287 0.305 nan 1120.0 1120.0 "['0.003917631', '0.020407652', '0.018953934', '0.003917631', '0.003669051', '0.019891303', '0.012914591', '0.011727761', '0.003473954', '0.003884930', '0.019548947', '0.006024020', '0.002514471', '0.004088773', '0.017008279', '0.022970824', '0.004421190', '0.019060824', '0.019638211', '0.019457048', '0.019060824', '0.004025657', '0.002514471', '0.004482880', '0.019060824', '0.003669051', '0.004400671', '0.004088773', '0.022878954', '0.004381861', '0.022988480', '0.004435619', '0.004371506', '0.007422589', '0.018953934', '0.004025657', '0.003669051', '0.011727761', '0.004485120', '0.003884930', '0.003884930', '0.004405021', '0.020197952', '0.019060824', '0.019362416', '0.003767879', '0.004448581', '0.004001583', '0.003473954', '0.007422589', '0.022988480', '0.019060824', '0.004557923', '0.003473954', '0.012914591', '0.004405021', '0.020048730', '0.019362416', '0.004451618', '0.003473954', '0.020269638', '0.004432160', '0.004480590', '0.004465724', '0.019457048', '0.003767879', '0.003473954', '0.004454580', '0.019060824', '0.004409243', '0.023073336', '0.004493610', '0.004329055', '0.012144537', '0.019362416', '0.002514471', '0.002514471', '0.001908893', '0.004530063', '0.023073336', '0.003473954', '0.011287835', '0.020048730', '0.004432160', '0.018953934', '0.022970824', '0.022878954', '0.005274766', '0.019638211', '0.002514471', '0.004515326', '0.003473954', '0.004538984', '0.004512049', '0.012539671', '0.004542508', '0.004432160', '0.002514471', '0.019971078', '0.004487311']" 
5 PBkl View2 0.146 0.138 0.371 0.097 0.084 1.629 nan 1120.0 1120.0 "['0.000614339', '0.035449505', '0.000624968', '0.075905308', '0.001572321', '0.000795173', '0.000643445', '0.001572321', '0.000638183', '0.000609747', '0.057398170', '0.000790037', '0.000668941', '0.040614549', '0.000619547', '0.000643445', '0.000701403', '0.000607118', '0.000790037', '0.000610032', '0.001572321', '0.040614549', '0.000619547', '0.000668941', '0.000614339', '0.000668941', '0.000701403', '0.051709011', '0.000643445', '0.067818940', '0.000619547', '0.004774578', '0.067818940', '0.004774578', '0.000611930', '0.000790037', '0.000630373', '0.000630373', '0.000627437', '0.040614549', '0.000613632', '0.001145634', '0.000617050', '0.006621946', '0.002291242', '0.000650000', '0.000630373', '0.009328051', '0.000790037', '0.001771653', '0.000607887', '0.006621946', '0.005610435', '0.001771653', '0.002008904', '0.000643445', '0.046060808', '0.000609027', '0.000621087', '0.000795173', '0.000610343', '0.000624968', '0.001572321', '0.000633900', '0.000795173', '0.000610343', '0.013254590', '0.004082430', '0.000615133', '0.000622875', '0.000668941', '0.001264153', '0.004082430', '0.007846746', '0.000624968', '0.075905308', '0.000624968', '0.000609747', '0.004774578', '0.000606263', '0.000790037', '0.000624968', '0.000618212', '0.040614549', '0.000682873', '0.000615133', '0.002291242', '0.005610435', '0.051709011', '0.007846746', '0.011113774', '0.000701403', '0.000795173', '0.000615133', '0.002008904', '0.000668941', '0.000622875', '0.075905308', '0.075905308', '0.000627437']" 
5 PBkl View3 0.154 0.191 0.479 0.115 0.151 0.424 nan 1120.0 1120.0 "['0.017568061', '0.013472416', '0.016442014', '0.001657952', '0.001877590', '0.018184390', '0.018431174', '0.015816605', '0.018312017', '0.018184390', '0.004172214', '0.018924037', '0.017740453', '0.017380903', '0.018744955', '0.001812366', '0.015040575', '0.011178494', '0.001788561', '0.004172214', '0.018431174', '0.011178494', '0.001695120', '0.001807266', '0.001828827', '0.015816605', '0.001683948', '0.001738193', '0.018646944', '0.013472416', '0.004172214', '0.012043322', '0.016710529', '0.014580195', '0.018047353', '0.001792101', '0.015040575', '0.018744955', '0.001723099', '0.018924037', '0.017380903', '0.002326927', '0.001849078', '0.005365676', '0.009105734', '0.018744955', '0.005365676', '0.016442014', '0.018184390', '0.007907193', '0.011178494', '0.001723099', '0.001457182', '0.016954536', '0.001625627', '0.017380903', '0.011178494', '0.013472416', '0.001823289', '0.004172214', '0.018431174', '0.018744955', '0.001756943', '0.013472416', '0.018646944', '0.018431174', '0.001737635', '0.015816605', '0.009105734', '0.001751140', '0.016710529', '0.001842176', '0.011178494', '0.001723099', '0.002326927', '0.001848012', '0.001738193', '0.018744955', '0.016145468', '0.005365676', '0.001756943', '0.001657952', '0.011178494', '0.001814746', '0.001625627', '0.014580195', '0.018744955', '0.018431174', '0.001683948', '0.016954536', '0.001812366', '0.001880651', '0.017380903', '0.001858184', '0.010200105', '0.016145468', '0.018646944', '0.001772185', '0.001868669', '0.001870243']" 
5 PBkl View4 0.114 0.163 0.424 0.094 0.137 1.358 nan 1120.0 1120.0 "['0.001058804', '0.036718063', '0.004640182', '0.002743742', '0.001337271', '0.001785618', '0.000906161', '0.000833783', '0.000876662', '0.003860036', '0.043626022', '0.002743742', '0.002347890', '0.004640182', '0.043626022', '0.000711034', '0.090980098', '0.002033275', '0.043626022', '0.000792944', '0.030433698', '0.000906161', '0.008469633', '0.000783101', '0.001392912', '0.000906161', '0.001593256', '0.002033275', '0.001265966', '0.000804380', '0.000792944', '0.004640182', '0.000707781', '0.043626022', '0.000876662', '0.001058804', '0.006877633', '0.000697924', '0.000817810', '0.001148118', '0.001058804', '0.000992995', '0.004640182', '0.001265966', '0.000700011', '0.001226494', '0.000876662', '0.002347890', '0.001226494', '0.000876662', '0.010491426', '0.005626073', '0.001265966', '0.090980098', '0.000804380', '0.001265966', '0.000792944', '0.001262191', '0.090980098', '0.001058804', '0.000906161', '0.000697924', '0.036718063', '0.030433698', '0.002347890', '0.002347890', '0.001148118', '0.010491426', '0.010491426', '0.000712821', '0.000693498', '0.030433698', '0.001265966', '0.000732839', '0.002347890', '0.000774547', '0.010491426', '0.030433698', '0.002347890', '0.000792944', '0.001262191', '0.002347890', '0.000740272', '0.000736384', '0.000676855', '0.043626022', '0.000740272', '0.001226494', '0.087796554', '0.036718063', '0.016235244', '0.001593256', '0.000792944', '0.000943804', '0.000706297', '0.000804380', '0.000992995', '0.001337271', '0.000792944', '0.003860036']" 
5 PBkl Concatenated 0.141 0.142 0.379 0.088 0.109 1.518 nan 1120.0 1120.0 "['0.019766171', '0.000832348', '0.000805222', '0.000850023', '0.000808903', '0.000816955', '0.002716613', '0.000800431', '0.000798797', '0.000796724', '0.000812493', '0.019766171', '0.001551297', '0.005941187', '0.022481145', '0.000824935', '0.000834908', '0.001034128', '0.001344293', '0.003101867', '0.000834908', '0.000802772', '0.003101867', '0.000819037', '0.011579382', '0.032243747', '0.000805222', '0.087679662', '0.072719932', '0.032243747', '0.002372576', '0.002372576', '0.000843872', '0.001171647', '0.000805222', '0.000798797', '0.001034128', '0.000795918', '0.000800431', '0.000862611', '0.000796724', '0.075923949', '0.000931634', '0.001551297', '0.002065155', '0.002716613', '0.000822900', '0.002716613', '0.087679662', '0.072719932', '0.007737090', '0.000816955', '0.000814772', '0.039883945', '0.006776191', '0.001034128', '0.000803444', '0.032243747', '0.000829519', '0.000808903', '0.087679662', '0.000846870', '0.000841274', '0.000858491', '0.001791700', '0.011579382', '0.000852169', '0.087679662', '0.003101867', '0.000851660', '0.007737090', '0.019766171', '0.000807691', '0.000822900', '0.000826381', '0.000805222', '0.002372576', '0.001551297', '0.000821018', '0.003101867', '0.065296099', '0.000829519', '0.000845431', '0.000826381', '0.000796409', '0.000805222', '0.000848201', '0.000830969', '0.001171647', '0.001171647', '0.001171647', '0.001034128', '0.000807691', '0.000852169', '0.001034128', '0.002716613', '0.000796724', '0.000803444', '0.000824686', '0.000796409']" 
5 PBkl Multiview 0.092 0.186 0.468 0.071 0.238 0.267 0.156 1120.0 1120.0 "[['0.004067944', '0.018269662', '0.018094445', '0.004067944', '0.004028014', '0.018210109', '0.016956665', '0.016589750', '0.003998512', '0.004062562', '0.018169044', '0.012623270', '0.003889281', '0.004096702', '0.017816141', '0.018530410', '0.004154881', '0.018108170', '0.018179882', '0.018157804', '0.018108170', '0.004085991', '0.003889281', '0.004165954', '0.018108170', '0.004028014', '0.004151215', '0.004096702', '0.018521916', '0.004147860', '0.018532030', '0.004157465', '0.004146018', '0.014177402', '0.018094445', '0.004085991', '0.004028014', '0.016589750', '0.004166359', '0.004062562', '0.004062562', '0.004151991', '0.018245796', '0.018108170', '0.018146120', '0.004043605', '0.004159789', '0.004081935', '0.003998512', '0.014177402', '0.018532030', '0.018108170', '0.004179528', '0.003998512', '0.016956665', '0.004151991', '0.018228553', '0.018146120', '0.004160332', '0.003998512', '0.018254012', '0.004156845', '0.004165542', '0.004162866', '0.018157804', '0.004043605', '0.003998512', '0.004160863', '0.018108170', '0.004152744', '0.018539820', '0.004167887', '0.004138488', '0.016727265', '0.018146120', '0.003889281', '0.003889281', '0.003870036', '0.004174478', '0.018539820', '0.003998512', '0.016432781', '0.018228553', '0.004156845', '0.018094445', '0.018530410', '0.018521916', '0.011497732', '0.018179882', '0.003889281', '0.004171812', '0.003998512', '0.004176092', '0.004171220', '0.016848700', '0.004176731', '0.004156845', '0.003889281', '0.018219506', '0.004166754'], ['0.016913706', '0.018586494', '0.003739266', '0.003677315', '0.018262310', '0.017656690', '0.003636092', '0.003603305', '0.017656690', '0.003706826', '0.003750366', '0.016131535', '0.015311100', '0.018645275', '0.003732864', '0.003702104', '0.003780440', '0.003677315', '0.003621161', '0.003636092', '0.003706826', '0.003669056', '0.017541982', '0.017936710', '0.018520467', '0.018586494', '0.017413387', '0.018645275', '0.017936710', '0.017268235', '0.003742910', '0.018645275', '0.003581589', '0.016436972', '0.018520467', '0.003744572', '0.018484294', '0.003621161', '0.018520467', '0.003659627', '0.018645275', '0.017759595', '0.017541982', '0.017541982', '0.003715037', '0.003721935', '0.003243390', '0.018645275', '0.003768109', '0.003677315', '0.003718626', '0.003337268', '0.003732864', '0.003621161', '0.003554670', '0.018484294', '0.003581589', '0.003636092', '0.003520536', '0.016131535', '0.018484294', '0.018404562', '0.016131535', '0.003727799', '0.015311100', '0.003476129', '0.018484294', '0.003677315', '0.003648758', '0.003669056', '0.003774334', '0.017413387', '0.003669056', '0.003742910', '0.003746141', '0.017852476', '0.015311100', '0.018586494', '0.003337268', '0.018484294', '0.018404562', '0.003659627', '0.003742910', '0.003677315', '0.003636092', '0.003724983', '0.003746141', '0.018484294', '0.003636092', '0.003416871', '0.004780444', '0.003691084', '0.003718626', '0.018520467', '0.017541982', '0.003742910', '0.003677315', '0.016131535', '0.018404562', '0.017541982'], ['0.014007297', '0.003254652', '0.015067637', '0.015340647', '0.015067637', '0.015865641', '0.003199702', '0.015834728', '0.009752892', '0.003285514', '0.015340647', '0.016071351', '0.015067637', '0.014951537', '0.015834728', '0.002993572', '0.015640451', '0.003263307', '0.014007297', '0.015834728', '0.003281250', '0.015067637', '0.003322267', '0.014007297', '0.003281250', '0.015640451', '0.015894527', '0.003147810', '0.003270382', '0.016034439', '0.003306395', '0.007776791', '0.003229931', '0.003293902', '0.015801547', '0.015865641', '0.014007297', '0.003088259', '0.005361501', '0.003267011', '0.015834728', '0.016088398', '0.012767826', '0.003303045', '0.015727356', '0.015727356', '0.014267199', '0.015340647', '0.003312102', '0.014818246', '0.003168729', '0.003254652', '0.003303944', '0.003259206', '0.015640451', '0.011122378', '0.015685685', '0.014818246', '0.003303944', '0.003302105', '0.003292437', '0.003324715', '0.016034439', '0.015640451', '0.015993230', '0.015067637', '0.003312102', '0.003168729', '0.003310425', '0.003168729', '0.003295282', '0.003314069', '0.003121582', '0.015921552', '0.003316555', '0.003237343', '0.003088259', '0.015640451', '0.014663721', '0.007776791', '0.002993572', '0.003305613', '0.003168729', '0.016034439', '0.016034439', '0.015067637', '0.003317279', '0.015067637', '0.015537317', '0.012767826', '0.015640451', '0.014267199', '0.003324715', '0.015067637', '0.015801547', '0.015067637', '0.003278860', '0.015834728', '0.015993230', '0.015067637'], ['0.003642278', '0.016925905', '0.016396284', '0.003624710', '0.016604355', '0.017487593', '0.017487593', '0.017603880', '0.003634626', '0.003610148', '0.008928396', '0.018006437', '0.016143044', '0.014899909', '0.003554121', '0.013134745', '0.003563597', '0.013134745', '0.017909173', '0.016143044', '0.003457280', '0.017816646', '0.003646754', '0.003632222', '0.015427459', '0.005363460', '0.003635348', '0.014177264', '0.017816646', '0.003528603', '0.018006437', '0.003554121', '0.003571584', '0.016604355', '0.003457280', '0.015427459', '0.003584264', '0.018006437', '0.015828440', '0.005363460', '0.003554121', '0.016778328', '0.015828440', '0.016604355', '0.017258974', '0.003563597', '0.003414444', '0.003487973', '0.003624710', '0.003487973', '0.016604355', '0.003604644', '0.003589385', '0.003678658', '0.003265193', '0.017344091', '0.017816646', '0.003510891', '0.003637313', '0.003593890', '0.003487973', '0.016143044', '0.017780878', '0.003621864', '0.003487973', '0.018027175', '0.017700056', '0.018006437', '0.014899909', '0.003610148', '0.017780878', '0.017487593', '0.003487973', '0.008928396', '0.003352231', '0.003649336', '0.017419808', '0.003593890', '0.016778328', '0.015427459', '0.015828440', '0.003639028', '0.016778328', '0.003487973', '0.003487973', '0.003563597', '0.003265193', '0.015427459', '0.016604355', '0.013134745', '0.017258974', '0.017909173', '0.003584264', '0.003528603', '0.003352231', '0.005363460', '0.018006437', '0.003628326', '0.003528603', '0.005363460']]" "['0.070840120', '0.325715721', '0.286916226', '0.316527903']"
5 PBkl_inv View1 0.268 0.260 0.636 0.194 0.131 1.885 nan 1120.0 1120.0 "['0.000465033', '0.011814187', '0.004742254', '0.000465033', '0.000447907', '0.008135284', '0.001107969', '0.000973086', '0.000438939', '0.000462294', '0.006553573', '0.000630625', '0.000420793', '0.000482742', '0.002306341', '0.099643059', '0.000544836', '0.005003512', '0.006917976', '0.006208398', '0.005003512', '0.000475470', '0.000420793', '0.000563581', '0.005003512', '0.000447907', '0.000539304', '0.000482742', '0.096264079', '0.000534491', '0.100228146', '0.000548929', '0.000531945', '0.000688698', '0.004742254', '0.000475470', '0.000447907', '0.000973086', '0.000564327', '0.000462294', '0.000462294', '0.000540453', '0.010081137', '0.005003512', '0.005881628', '0.000453784', '0.000552749', '0.000472941', '0.000438939', '0.000688698', '0.100228146', '0.005003512', '0.000591600', '0.000438939', '0.001107969', '0.000540453', '0.009059075', '0.005881628', '0.000553665', '0.000438939', '0.010631259', '0.000547932', '0.000562824', '0.000558026', '0.006208398', '0.000453784', '0.000438939', '0.000554565', '0.005003512', '0.000541580', '0.102791168', '0.000567201', '0.000522207', '0.001015995', '0.005881628', '0.000420793', '0.000420793', '0.000419161', '0.000580426', '0.102791168', '0.000438939', '0.000932058', '0.009059075', '0.000547932', '0.004742254', '0.099643059', '0.096264079', '0.000603330', '0.006917976', '0.000420793', '0.000574900', '0.000438939', '0.000583896', '0.000573705', '0.001060917', '0.000585295', '0.000547932', '0.000420793', '0.008585353', '0.000565062']" 
5 PBkl_inv View2 0.144 0.138 0.371 0.097 0.083 1.702 nan 1120.0 1120.0 "['0.000565090', '0.036569525', '0.000563364', '0.074716136', '0.001501994', '0.000631728', '0.000565896', '0.001501994', '0.000564795', '0.000568118', '0.057936888', '0.000670750', '0.000573449', '0.041691955', '0.000563716', '0.000565896', '0.000585891', '0.000572082', '0.000670750', '0.000567838', '0.001501994', '0.041691955', '0.000563716', '0.000573449', '0.000565090', '0.000573449', '0.000585891', '0.052525267', '0.000565896', '0.067488708', '0.000563716', '0.004809673', '0.067488708', '0.004809673', '0.000566346', '0.000670750', '0.000563656', '0.000563656', '0.000563434', '0.041691955', '0.000565405', '0.001059629', '0.000564205', '0.006757649', '0.002233398', '0.000567540', '0.000563656', '0.009620582', '0.000670750', '0.001705208', '0.000570556', '0.006757649', '0.005689679', '0.001705208', '0.001946286', '0.000565896', '0.047042705', '0.000568919', '0.000563530', '0.000631728', '0.000567551', '0.000563364', '0.001501994', '0.000564085', '0.000631728', '0.000567551', '0.013770935', '0.004084075', '0.000564785', '0.000563406', '0.000573449', '0.001184020', '0.004084075', '0.008052978', '0.000563364', '0.074716136', '0.000563364', '0.000568118', '0.004809673', '0.000574672', '0.000670750', '0.000563364', '0.000563942', '0.041691955', '0.000578524', '0.000564785', '0.002233398', '0.005689679', '0.052525267', '0.008052978', '0.011509691', '0.000585891', '0.000631728', '0.000564785', '0.001946286', '0.000573449', '0.000563406', '0.074716136', '0.074716136', '0.000563434']" 
5 PBkl_inv View3 0.162 0.182 0.466 0.130 0.104 1.322 nan 1120.0 1120.0 "['0.014559745', '0.002121225', '0.006243931', '0.000532315', '0.000494823', '0.026394121', '0.033680830', '0.004480115', '0.029967844', '0.026394121', '0.000841720', '0.049898643', '0.017088605', '0.012339218', '0.044294946', '0.000503336', '0.003268089', '0.001458146', '0.000507031', '0.000841720', '0.033680830', '0.001458146', '0.000524303', '0.000504102', '0.000500959', '0.004480115', '0.000526647', '0.000515810', '0.040988784', '0.002121225', '0.000841720', '0.001641005', '0.007401066', '0.002812986', '0.023030637', '0.000506462', '0.003268089', '0.044294946', '0.000518686', '0.049898643', '0.012339218', '0.000753499', '0.000498243', '0.000903429', '0.001176359', '0.044294946', '0.000903429', '0.006243931', '0.026394121', '0.001068580', '0.001458146', '0.000518686', '0.000585897', '0.008782841', '0.000539786', '0.012339218', '0.001458146', '0.002121225', '0.000501742', '0.000841720', '0.033680830', '0.044294946', '0.000512392', '0.002121225', '0.040988784', '0.033680830', '0.000725858', '0.004480115', '0.001176359', '0.000513433', '0.007401066', '0.000499143', '0.001458146', '0.000518686', '0.000753499', '0.000498380', '0.000515810', '0.044294946', '0.005280150', '0.000903429', '0.000512392', '0.000532315', '0.001458146', '0.000502983', '0.000539786', '0.002812986', '0.044294946', '0.033680830', '0.000526647', '0.008782841', '0.000503336', '0.000494484', '0.012339218', '0.000497097', '0.001304898', '0.005280150', '0.040988784', '0.000509744', '0.000495843', '0.000495659']" 
5 PBkl_inv View4 0.112 0.163 0.424 0.095 0.136 1.458 nan 1120.0 1120.0 "['0.000824716', '0.038331792', '0.004633257', '0.002639563', '0.001151020', '0.001647769', '0.000746123', '0.000710071', '0.000731337', '0.003805894', '0.045193594', '0.002639563', '0.002231286', '0.004633257', '0.045193594', '0.000651511', '0.088085108', '0.001906538', '0.045193594', '0.000690127', '0.031975139', '0.000746123', '0.008745888', '0.000685374', '0.001024695', '0.000746123', '0.001441697', '0.001906538', '0.000940821', '0.000695673', '0.000690127', '0.004633257', '0.000650037', '0.045193594', '0.000731337', '0.000824716', '0.007031398', '0.000645604', '0.000702230', '0.000872855', '0.000824716', '0.000790374', '0.004633257', '0.000940821', '0.000646537', '0.000991395', '0.000731337', '0.002231286', '0.000991395', '0.000731337', '0.010925033', '0.005687032', '0.000940821', '0.088085108', '0.000695673', '0.000940821', '0.000690127', '0.001055414', '0.088085108', '0.000824716', '0.000746123', '0.000645604', '0.038331792', '0.031975139', '0.002231286', '0.002231286', '0.000872855', '0.010925033', '0.010925033', '0.000652325', '0.000643635', '0.031975139', '0.000940821', '0.000661540', '0.002231286', '0.000681263', '0.010925033', '0.031975139', '0.002231286', '0.000690127', '0.001055414', '0.002231286', '0.000665010', '0.000663192', '0.000636364', '0.045193594', '0.000665010', '0.000991395', '0.085332096', '0.038331792', '0.017098399', '0.001441697', '0.000690127', '0.000765176', '0.000649366', '0.000695673', '0.000790374', '0.001151020', '0.000690127', '0.003805894']" 
5 PBkl_inv Concatenated 0.143 0.141 0.377 0.090 0.101 1.785 nan 1120.0 1120.0 "['0.017066846', '0.000586826', '0.000565076', '0.000602106', '0.000582511', '0.000574169', '0.001952695', '0.000561632', '0.000564201', '0.000559386', '0.000570638', '0.017066846', '0.001182302', '0.004424825', '0.019829605', '0.000630810', '0.000588992', '0.000836905', '0.001049770', '0.002226030', '0.000588992', '0.000563281', '0.002226030', '0.000575839', '0.009269007', '0.030384036', '0.000565076', '0.095748678', '0.078402303', '0.030384036', '0.001716557', '0.001716557', '0.000596703', '0.000935311', '0.000565076', '0.000564201', '0.000836905', '0.000559339', '0.000561632', '0.000683006', '0.000559386', '0.082434945', '0.000753050', '0.001182302', '0.001512289', '0.001952695', '0.000578975', '0.001952695', '0.095748678', '0.078402303', '0.005913700', '0.000574169', '0.000572432', '0.039119512', '0.005109919', '0.000836905', '0.000571144', '0.030384036', '0.000584451', '0.000582511', '0.095748678', '0.000599325', '0.000594451', '0.000609687', '0.001335443', '0.009269007', '0.000604012', '0.095748678', '0.002226030', '0.000603558', '0.005913700', '0.017066846', '0.000566932', '0.000578975', '0.000581842', '0.000565076', '0.001716557', '0.001182302', '0.000577442', '0.002226030', '0.068943307', '0.000584451', '0.000598064', '0.000581842', '0.000560663', '0.000565076', '0.000600497', '0.000585666', '0.000935311', '0.000935311', '0.000935311', '0.000836905', '0.000566932', '0.000604012', '0.000836905', '0.001952695', '0.000559386', '0.000571144', '0.000580441', '0.000560663']" 
5 PBkl_inv Multiview 0.137 0.143 0.388 0.085 0.122 1.779 1.256 1120.0 1120.0 "[['0.001118926', '0.027073665', '0.017998571', '0.001118926', '0.001055320', '0.023533845', '0.003641384', '0.002927206', '0.001017403', '0.001109374', '0.021375816', '0.001470158', '0.000918730', '0.001176085', '0.010113893', '0.048172116', '0.001333452', '0.018569991', '0.021923454', '0.020823011', '0.018569991', '0.001153502', '0.000918730', '0.001371837', '0.018569991', '0.001055320', '0.001321440', '0.001176085', '0.047369521', '0.001310737', '0.048326265', '0.001342120', '0.001304968', '0.001671832', '0.017998571', '0.001153502', '0.001055320', '0.002927206', '0.001373297', '0.001109374', '0.001109374', '0.001323956', '0.025596030', '0.018569991', '0.020265764', '0.001078271', '0.001350063', '0.001145368', '0.001017403', '0.001671832', '0.048326265', '0.018569991', '0.001423578', '0.001017403', '0.003641384', '0.001323956', '0.024577681', '0.020265764', '0.001351947', '0.001017403', '0.026095185', '0.001340023', '0.001370351', '0.001360805', '0.020823011', '0.001078271', '0.001017403', '0.001353792', '0.018569991', '0.001326413', '0.049066279', '0.001378870', '0.001282218', '0.003148324', '0.020265764', '0.000918730', '0.000918730', '0.000896975', '0.001403675', '0.049066279', '0.001017403', '0.002722198', '0.024577681', '0.001340023', '0.017998571', '0.048172116', '0.047369521', '0.001381719', '0.021923454', '0.000918730', '0.001393484', '0.001017403', '0.001409957', '0.001391246', '0.003386182', '0.001412460', '0.001340023', '0.000918730', '0.024058931', '0.001374732'], ['0.001471171', '0.055243850', '0.000388580', '0.000419230', '0.011108662', '0.002758314', '0.000439001', '0.000453917', '0.002758314', '0.000404602', '0.000383274', '0.001079397', '0.000900349', '0.066630766', '0.000391699', '0.000406955', '0.000370018', '0.000419230', '0.000445892', '0.000439001', '0.000404602', '0.000423262', '0.002402077', '0.004363167', '0.039493192', '0.055243850', '0.002105749', '0.066630766', '0.004363167', '0.001857585', '0.000386825', '0.066630766', '0.000463343', '0.001190680', '0.039493192', '0.000386027', '0.032585494', '0.000445892', '0.039493192', '0.000427832', '0.066630766', '0.003189640', '0.002402077', '0.002402077', '0.000400513', '0.000397089', '0.000570596', '0.066630766', '0.000375196', '0.000419230', '0.000398728', '0.000546082', '0.000391699', '0.000445892', '0.000474522', '0.032585494', '0.000463343', '0.000439001', '0.000487884', '0.001079397', '0.032585494', '0.021335140', '0.001079397', '0.000394185', '0.000900349', '0.000503968', '0.032585494', '0.000419230', '0.000433035', '0.000423262', '0.000372533', '0.002105749', '0.000423262', '0.000386825', '0.000385277', '0.003715888', '0.000900349', '0.055243850', '0.000546082', '0.032585494', '0.021335140', '0.000427832', '0.000386825', '0.000419230', '0.000439001', '0.000395579', '0.000385277', '0.032585494', '0.000439001', '0.000523304', '0.000576453', '0.000412432', '0.000398728', '0.039493192', '0.002402077', '0.000386825', '0.000419230', '0.001079397', '0.021335140', '0.002402077'], ['0.002396371', '0.000710018', '0.007011065', '0.011523596', '0.007011065', '0.029677970', '0.000696966', '0.028363461', '0.001096299', '0.000721760', '0.011523596', '0.038293023', '0.007011065', '0.005838810', '0.028363461', '0.000712048', '0.020521920', '0.000712929', '0.002396371', '0.028363461', '0.000719900', '0.007011065', '0.000741685', '0.002396371', '0.000719900', '0.020521920', '0.030909751', '0.000691033', '0.000715520', '0.036795042', '0.000732150', '0.000987587', '0.000703092', '0.000725667', '0.026963169', '0.029677970', '0.002396371', '0.000689518', '0.000892244', '0.000714263', '0.028363461', '0.038973626', '0.001557496', '0.000730331', '0.023902912', '0.023902912', '0.002824456', '0.011523596', '0.000735403', '0.004847261', '0.000692825', '0.000710018', '0.000730813', '0.000711517', '0.020521920', '0.001223908', '0.022248637', '0.004847261', '0.000730813', '0.000729830', '0.000724960', '0.000743296', '0.036795042', '0.020521920', '0.035089161', '0.007011065', '0.000735403', '0.000692825', '0.000734427', '0.000692825', '0.000726342', '0.000736567', '0.000689760', '0.032061689', '0.000738073', '0.000704972', '0.000689518', '0.020521920', '0.004027059', '0.000987587', '0.000712048', '0.000731722', '0.000692825', '0.036795042', '0.036795042', '0.007011065', '0.000738522', '0.007011065', '0.016914757', '0.001557496', '0.020521920', '0.002824456', '0.000743296', '0.007011065', '0.026963169', '0.007011065', '0.000718894', '0.028363461', '0.035089161', '0.007011065'], ['0.000544096', '0.003646237', '0.002193878', '0.000547019', '0.002580105', '0.012378439', '0.012378439', '0.019167319', '0.000545227', '0.000550266', '0.000769751', '0.076506756', '0.001877766', '0.001222215', '0.000567421', '0.000949922', '0.000564127', '0.000949922', '0.061798967', '0.001877766', '0.000605246', '0.045843966', '0.000543550', '0.000545629', '0.001401526', '0.000711903', '0.000545110', '0.001073199', '0.045843966', '0.000576806', '0.076506756', '0.000567421', '0.000561457', '0.002580105', '0.000605246', '0.001401526', '0.000557429', '0.076506756', '0.001617293', '0.000711903', '0.000567421', '0.003055705', '0.001617293', '0.002580105', '0.006503494', '0.000564127', '0.000622760', '0.000592774', '0.000547019', '0.000592774', '0.002580105', '0.000551650', '0.000555890', '0.000685486', '0.000681665', '0.008013831', '0.045843966', '0.000583651', '0.000544803', '0.000554583', '0.000592774', '0.001877766', '0.040012009', '0.000547601', '0.000592774', '0.079051450', '0.028671725', '0.076506756', '0.001222215', '0.000550266', '0.040012009', '0.012378439', '0.000592774', '0.000769751', '0.000647719', '0.000543276', '0.009938806', '0.000554583', '0.003055705', '0.001401526', '0.001617293', '0.000544547', '0.003055705', '0.000592774', '0.000592774', '0.000564127', '0.000681665', '0.001401526', '0.002580105', '0.000949922', '0.006503494', '0.061798967', '0.000557429', '0.000576806', '0.000647719', '0.000711903', '0.076506756', '0.000546325', '0.000576806', '0.000711903']]" "['0.010548147', '0.832462311', '0.021661298', '0.135328263']"
5 TND_DIS View1 0.330 0.355 0.829 0.188 0.335 0.042 nan 1120.0 11201.0 "['0.007944630', '0.010085427', '0.009283614', '0.007944630', '0.007989059', '0.020258648', '0.009346316', '0.008508436', '0.008192296', '0.015275137', '0.015600557', '0.014758115', '0.008156426', '0.009463287', '0.009587719', '0.015811142', '0.008651978', '0.009286433', '0.015424282', '0.009627576', '0.009286433', '0.009720356', '0.008156426', '0.007093978', '0.009286433', '0.007989059', '0.008942823', '0.009463287', '0.014909794', '0.008045671', '0.015415709', '0.008178770', '0.008648357', '0.008548117', '0.009283614', '0.009720356', '0.007989059', '0.008567174', '0.007497078', '0.015275137', '0.015275137', '0.007552771', '0.010009679', '0.009286433', '0.009478559', '0.014988258', '0.008595879', '0.007804343', '0.008192296', '0.008548117', '0.015415709', '0.009286433', '0.006283035', '0.008093571', '0.009346316', '0.007552771', '0.009907932', '0.009478559', '0.007749763', '0.008093571', '0.020703619', '0.007938654', '0.007097742', '0.007302736', '0.009627576', '0.014988258', '0.008192296', '0.007689302', '0.009286433', '0.008365847', '0.017853731', '0.007092196', '0.008195812', '0.009275658', '0.009478559', '0.008156426', '0.008156426', '0.008316459', '0.006872977', '0.017681219', '0.008093571', '0.016028674', '0.009907932', '0.007938654', '0.009283614', '0.015502023', '0.014909794', '0.008455871', '0.015424282', '0.008156426', '0.007590533', '0.008093571', '0.007628020', '0.007302457', '0.008564357', '0.007307237', '0.007938654', '0.008193226', '0.009877521', '0.007379175']" 
5 TND_DIS View2 0.109 0.164 0.425 0.071 0.197 0.001 nan 1120.0 11201.0 "['0.009360850', '0.010639509', '0.009628418', '0.010793158', '0.010154840', '0.010243897', '0.009752800', '0.010154840', '0.009677104', '0.009263377', '0.010742539', '0.009819804', '0.010052286', '0.010622945', '0.009667807', '0.009639231', '0.009751447', '0.009284346', '0.010110281', '0.009366549', '0.010145960', '0.010674656', '0.009488474', '0.009978303', '0.009585452', '0.009983295', '0.010037532', '0.010726954', '0.009852627', '0.010776814', '0.009544732', '0.010467911', '0.010776814', '0.010386301', '0.009375050', '0.010084093', '0.009559172', '0.009654682', '0.009612490', '0.010634154', '0.009375159', '0.010134244', '0.009572147', '0.010533294', '0.010219926', '0.010039580', '0.009689526', '0.010549135', '0.010084093', '0.010253958', '0.009167319', '0.010533294', '0.010393328', '0.010162350', '0.010189702', '0.010090991', '0.010678468', '0.009096361', '0.009662090', '0.010156980', '0.009388489', '0.009540941', '0.010128435', '0.009883909', '0.010242112', '0.009084432', '0.010557369', '0.010365519', '0.009664249', '0.009505091', '0.009846046', '0.010005854', '0.010404201', '0.010447336', '0.009526831', '0.010793158', '0.009583958', '0.009263377', '0.010415332', '0.008559963', '0.010084093', '0.009628418', '0.009446259', '0.010614329', '0.010017133', '0.009523500', '0.010219926', '0.010393328', '0.010721851', '0.010447336', '0.010432025', '0.009751447', '0.010242112', '0.009566833', '0.010170598', '0.009707945', '0.009898800', '0.010793158', '0.010793158', '0.009687740']" 
5 TND_DIS View3 0.158 0.206 0.515 0.113 0.191 0.002 nan 1120.0 11201.0 "['0.010454688', '0.010068891', '0.010290059', '0.009575375', '0.008241706', '0.010624011', '0.010620545', '0.010756011', '0.010610715', '0.010588232', '0.010391207', '0.010863088', '0.010467840', '0.010431548', '0.010655104', '0.009072355', '0.010707264', '0.010065706', '0.009350557', '0.010186333', '0.010620545', '0.010115870', '0.009512194', '0.009305676', '0.008928581', '0.010756011', '0.009862824', '0.009850834', '0.010638012', '0.010153600', '0.010186333', '0.010024682', '0.010355394', '0.010164578', '0.010847210', '0.009134359', '0.010707264', '0.010726470', '0.009420828', '0.010835567', '0.010272466', '0.009934058', '0.008965731', '0.009953083', '0.010046696', '0.010655104', '0.010241698', '0.010288874', '0.010560651', '0.010032290', '0.010065706', '0.009452639', '0.010120555', '0.010275321', '0.009599870', '0.010410713', '0.010322469', '0.010068891', '0.009091317', '0.010186333', '0.010620545', '0.010678923', '0.009504372', '0.010068891', '0.010617330', '0.010620545', '0.009869752', '0.010756011', '0.010041186', '0.009419902', '0.010326508', '0.008786823', '0.010065706', '0.009440123', '0.010223225', '0.008686216', '0.009407733', '0.010678923', '0.010275508', '0.009953083', '0.009543544', '0.009572303', '0.010065706', '0.009161056', '0.009552777', '0.010167799', '0.010726470', '0.010620545', '0.009535565', '0.010275321', '0.009144429', '0.008189930', '0.010431548', '0.008558188', '0.010079009', '0.010232559', '0.010717711', '0.009501720', '0.008672914', '0.008497101']" 
5 TND_DIS View4 0.091 0.183 0.460 0.072 0.230 0.011 nan 1120.0 11201.0 "['0.009169206', '0.012564983', '0.008724706', '0.009943848', '0.013159877', '0.010743229', '0.009283337', '0.009117618', '0.009413758', '0.012025140', '0.008159952', '0.009991468', '0.010669175', '0.008724706', '0.008159952', '0.011006310', '0.010898786', '0.010617292', '0.008159952', '0.011880132', '0.008133131', '0.010113337', '0.008339250', '0.009079954', '0.009467459', '0.010113337', '0.012633865', '0.010634623', '0.011506427', '0.011634709', '0.008743899', '0.008724706', '0.009339808', '0.008159952', '0.010849832', '0.011224295', '0.007987605', '0.010290111', '0.012454432', '0.011031518', '0.010000531', '0.011312515', '0.008724706', '0.011301911', '0.009381016', '0.010679252', '0.009905666', '0.009728047', '0.011815042', '0.008668661', '0.008043034', '0.010412795', '0.008983009', '0.010898786', '0.012105237', '0.011188722', '0.009391002', '0.010739286', '0.010898786', '0.011267741', '0.010113337', '0.010163551', '0.012592985', '0.008194327', '0.010669175', '0.010129942', '0.009128536', '0.007973970', '0.008043034', '0.009412008', '0.010364409', '0.008133131', '0.010600417', '0.009413153', '0.010119874', '0.006677872', '0.008043034', '0.008133131', '0.010073594', '0.009011865', '0.010739286', '0.010669175', '0.010803279', '0.010302598', '0.008119486', '0.008135961', '0.010803279', '0.013026034', '0.011176503', '0.008142793', '0.012184416', '0.010838054', '0.008743899', '0.010102215', '0.006826164', '0.010257825', '0.009771341', '0.013159877', '0.009011865', '0.011873177']" 
5 TND_DIS Concatenated 0.090 0.172 0.439 0.066 0.223 0.007 nan 1120.0 11201.0 "['0.010430389', '0.010087663', '0.009018288', '0.008883166', '0.008750182', '0.009576539', '0.011343579', '0.011240926', '0.011224915', '0.008547102', '0.009587940', '0.010430389', '0.011180327', '0.011007959', '0.010481272', '0.008554081', '0.008784256', '0.011417831', '0.008638886', '0.011183300', '0.009420846', '0.008870265', '0.011183300', '0.008535539', '0.010452933', '0.010396084', '0.011525560', '0.010007756', '0.009812307', '0.010396084', '0.011394637', '0.011023950', '0.009048135', '0.011285325', '0.011428061', '0.011224915', '0.011070234', '0.008615187', '0.007443420', '0.011373568', '0.008955092', '0.010062545', '0.008690195', '0.008398220', '0.010826193', '0.010941944', '0.009437772', '0.008422757', '0.010007756', '0.009812307', '0.010717575', '0.009291762', '0.009134160', '0.010606429', '0.010854622', '0.011070234', '0.011347797', '0.010409296', '0.010066654', '0.008523968', '0.010007756', '0.009703347', '0.010316474', '0.005668341', '0.011433272', '0.010497019', '0.009277833', '0.010007756', '0.011222117', '0.009398523', '0.011003627', '0.010450543', '0.007367489', '0.010056661', '0.009129585', '0.011428061', '0.011189062', '0.008396761', '0.008570197', '0.011183300', '0.010087002', '0.008799117', '0.009950611', '0.011337027', '0.008872968', '0.007718693', '0.010321726', '0.009742741', '0.011385929', '0.011305973', '0.011139241', '0.011077899', '0.011560333', '0.010119381', '0.011057455', '0.011055137', '0.008547102', '0.009387006', '0.009283216', '0.008489338']" 
5 TND_DIS Multiview 0.088 0.191 0.505 0.074 0.260 0.678 0.041 1120.0 11201.0 "[['0.000963552', '0.003811819', '0.010535792', '0.001043830', '0.000604335', '0.012476160', '0.004887799', '0.000633338', '0.000575539', '0.038362693', '0.039704829', '0.001052362', '0.000722201', '0.000465898', '0.033982299', '0.044291075', '0.002376718', '0.041867137', '0.020702925', '0.012143301', '0.041718561', '0.000809414', '0.001725470', '0.000780766', '0.003166411', '0.000585437', '0.001822492', '0.000473624', '0.043509230', '0.000642238', '0.044885166', '0.000605922', '0.003925439', '0.000880742', '0.001612107', '0.000499439', '0.000653167', '0.000540562', '0.001333590', '0.040285535', '0.002157416', '0.000666560', '0.005656377', '0.007168830', '0.022359997', '0.005020022', '0.000659955', '0.000551417', '0.005703832', '0.000935038', '0.047867045', '0.042797219', '0.008116702', '0.001218895', '0.001271597', '0.000613045', '0.002103501', '0.009064634', '0.001381324', '0.000688364', '0.037351582', '0.000578141', '0.000697253', '0.001024487', '0.002466771', '0.001047491', '0.000578202', '0.000590034', '0.043769687', '0.014234871', '0.051675718', '0.000876827', '0.000660181', '0.000911559', '0.002807008', '0.001798899', '0.000662290', '0.000562357', '0.000816720', '0.044339415', '0.000756906', '0.042895511', '0.002446408', '0.000652920', '0.001043942', '0.051085137', '0.051185515', '0.000975308', '0.004676435', '0.000913182', '0.000675590', '0.000562419', '0.001703836', '0.000692373', '0.000542381', '0.000991172', '0.000539753', '0.000986594', '0.000770639', '0.000793827'], ['0.012161157', '0.022721071', '0.002313053', '0.003776038', '0.025507633', '0.002911877', '0.004630913', '0.001291268', '0.029958466', '0.000959672', '0.000884946', '0.002339674', '0.006238159', '0.029192854', '0.001093973', '0.001272556', '0.000965421', '0.001211456', '0.001807618', '0.001659959', '0.000939298', '0.002991471', '0.029126329', '0.023047989', '0.025275538', '0.030323427', '0.002725124', '0.031603962', '0.001922217', '0.005558698', '0.001033237', '0.028512649', '0.006255525', '0.014916477', '0.021544393', '0.001413777', '0.029001087', '0.002119491', '0.018444251', '0.000844237', '0.013354139', '0.006294672', '0.007620881', '0.012956823', '0.001368661', '0.001288200', '0.014682140', '0.031170385', '0.003369395', '0.002437330', '0.000967201', '0.001499283', '0.003375126', '0.009179444', '0.004780947', '0.022299258', '0.004301770', '0.002331967', '0.024322737', '0.028915349', '0.003322248', '0.030333243', '0.004241486', '0.002513644', '0.006475746', '0.002218940', '0.023638155', '0.001719247', '0.000669233', '0.002274950', '0.000530417', '0.012171570', '0.003488518', '0.002236965', '0.002570774', '0.027959088', '0.005053015', '0.028595051', '0.010054337', '0.002175555', '0.027968476', '0.001061646', '0.002709924', '0.004554757', '0.004371306', '0.000543881', '0.000494382', '0.025945213', '0.002294556', '0.004930858', '0.004838543', '0.002793336', '0.007024015', '0.030981483', '0.019521812', '0.005200237', '0.002221265', '0.010202145', '0.019397581', '0.023689790'], ['0.018550664', '0.002970214', '0.012029110', '0.021312706', '0.004573017', '0.014354257', '0.006451072', '0.016630404', '0.003045686', '0.002986957', '0.004658337', '0.011210455', '0.010017808', '0.002976231', '0.006424515', '0.002885614', '0.033143383', '0.001813659', '0.009792246', '0.017303575', '0.002116099', '0.010737765', '0.002214578', '0.008357571', '0.002188753', '0.003326281', '0.031747662', '0.001650176', '0.002062980', '0.027155720', '0.001553203', '0.003333170', '0.012645501', '0.001866884', '0.009572305', '0.028974662', '0.004252371', '0.001720185', '0.006141807', '0.002444659', '0.017841041', '0.024348916', '0.011404288', '0.001787841', '0.010881508', '0.028910620', '0.010480668', '0.002856063', '0.006893396', '0.019543787', '0.001955430', '0.001265775', '0.007090211', '0.006615174', '0.024035851', '0.001978501', '0.011824409', '0.017613981', '0.003574590', '0.001478732', '0.001840064', '0.000863588', '0.026069939', '0.033111773', '0.025094464', '0.005212130', '0.001228770', '0.001672145', '0.000938959', '0.016382473', '0.000664076', '0.001675550', '0.004042128', '0.032943401', '0.002073147', '0.005016051', '0.003639017', '0.006792282', '0.010634771', '0.002180053', '0.002837248', '0.001471204', '0.008593065', '0.033041790', '0.032498799', '0.001525012', '0.000760649', '0.006393237', '0.027809672', '0.008675064', '0.007831653', '0.004879167', '0.002688431', '0.003998227', '0.013436804', '0.028218715', '0.001824442', '0.026253566', '0.016863810', '0.008751615'], ['0.005430464', '0.008743832', '0.013983780', '0.011673380', '0.006892494', '0.010971121', '0.021205915', '0.020472238', '0.003067740', '0.002056857', '0.001907150', '0.025776494', '0.020909106', '0.004933364', '0.002652131', '0.002572155', '0.003057524', '0.002101857', '0.008433514', '0.008948831', '0.001625708', '0.023836629', '0.002843653', '0.004729858', '0.007059065', '0.003246945', '0.002928554', '0.003647186', '0.003163638', '0.006174726', '0.004071923', '0.004999797', '0.013639765', '0.018832915', '0.005050944', '0.008510021', '0.003337896', '0.035712566', '0.011706912', '0.001750955', '0.004975596', '0.008101157', '0.013421985', '0.015642371', '0.005866851', '0.003783428', '0.010781154', '0.002807203', '0.018373923', '0.014834596', '0.002003936', '0.001507494', '0.016321581', '0.019367870', '0.008682506', '0.013150545', '0.020570714', '0.009938300', '0.005571252', '0.004142281', '0.002428583', '0.005216157', '0.008870766', '0.002637964', '0.005043984', '0.031777810', '0.012125544', '0.036149163', '0.002647212', '0.003949832', '0.002202306', '0.022800239', '0.028914316', '0.003186263', '0.029876556', '0.001526630', '0.029444598', '0.001499717', '0.015784500', '0.002117517', '0.005519858', '0.001372239', '0.023830058', '0.001668824', '0.002100842', '0.000744243', '0.001220147', '0.004085856', '0.005079682', '0.022974385', '0.025500221', '0.031593531', '0.023396429', '0.001335802', '0.003894601', '0.003392591', '0.035683718', '0.001069439', '0.001423194', '0.003410312']]" "['0.145000592', '0.316693515', '0.256474614', '0.281831294']"
5 TND_DIS_inv View1 0.324 0.360 0.839 0.191 0.339 0.020 nan 1120.0 11201.0 "['0.008619559', '0.011033554', '0.010179850', '0.008619559', '0.008596905', '0.014261461', '0.009036786', '0.009797648', '0.009348325', '0.012277531', '0.012019129', '0.010795545', '0.008918255', '0.009615065', '0.008885681', '0.013967008', '0.013023118', '0.010185694', '0.011989269', '0.009257680', '0.010185694', '0.008933245', '0.008918255', '0.006952910', '0.010185694', '0.008596905', '0.013024087', '0.009615065', '0.013558925', '0.008351438', '0.013893158', '0.008263918', '0.013434818', '0.009924811', '0.010179850', '0.008933245', '0.008596905', '0.009938198', '0.013369022', '0.012277531', '0.012277531', '0.007622575', '0.010946785', '0.010185694', '0.009691707', '0.010615350', '0.009144324', '0.008184978', '0.009348325', '0.009924811', '0.013893158', '0.010185694', '0.012952699', '0.008878736', '0.009036786', '0.007622575', '0.010811041', '0.009691707', '0.007732154', '0.008878736', '0.014183718', '0.008204033', '0.006971847', '0.007197172', '0.009257680', '0.010615350', '0.009348325', '0.007838222', '0.010185694', '0.013362464', '0.014415806', '0.006908199', '0.008708481', '0.009230654', '0.009691707', '0.008918255', '0.008918255', '0.009377689', '0.006684214', '0.014400836', '0.008878736', '0.013020197', '0.010811041', '0.008204033', '0.010179850', '0.013863344', '0.013558925', '0.009715638', '0.011989269', '0.008918255', '0.007223207', '0.008878736', '0.007240108', '0.007214865', '0.009935163', '0.006830086', '0.008204033', '0.009025297', '0.009419953', '0.007283980']" 
5 TND_DIS_inv View2 0.109 0.164 0.425 0.071 0.197 0.001 nan 1120.0 11201.0 "['0.009361538', '0.010638129', '0.009639095', '0.010795977', '0.010153212', '0.010239025', '0.009767086', '0.010153212', '0.009677087', '0.009269202', '0.010744874', '0.009817072', '0.010048182', '0.010618392', '0.009667245', '0.009645108', '0.009753561', '0.009289569', '0.010109900', '0.009378993', '0.010144812', '0.010675667', '0.009489097', '0.009967942', '0.009594991', '0.009976530', '0.010028224', '0.010729044', '0.009840295', '0.010779244', '0.009546631', '0.010465045', '0.010779244', '0.010383017', '0.009381314', '0.010084150', '0.009563951', '0.009655633', '0.009612350', '0.010630922', '0.009379032', '0.010137239', '0.009570271', '0.010528837', '0.010213369', '0.010036546', '0.009687716', '0.010541404', '0.010084150', '0.010248294', '0.009170706', '0.010528837', '0.010386212', '0.010165638', '0.010184960', '0.010090660', '0.010680218', '0.009099958', '0.009658885', '0.010161815', '0.009390746', '0.009545873', '0.010128167', '0.009901529', '0.010237205', '0.009090972', '0.010548351', '0.010359308', '0.009674529', '0.009505480', '0.009841382', '0.010004643', '0.010399371', '0.010441826', '0.009527218', '0.010795977', '0.009584088', '0.009269202', '0.010411681', '0.008562835', '0.010084150', '0.009639095', '0.009445609', '0.010603624', '0.010005025', '0.009524780', '0.010213369', '0.010386212', '0.010723568', '0.010441826', '0.010430618', '0.009753561', '0.010237205', '0.009573211', '0.010174004', '0.009709549', '0.009907071', '0.010795977', '0.010795977', '0.009685886']" 
5 TND_DIS_inv View3 0.158 0.206 0.515 0.113 0.191 0.002 nan 1120.0 11201.0 "['0.010470727', '0.010050311', '0.010305849', '0.009584389', '0.008215287', '0.010634009', '0.010638038', '0.010750293', '0.010628517', '0.010600298', '0.010450262', '0.010872168', '0.010484118', '0.010440993', '0.010666960', '0.009058774', '0.010687120', '0.010069575', '0.009318386', '0.010167074', '0.010638038', '0.010125202', '0.009509197', '0.009288700', '0.008923994', '0.010750293', '0.009825379', '0.009821123', '0.010649805', '0.010161836', '0.010167074', '0.010026488', '0.010378534', '0.010171372', '0.010848966', '0.009118536', '0.010687120', '0.010749956', '0.009430672', '0.010845465', '0.010265368', '0.009932715', '0.008926110', '0.009972171', '0.010051692', '0.010666960', '0.010235736', '0.010307872', '0.010578185', '0.010033349', '0.010069575', '0.009458949', '0.010121998', '0.010267984', '0.009613071', '0.010426549', '0.010297056', '0.010050311', '0.009063703', '0.010167074', '0.010638038', '0.010692018', '0.009496349', '0.010050311', '0.010629604', '0.010638038', '0.009868745', '0.010750293', '0.010044624', '0.009432855', '0.010354612', '0.008774471', '0.010069575', '0.009449433', '0.010220357', '0.008666242', '0.009417781', '0.010692018', '0.010289515', '0.009972171', '0.009535204', '0.009566626', '0.010069575', '0.009113141', '0.009545962', '0.010174935', '0.010749956', '0.010638038', '0.009540763', '0.010267984', '0.009115972', '0.008176333', '0.010440993', '0.008529222', '0.010086642', '0.010246128', '0.010734566', '0.009496858', '0.008630103', '0.008476637']" 
5 TND_DIS_inv View4 0.092 0.183 0.458 0.072 0.227 0.001 nan 1120.0 11201.0 "['0.009827807', '0.010427948', '0.010495707', '0.010073101', '0.010111382', '0.010357865', '0.009754207', '0.009725766', '0.009720771', '0.010353191', '0.010399178', '0.010126168', '0.010155617', '0.010495707', '0.010399178', '0.009240772', '0.010892715', '0.010132018', '0.010399178', '0.009760509', '0.010380509', '0.009779785', '0.010379941', '0.009863761', '0.010007108', '0.009779785', '0.010084723', '0.010141354', '0.010007885', '0.009849739', '0.009620260', '0.010495707', '0.009130000', '0.010399178', '0.009998471', '0.009643028', '0.010283965', '0.009059907', '0.009839088', '0.009966731', '0.010075538', '0.009978826', '0.010495707', '0.009650897', '0.009403840', '0.009947075', '0.009819695', '0.010041142', '0.009917177', '0.009996293', '0.010318767', '0.010323483', '0.009858740', '0.010892715', '0.009746019', '0.009944195', '0.010001983', '0.010166867', '0.010892715', '0.009953243', '0.009779785', '0.009014426', '0.010434425', '0.010387498', '0.010155617', '0.010045908', '0.009840056', '0.010271340', '0.010318767', '0.009569165', '0.009174597', '0.010380509', '0.009956744', '0.009459686', '0.010050856', '0.009354810', '0.010318767', '0.010380509', '0.010062176', '0.009851334', '0.010166867', '0.010155617', '0.009426316', '0.009568062', '0.008553119', '0.010387642', '0.009426316', '0.010037043', '0.010870413', '0.010381634', '0.010283338', '0.010322957', '0.009620260', '0.009813936', '0.009057946', '0.009782172', '0.010079868', '0.010111382', '0.009851334', '0.010312164']" 
5 TND_DIS_inv Concatenated 0.085 0.172 0.438 0.065 0.225 0.001 nan 1120.0 11201.0 "['0.010554993', '0.009334623', '0.009582723', '0.009203764', '0.009852963', '0.009551476', '0.010204886', '0.009847803', '0.009792951', '0.009884919', '0.009672283', '0.010554993', '0.009935730', '0.010401413', '0.010598761', '0.009892435', '0.009658231', '0.010106827', '0.009983882', '0.010140223', '0.009461377', '0.009642813', '0.010140223', '0.009905369', '0.010534693', '0.010773215', '0.009978650', '0.011004667', '0.010948705', '0.010773215', '0.010140087', '0.010296532', '0.009268168', '0.010280607', '0.009855018', '0.009792951', '0.010171893', '0.009678625', '0.009692260', '0.010135287', '0.010118512', '0.010958292', '0.009927288', '0.010081777', '0.010393807', '0.010310198', '0.009629865', '0.010168551', '0.011004667', '0.010948705', '0.010383699', '0.009617710', '0.009638528', '0.010649590', '0.010315292', '0.010171893', '0.009963771', '0.010763541', '0.009404639', '0.009938279', '0.011004667', '0.009140513', '0.009236594', '0.008952733', '0.010085504', '0.010523136', '0.009188780', '0.011004667', '0.010155397', '0.009016986', '0.010418971', '0.010544441', '0.009665034', '0.009410577', '0.009774894', '0.009855018', '0.010123966', '0.010071264', '0.009740528', '0.010140223', '0.010878630', '0.009565496', '0.009167547', '0.009672645', '0.009874620', '0.009647762', '0.009119112', '0.009514005', '0.009867283', '0.010121695', '0.010234697', '0.010018683', '0.009963837', '0.009013837', '0.010397105', '0.010068147', '0.009884919', '0.009725451', '0.009661439', '0.009930389']" 
5 TND_DIS_inv Multiview 0.091 0.188 0.501 0.074 0.255 0.765 0.054 1120.0 11201.0 "[['0.000334453', '0.002526401', '0.021995477', '0.000649864', '0.000325755', '0.005021461', '0.008632953', '0.000614264', '0.000290706', '0.004431235', '0.042420760', '0.000441355', '0.000332638', '0.000306192', '0.024291497', '0.047693972', '0.000628090', '0.037643120', '0.012127135', '0.013727996', '0.037751410', '0.000308706', '0.000684249', '0.000393110', '0.003794824', '0.000301998', '0.000383038', '0.000289400', '0.046285193', '0.000355499', '0.050939873', '0.000350360', '0.000588957', '0.000950042', '0.001477665', '0.000383522', '0.000289920', '0.000724462', '0.000354442', '0.002414727', '0.000497096', '0.000366410', '0.005283224', '0.039375667', '0.003043166', '0.000577904', '0.000473936', '0.000300113', '0.005774183', '0.001274646', '0.051058292', '0.042958446', '0.000619881', '0.001004810', '0.000828078', '0.000340117', '0.001221157', '0.002421968', '0.000674443', '0.001213041', '0.050738085', '0.000365778', '0.000379843', '0.000446034', '0.001640065', '0.000349695', '0.000342615', '0.000345945', '0.046096928', '0.000714323', '0.057477623', '0.000371509', '0.000663889', '0.000777015', '0.045525257', '0.001344161', '0.000309280', '0.000367931', '0.000415346', '0.053968240', '0.000292984', '0.034112614', '0.046434142', '0.000424375', '0.000668478', '0.057723735', '0.056869242', '0.000664592', '0.001639115', '0.000973374', '0.000387929', '0.000326269', '0.000769633', '0.000317333', '0.000635148', '0.000483225', '0.000385212', '0.000621166', '0.000534197', '0.000334405'], ['0.008837710', '0.023492239', '0.001368213', '0.002660605', '0.023920966', '0.002993229', '0.002726012', '0.001256873', '0.028687174', '0.003833900', '0.000772534', '0.001824669', '0.004881616', '0.029431935', '0.001054922', '0.001077198', '0.000749650', '0.001525691', '0.001548688', '0.001244671', '0.001337578', '0.001494386', '0.031310998', '0.024800163', '0.024499847', '0.030699229', '0.005788572', '0.031068396', '0.001662920', '0.003358818', '0.000777178', '0.028356764', '0.012601869', '0.014058609', '0.019372756', '0.001402788', '0.031059675', '0.002295572', '0.025694290', '0.004257450', '0.021871241', '0.003992297', '0.007662395', '0.002091806', '0.001841048', '0.001753515', '0.011899755', '0.031594649', '0.002022875', '0.002204845', '0.000840428', '0.001589701', '0.008230804', '0.007943361', '0.004444471', '0.020865232', '0.003473845', '0.003119950', '0.027394699', '0.020922597', '0.001186774', '0.026361156', '0.004337900', '0.001719803', '0.004610644', '0.001768779', '0.023332587', '0.001733360', '0.000684047', '0.010326530', '0.000473958', '0.011940759', '0.004842215', '0.001602283', '0.000744043', '0.029484501', '0.004647336', '0.030903580', '0.009409772', '0.001308919', '0.031104455', '0.002238949', '0.000609162', '0.004461540', '0.003844490', '0.000395996', '0.000452558', '0.026349476', '0.002514355', '0.005495708', '0.005708114', '0.002769229', '0.005962968', '0.032207187', '0.014860996', '0.005786640', '0.002424571', '0.010286207', '0.019267488', '0.026295131'], ['0.022624755', '0.002865187', '0.009819580', '0.023070626', '0.005145770', '0.016842170', '0.005107060', '0.016599398', '0.003634444', '0.014358787', '0.004181322', '0.009712727', '0.009144226', '0.002316404', '0.012026675', '0.002898090', '0.031421706', '0.002788375', '0.010630741', '0.017739924', '0.003409872', '0.005185073', '0.001422503', '0.007131261', '0.002088029', '0.002561025', '0.028225353', '0.001541316', '0.001995940', '0.029269889', '0.001187250', '0.003004082', '0.008172628', '0.001891199', '0.011438740', '0.026486320', '0.002515080', '0.002676934', '0.003309840', '0.011341239', '0.010465989', '0.025864376', '0.011845202', '0.001502693', '0.019480361', '0.028800003', '0.012415280', '0.002152404', '0.006007707', '0.020601045', '0.001741152', '0.001769959', '0.003986974', '0.006079537', '0.022937737', '0.001835980', '0.012513624', '0.017182633', '0.002262331', '0.002436925', '0.000986564', '0.000913026', '0.023259869', '0.034816656', '0.029218575', '0.002398004', '0.001013555', '0.001875407', '0.001004640', '0.015601693', '0.000587818', '0.001068016', '0.008423330', '0.033934671', '0.001034317', '0.003769083', '0.002533713', '0.004177345', '0.011222963', '0.001272294', '0.001696533', '0.003606088', '0.001287610', '0.031937994', '0.033210605', '0.001251137', '0.000609163', '0.006720275', '0.027562728', '0.011634931', '0.008345212', '0.003036926', '0.001901066', '0.002590638', '0.016954033', '0.027684525', '0.001981145', '0.025763199', '0.016598642', '0.006852625'], ['0.005088614', '0.008591317', '0.006716292', '0.011039752', '0.007541311', '0.014681116', '0.020960325', '0.019970575', '0.003368967', '0.012775072', '0.001559997', '0.027871024', '0.023078717', '0.004800406', '0.003352607', '0.002481835', '0.005735674', '0.003493536', '0.014792120', '0.006912339', '0.002997715', '0.031129174', '0.001763876', '0.003833262', '0.006718365', '0.003173252', '0.003470533', '0.003768218', '0.003102477', '0.006166080', '0.003080896', '0.005013799', '0.013890245', '0.019018162', '0.004850217', '0.010341271', '0.002583656', '0.033834912', '0.007318307', '0.017612848', '0.004223135', '0.008750062', '0.012678126', '0.003444705', '0.014157517', '0.006581966', '0.011281800', '0.002592686', '0.020625653', '0.013158281', '0.002065769', '0.001515773', '0.021172071', '0.020883199', '0.009718303', '0.014390410', '0.021074206', '0.014931017', '0.003910310', '0.010123776', '0.000975281', '0.008754941', '0.011111282', '0.001685121', '0.003302609', '0.035393581', '0.012179583', '0.035708256', '0.002134205', '0.008244644', '0.001496909', '0.023689995', '0.022393685', '0.002397142', '0.002420676', '0.001074272', '0.030884257', '0.001163744', '0.015633160', '0.001089752', '0.003192968', '0.002280566', '0.002190674', '0.002224855', '0.001550755', '0.000509643', '0.001111110', '0.002898272', '0.006939736', '0.018652264', '0.023751806', '0.033233847', '0.025825793', '0.001107116', '0.004535547', '0.003006290', '0.034984104', '0.000991965', '0.001241328', '0.002280624']]" "['0.131404147', '0.322755009', '0.261496395', '0.284344375']"
5 TND View1 0.298 0.365 0.891 0.176 0.377 0.059 nan 1120.0 1120.0 "['0.008124329', '0.010212526', '0.007658688', '0.008124329', '0.008056757', '0.017169159', '0.008490534', '0.008627363', '0.008603616', '0.014123844', '0.012435467', '0.011794485', '0.008286144', '0.007951134', '0.008550530', '0.013367175', '0.019428469', '0.007664409', '0.012372345', '0.008496803', '0.007664409', '0.008491644', '0.008286144', '0.006115256', '0.007664409', '0.008056757', '0.019026173', '0.007951134', '0.012968311', '0.008108093', '0.013268710', '0.008104018', '0.021540111', '0.008578847', '0.007658688', '0.008491644', '0.008056757', '0.008607524', '0.024451282', '0.014123844', '0.014123844', '0.007129829', '0.010094044', '0.007664409', '0.008341054', '0.012000693', '0.008614511', '0.007628046', '0.008603616', '0.008578847', '0.013268710', '0.007664409', '0.028278181', '0.008307476', '0.008490534', '0.007129829', '0.009948589', '0.008341054', '0.007337348', '0.008307476', '0.016689664', '0.007976557', '0.006141972', '0.006508589', '0.008496803', '0.012000693', '0.008603616', '0.007588892', '0.007664409', '0.021720123', '0.013941900', '0.006055581', '0.008362681', '0.008483676', '0.008341054', '0.008286144', '0.008286144', '0.008574780', '0.005740726', '0.013901907', '0.008307476', '0.015351040', '0.009948589', '0.007976557', '0.007658688', '0.013256704', '0.012968311', '0.008626170', '0.012372345', '0.008286144', '0.006731736', '0.008307476', '0.006974556', '0.006680148', '0.008609955', '0.006110572', '0.007976557', '0.008374008', '0.008758440', '0.006754246']" 
5 TND View2 0.105 0.166 0.407 0.069 0.193 0.006 nan 1120.0 1120.0 "['0.009686332', '0.009961931', '0.013171731', '0.009663014', '0.008998185', '0.009286132', '0.012602779', '0.008998185', '0.009656378', '0.010968002', '0.009731592', '0.009478722', '0.009042744', '0.009739282', '0.009474856', '0.011629771', '0.010188381', '0.010749098', '0.008792317', '0.013281323', '0.008926507', '0.010006571', '0.009796086', '0.010215480', '0.012992077', '0.009300967', '0.008635236', '0.009794813', '0.008384806', '0.009556652', '0.010279411', '0.009214683', '0.009556652', '0.009296530', '0.011356630', '0.010563290', '0.011438027', '0.009977807', '0.009586312', '0.009776455', '0.010545775', '0.010556563', '0.008978787', '0.009417015', '0.009002759', '0.009535333', '0.009102739', '0.009331333', '0.010563290', '0.009160644', '0.010932028', '0.009417015', '0.008770065', '0.010449773', '0.008916908', '0.009286988', '0.010127083', '0.011356630', '0.008470047', '0.010788481', '0.010127083', '0.011460989', '0.008959561', '0.013075499', '0.009286132', '0.012025959', '0.009362615', '0.008749763', '0.012548124', '0.009722809', '0.009309147', '0.010214131', '0.009164997', '0.008942857', '0.009735418', '0.009663014', '0.009676284', '0.010968002', '0.009367984', '0.010242304', '0.010563290', '0.013171731', '0.009402035', '0.009240799', '0.008602762', '0.010029016', '0.009002759', '0.008770065', '0.009732863', '0.008942857', '0.009700031', '0.010188381', '0.009286132', '0.011849569', '0.010468623', '0.010106931', '0.011472872', '0.009663014', '0.009663014', '0.009075653']" 
5 TND View3 0.153 0.208 0.581 0.107 0.203 0.017 nan 1120.0 1120.0 "['0.009105337', '0.009620186', '0.008861993', '0.008400725', '0.009293716', '0.009905071', '0.009183913', '0.017138945', '0.009182447', '0.009323137', '0.015693670', '0.010274576', '0.009087926', '0.009100905', '0.009355645', '0.008389741', '0.017423622', '0.009141366', '0.012490865', '0.010887270', '0.009183913', '0.008861124', '0.009229629', '0.009501173', '0.008388363', '0.017138945', '0.010023628', '0.014978600', '0.009323753', '0.008598153', '0.010887270', '0.009076318', '0.008963609', '0.008748156', '0.012260438', '0.009110432', '0.017423622', '0.009587381', '0.009022051', '0.010437782', '0.009365280', '0.008464350', '0.014287553', '0.008470057', '0.008703754', '0.009355645', '0.010424427', '0.009050543', '0.009235599', '0.009120080', '0.009141366', '0.009054661', '0.010113816', '0.009353625', '0.008414135', '0.009912485', '0.011230435', '0.009620186', '0.010069851', '0.010887270', '0.009183913', '0.009422841', '0.009863452', '0.009620186', '0.009302679', '0.009183913', '0.008474153', '0.017138945', '0.008798528', '0.008949021', '0.008955373', '0.010906978', '0.009141366', '0.009023987', '0.010320586', '0.008388419', '0.009020583', '0.009422841', '0.008831104', '0.008470057', '0.009788129', '0.009598002', '0.009141366', '0.011713494', '0.009687963', '0.008730830', '0.009587381', '0.009183913', '0.008399368', '0.009353625', '0.008884200', '0.008701073', '0.009100905', '0.008438535', '0.008806725', '0.008941794', '0.009870185', '0.009702640', '0.013764020', '0.009306446']" 
5 TND View4 0.091 0.183 0.418 0.072 0.223 0.003 nan 1120.0 1120.0 "['0.009706074', '0.010839338', '0.009772055', '0.010256052', '0.011407916', '0.010876747', '0.011891835', '0.009603925', '0.011728233', '0.010521842', '0.009150471', '0.010336220', '0.010555773', '0.009772055', '0.009150471', '0.009416853', '0.010895522', '0.010514038', '0.009150471', '0.010860324', '0.009133887', '0.009989918', '0.009462330', '0.009194648', '0.010061269', '0.009989918', '0.011071094', '0.010529563', '0.009996212', '0.010415789', '0.009404282', '0.009772055', '0.009886240', '0.009150471', '0.009782579', '0.010755182', '0.009062206', '0.008934985', '0.010733311', '0.010524427', '0.009671193', '0.009857379', '0.009772055', '0.010749339', '0.008655702', '0.010375894', '0.009982302', '0.010158973', '0.011484986', '0.009205421', '0.009064101', '0.010018509', '0.009696387', '0.010895522', '0.010681605', '0.009776250', '0.009431399', '0.009945780', '0.010895522', '0.009813921', '0.009989918', '0.008819682', '0.010865834', '0.009346632', '0.010555773', '0.010275251', '0.009709280', '0.008999805', '0.009064101', '0.008922121', '0.009656722', '0.009133887', '0.010365690', '0.008747651', '0.010277971', '0.012122741', '0.009064101', '0.009133887', '0.010277971', '0.009164734', '0.009945780', '0.010555773', '0.009576080', '0.009713540', '0.008710291', '0.009172020', '0.009576080', '0.011322807', '0.010920499', '0.009265326', '0.010534656', '0.010842165', '0.009404282', '0.010034262', '0.010916582', '0.010025819', '0.009603925', '0.011407916', '0.009164734', '0.010424938']" 
5 TND Concatenated 0.081 0.173 0.378 0.063 0.219 0.017 nan 1120.0 1120.0 "['0.011018930', '0.008888736', '0.009524993', '0.009005325', '0.010923705', '0.010520048', '0.011022768', '0.008662446', '0.007813728', '0.009240756', '0.009619268', '0.011018930', '0.010149687', '0.009302441', '0.010456236', '0.009359972', '0.009687197', '0.008939519', '0.010476057', '0.010210280', '0.009436643', '0.008507263', '0.010210280', '0.009249748', '0.010933681', '0.010674792', '0.006810550', '0.009066143', '0.009170230', '0.010674792', '0.009924936', '0.010209255', '0.006218902', '0.009282171', '0.009585002', '0.007813728', '0.009227555', '0.010823154', '0.017508995', '0.010638656', '0.016470144', '0.009508544', '0.009253858', '0.010568244', '0.011018519', '0.009835273', '0.009100098', '0.011091480', '0.009066143', '0.009170230', '0.008939519', '0.010023811', '0.010140075', '0.009258495', '0.008895800', '0.009227555', '0.010902046', '0.010837771', '0.009072474', '0.009920611', '0.009066143', '0.006513637', '0.010449193', '0.016114280', '0.009281391', '0.010505077', '0.010322271', '0.009066143', '0.010225036', '0.010725339', '0.009465880', '0.010941744', '0.017434999', '0.008824890', '0.013620216', '0.009585002', '0.010722918', '0.010479737', '0.010622004', '0.010210280', '0.010123800', '0.012329963', '0.006922688', '0.006350029', '0.010182973', '0.016295748', '0.009441679', '0.010618600', '0.009665184', '0.008145191', '0.009512917', '0.011023834', '0.006821109', '0.006053125', '0.011184443', '0.009637472', '0.009240756', '0.009538947', '0.009039441', '0.009587688']" 
5 TND Multiview 0.069 0.209 0.423 0.071 0.277 0.386 0.049 1120.0 1120.0 "[['0.001096102', '0.002269964', '0.001120763', '0.000949992', '0.000988796', '0.045686614', '0.001653426', '0.001119369', '0.000987933', '0.033727311', '0.017846348', '0.004023997', '0.001235187', '0.001002641', '0.001786068', '0.023733594', '0.060423888', '0.001292767', '0.009257921', '0.001915108', '0.001098818', '0.000947332', '0.001819065', '0.001155475', '0.001665148', '0.000923188', '0.057838347', '0.000999600', '0.022380296', '0.001197838', '0.021158747', '0.000982059', '0.065062411', '0.001048774', '0.001288081', '0.001026070', '0.001200588', '0.000958517', '0.073551767', '0.031307209', '0.030761177', '0.001070341', '0.002073115', '0.001359686', '0.001301631', '0.008866883', '0.001032824', '0.001133348', '0.002197312', '0.001361981', '0.020101167', '0.001274129', '0.090329863', '0.001063852', '0.000895762', '0.001085784', '0.001625599', '0.001606295', '0.001340454', '0.001005163', '0.053348027', '0.001122631', '0.001067629', '0.001093848', '0.001178288', '0.003871761', '0.001284413', '0.001024752', '0.001454539', '0.069941334', '0.029203977', '0.001574768', '0.001033583', '0.001192456', '0.001274532', '0.001917179', '0.001193408', '0.001091236', '0.001256613', '0.019411586', '0.002826782', '0.049960103', '0.000976367', '0.001164340', '0.001901431', '0.037904438', '0.017096568', '0.002627098', '0.003192316', '0.001833199', '0.001238861', '0.001146167', '0.001755078', '0.001125055', '0.001412146', '0.001330590', '0.001215732', '0.001569103', '0.002581851', '0.001392708'], ['0.003726623', '0.011625702', '0.017145000', '0.021637432', '0.012080225', '0.001855807', '0.008890027', '0.008974008', '0.010693620', '0.003639473', '0.005776120', '0.013057572', '0.011036090', '0.013661547', '0.016567528', '0.010974950', '0.000749589', '0.021028118', '0.012107564', '0.012697129', '0.009408715', '0.016104240', '0.011840186', '0.011624470', '0.009762178', '0.007380844', '0.001528702', '0.011485235', '0.007848784', '0.011127172', '0.003438802', '0.011354222', '0.001291295', '0.007315406', '0.010499218', '0.010898748', '0.011929272', '0.021735864', '0.001426203', '0.002587239', '0.005682126', '0.010122268', '0.007781022', '0.008863617', '0.028330654', '0.007376426', '0.017075773', '0.010271756', '0.008519944', '0.010620671', '0.004413969', '0.011900975', '0.001143459', '0.011225043', '0.006930029', '0.010309000', '0.016719040', '0.011421476', '0.009282220', '0.013673932', '0.001826624', '0.009252616', '0.013511847', '0.003482696', '0.010635992', '0.007577937', '0.012571440', '0.011724679', '0.013346883', '0.001137386', '0.003012156', '0.012443954', '0.004225280', '0.012854928', '0.014822776', '0.012772129', '0.011134511', '0.008598046', '0.017468074', '0.005005389', '0.014275354', '0.001485861', '0.010665809', '0.010083697', '0.008187225', '0.001381458', '0.006731737', '0.012361540', '0.012726355', '0.011243134', '0.012858950', '0.008206236', '0.013386461', '0.009024437', '0.009725638', '0.010320878', '0.018915538', '0.008375503', '0.012271700', '0.010192798'], ['0.026378127', '0.007954610', '0.005525414', '0.005738202', '0.011182877', '0.005689648', '0.015093327', '0.009605540', '0.017606722', '0.004361447', '0.010394468', '0.005347877', '0.008366412', '0.004395083', '0.005154018', '0.004935162', '0.004541354', '0.004852045', '0.017042460', '0.012517842', '0.021285672', '0.005342176', '0.009480721', '0.011724173', '0.010338226', '0.027499152', '0.003004840', '0.010804013', '0.005331108', '0.009288205', '0.005056489', '0.017737579', '0.002308020', '0.014382993', '0.010613429', '0.010310641', '0.011025161', '0.002957262', '0.001535759', '0.003293625', '0.007393729', '0.011217213', '0.017100902', '0.012209770', '0.003406768', '0.011919292', '0.006269863', '0.013150774', '0.007042554', '0.004370320', '0.012962558', '0.021225100', '0.001138301', '0.017107500', '0.027261762', '0.013760449', '0.003728266', '0.007517786', '0.015639171', '0.002360342', '0.001340693', '0.014384104', '0.006974543', '0.033405874', '0.005129894', '0.016614923', '0.003012629', '0.012250976', '0.005045599', '0.000707254', '0.002821375', '0.010835093', '0.024268130', '0.008341779', '0.006907318', '0.015488837', '0.004445215', '0.029534576', '0.003573495', '0.001206223', '0.005533084', '0.002662584', '0.018594038', '0.009808228', '0.011719889', '0.004405347', '0.002830201', '0.005111461', '0.022952858', '0.005303067', '0.006630976', '0.015624463', '0.003369130', '0.027104123', '0.012024673', '0.010511343', '0.001586011', '0.015020682', '0.013316267', '0.002818693'], ['0.004606653', '0.015184283', '0.011862407', '0.007941456', '0.012129331', '0.003496850', '0.007870792', '0.015142199', '0.006986305', '0.005687922', '0.007140209', '0.015589197', '0.013314107', '0.017440168', '0.011708554', '0.003433551', '0.001184592', '0.009161016', '0.003128979', '0.009013549', '0.004636252', '0.013089144', '0.007980256', '0.009320590', '0.016360415', '0.003769798', '0.001291457', '0.013357338', '0.005997090', '0.012083843', '0.012991059', '0.006500713', '0.002302623', '0.013541947', '0.013284101', '0.016447797', '0.010085592', '0.012802321', '0.002967138', '0.009261928', '0.002924093', '0.013146943', '0.012444436', '0.012611981', '0.002140768', '0.007340091', '0.011500847', '0.011572118', '0.012191918', '0.018846691', '0.003904028', '0.001832070', '0.000719365', '0.007493379', '0.004743314', '0.011787798', '0.013407419', '0.012814814', '0.006717330', '0.022466596', '0.001590263', '0.012594488', '0.014790819', '0.001720361', '0.018176854', '0.012948073', '0.018095452', '0.013964133', '0.018269617', '0.000641217', '0.007870710', '0.007654633', '0.010486066', '0.012399997', '0.011233983', '0.002172227', '0.018366396', '0.001001983', '0.012844798', '0.019797238', '0.008218701', '0.000764814', '0.006638978', '0.015479164', '0.013616090', '0.001458264', '0.011318169', '0.021343097', '0.002337475', '0.019883946', '0.015249460', '0.013665682', '0.012183478', '0.001990758', '0.011097842', '0.013670532', '0.018407900', '0.010094563', '0.005958792', '0.019303463']]" "['0.138428360', '0.316757888', '0.243175760', '0.301638007']"
5 TND_inv View1 0.270 0.361 0.844 0.165 0.391 0.114 nan 1120.0 1120.0 "['0.006193587', '0.008612229', '0.008851067', '0.006193587', '0.006160189', '0.021477578', '0.008730027', '0.006745832', '0.006605895', '0.017329823', '0.013822311', '0.011876817', '0.006284395', '0.009087127', '0.008556877', '0.015934825', '0.023577958', '0.008860624', '0.013654618', '0.008816971', '0.008860624', '0.008742254', '0.006284395', '0.005557322', '0.008860624', '0.006160189', '0.023247765', '0.009087127', '0.015099589', '0.006185362', '0.015736265', '0.006183320', '0.025080593', '0.006925244', '0.008851067', '0.008742254', '0.006160189', '0.006852862', '0.026700616', '0.017329823', '0.017329823', '0.005822415', '0.008389900', '0.008860624', '0.009163542', '0.012569544', '0.006828758', '0.005983727', '0.006605895', '0.006925244', '0.015736265', '0.008860624', '0.028337723', '0.006297906', '0.008730027', '0.005822415', '0.008185037', '0.009163542', '0.005885687', '0.006297906', '0.020941677', '0.006123055', '0.005563756', '0.005654146', '0.008816971', '0.012569544', '0.006605895', '0.005969741', '0.008860624', '0.025193796', '0.017013026', '0.005543005', '0.006335236', '0.008985188', '0.009163542', '0.006284395', '0.006284395', '0.006547862', '0.005468440', '0.016941922', '0.006297906', '0.019232484', '0.008185037', '0.006123055', '0.008851067', '0.015711738', '0.015099589', '0.006763434', '0.013654618', '0.006284395', '0.005711797', '0.006297906', '0.005777836', '0.005698243', '0.006844993', '0.005556194', '0.006123055', '0.006343382', '0.009042914', '0.005717756']" 
5 TND_inv View2 0.105 0.166 0.407 0.069 0.193 0.006 nan 1120.0 1120.0 "['0.009686233', '0.009942420', '0.013152756', '0.009663891', '0.008999561', '0.009272178', '0.012717605', '0.008999561', '0.009657249', '0.010938144', '0.009725794', '0.009459519', '0.009038288', '0.009732589', '0.009455407', '0.011724459', '0.010193454', '0.010761598', '0.008769074', '0.013242902', '0.008933915', '0.010000627', '0.009787558', '0.010218921', '0.013009645', '0.009290091', '0.008554409', '0.009786187', '0.008436603', '0.009559453', '0.010279668', '0.009188285', '0.009559453', '0.009284796', '0.011303534', '0.010563929', '0.011417588', '0.009963640', '0.009587740', '0.009767344', '0.010545774', '0.010556929', '0.008982317', '0.009412031', '0.009003592', '0.009536918', '0.009088783', '0.009325130', '0.010563929', '0.009137466', '0.010910552', '0.009412031', '0.008731212', '0.010448653', '0.008924553', '0.009273226', '0.010134686', '0.011303534', '0.008479066', '0.010797212', '0.010134686', '0.011452689', '0.008964912', '0.013075374', '0.009272178', '0.012257895', '0.009360454', '0.008694145', '0.012677909', '0.009718159', '0.009299710', '0.010217653', '0.009141267', '0.008949454', '0.009729161', '0.009663891', '0.009676831', '0.010938144', '0.009366421', '0.010244228', '0.010563929', '0.013152756', '0.009400363', '0.009216923', '0.008537143', '0.010028172', '0.009003592', '0.008731212', '0.009726910', '0.008949454', '0.009698492', '0.010193454', '0.009272178', '0.012049298', '0.010467591', '0.010114435', '0.011471252', '0.009663891', '0.009663891', '0.009066188']" 
5 TND_inv View3 0.152 0.208 0.579 0.106 0.203 0.019 nan 1120.0 1120.0 "['0.009091476', '0.009620072', '0.008826645', '0.008375732', '0.009279432', '0.009910720', '0.009181707', '0.018131750', '0.009180239', '0.009310932', '0.016057439', '0.010396186', '0.009068557', '0.009085719', '0.009349283', '0.008228734', '0.018499279', '0.009135846', '0.011346561', '0.010787913', '0.009181707', '0.008826054', '0.009224351', '0.009507118', '0.008277695', '0.018131750', '0.010067436', '0.014903068', '0.009311675', '0.008639773', '0.010787913', '0.009052873', '0.008909847', '0.008752666', '0.011220977', '0.009098019', '0.018499279', '0.009579161', '0.008977800', '0.010526977', '0.009359170', '0.008491301', '0.013729623', '0.008498868', '0.008722871', '0.009349283', '0.010517010', '0.009017142', '0.009229513', '0.009110189', '0.009135846', '0.009022914', '0.010223030', '0.009347134', '0.008410407', '0.009918450', '0.010903264', '0.009620072', '0.010152002', '0.010787913', '0.009181707', '0.009413652', '0.009869654', '0.009620072', '0.009288189', '0.009181707', '0.008504206', '0.018131750', '0.008785148', '0.008895602', '0.008901687', '0.010796061', '0.009135846', '0.008980379', '0.010435352', '0.008286825', '0.008975854', '0.009413652', '0.008806124', '0.008498868', '0.009800783', '0.009590165', '0.009135846', '0.011028462', '0.009711623', '0.008741231', '0.009579161', '0.009181707', '0.008371163', '0.009347134', '0.008842236', '0.008721010', '0.009085719', '0.008454200', '0.008790401', '0.008888888', '0.009876082', '0.009724755', '0.012848628', '0.009292068']" 
5 TND_inv View4 0.091 0.183 0.418 0.072 0.223 0.003 nan 1120.0 1120.0 "['0.009612118', '0.010810914', '0.009650957', '0.010188875', '0.011585502', '0.010805851', '0.012072016', '0.009567049', '0.011968045', '0.010446424', '0.009284139', '0.010247733', '0.010520787', '0.009650957', '0.009284139', '0.009319067', '0.010807339', '0.010433659', '0.009284139', '0.010806916', '0.009275137', '0.010070158', '0.009388630', '0.009286909', '0.010214745', '0.010070158', '0.010978273', '0.010460551', '0.010085424', '0.010336149', '0.009303057', '0.009650957', '0.009832702', '0.009284139', '0.009661477', '0.010838402', '0.009184213', '0.008929974', '0.010841872', '0.010450981', '0.009600372', '0.009774829', '0.009650957', '0.010839726', '0.008556770', '0.010294585', '0.010051416', '0.010228742', '0.011700093', '0.009284250', '0.009187446', '0.010136799', '0.009608778', '0.010807339', '0.010824538', '0.009654981', '0.009339720', '0.009962055', '0.010807339', '0.009701208', '0.010070158', '0.008723496', '0.010806338', '0.009256759', '0.010520787', '0.010194899', '0.009613282', '0.009064792', '0.009187446', '0.008903863', '0.009595058', '0.009275137', '0.010282670', '0.008631561', '0.010196224', '0.012136988', '0.009187446', '0.009275137', '0.010196224', '0.009288039', '0.009962055', '0.010520787', '0.009544425', '0.009614881', '0.008595186', '0.009288804', '0.009544425', '0.011441116', '0.010814480', '0.009261440', '0.010470742', '0.010810224', '0.009303057', '0.010169346', '0.010812948', '0.010152357', '0.009567049', '0.011585502', '0.009288039', '0.010344411']" 
5 TND_inv Concatenated 0.081 0.173 0.380 0.064 0.218 0.005 nan 1120.0 1120.0 "['0.009530077', '0.009811587', '0.009740380', '0.010325289', '0.009593188', '0.010001701', '0.009536052', '0.009118889', '0.008917140', '0.010644426', '0.010792245', '0.009530077', '0.009347702', '0.010670113', '0.009401117', '0.010693334', '0.009276437', '0.009165468', '0.010015128', '0.009681535', '0.010723493', '0.009893801', '0.009681535', '0.010239673', '0.009590677', '0.009634493', '0.008561502', '0.010295933', '0.010613430', '0.009634493', '0.009312809', '0.009357356', '0.008309836', '0.009763511', '0.009260916', '0.008917140', '0.010245143', '0.009613236', '0.013438794', '0.009435531', '0.012896613', '0.010187474', '0.009766418', '0.011083383', '0.009554389', '0.009299085', '0.010282968', '0.011250062', '0.010295933', '0.010613430', '0.009165468', '0.010104354', '0.010085102', '0.010651916', '0.009158599', '0.010245143', '0.009598206', '0.009610735', '0.009786653', '0.010893404', '0.010295933', '0.008463941', '0.009399788', '0.012751158', '0.009216057', '0.009410389', '0.010051433', '0.010295933', '0.009680231', '0.009451010', '0.010734792', '0.009494352', '0.013394362', '0.009822006', '0.012064338', '0.009260916', '0.009628240', '0.011056714', '0.009951124', '0.009681535', '0.010087867', '0.011695690', '0.008600125', '0.008395792', '0.010970308', '0.012822844', '0.009239497', '0.009954228', '0.009273081', '0.009007080', '0.009250083', '0.009544543', '0.008565074', '0.008137752', '0.011281538', '0.009730423', '0.010644426', '0.010762556', '0.010307594', '0.010780684']" 
5 TND_inv Multiview 0.069 0.208 0.424 0.071 0.277 0.423 0.050 1120.0 1120.0 "[['0.001009817', '0.002058435', '0.000984647', '0.000881323', '0.000914477', '0.045578666', '0.001467017', '0.001016337', '0.000907633', '0.034495529', '0.018507957', '0.003823235', '0.001120051', '0.000894878', '0.001608326', '0.024279026', '0.060294960', '0.001069714', '0.009052198', '0.001762976', '0.000946606', '0.000846724', '0.001674616', '0.001077798', '0.001531183', '0.000860977', '0.057650451', '0.000905512', '0.023749936', '0.001094000', '0.021635644', '0.000908613', '0.064866289', '0.000957963', '0.001123934', '0.000937848', '0.001094321', '0.000874250', '0.073283240', '0.031915657', '0.031428315', '0.000986036', '0.001899698', '0.001161171', '0.001185803', '0.009818942', '0.000940871', '0.001040151', '0.002039565', '0.001206828', '0.021196257', '0.001104243', '0.090132557', '0.000975410', '0.000791562', '0.001012382', '0.001420932', '0.001412742', '0.001240364', '0.000918547', '0.053207628', '0.001034143', '0.000988308', '0.001019794', '0.001015381', '0.003669131', '0.001145321', '0.000959425', '0.001242521', '0.069613464', '0.030966761', '0.001455871', '0.000938498', '0.001026007', '0.001138036', '0.001756207', '0.001076277', '0.000983131', '0.001158452', '0.018953586', '0.002641912', '0.050499603', '0.000857661', '0.001062459', '0.001555231', '0.039096002', '0.018999359', '0.002373998', '0.002982661', '0.001622662', '0.001132626', '0.001054385', '0.001629929', '0.001021176', '0.001241676', '0.001239011', '0.001080125', '0.001399884', '0.002329486', '0.001257089'], ['0.003339664', '0.011730073', '0.017833661', '0.022395629', '0.012087779', '0.001698634', '0.008713465', '0.008885755', '0.010481943', '0.003336673', '0.005225153', '0.013266693', '0.011150051', '0.013854952', '0.017218949', '0.011763013', '0.000697986', '0.022879772', '0.012035792', '0.012893029', '0.009325023', '0.016445188', '0.011948884', '0.011647318', '0.009787498', '0.006838292', '0.001404465', '0.011500082', '0.007592284', '0.011188217', '0.003045333', '0.011313062', '0.001210228', '0.007225033', '0.010495977', '0.010970470', '0.011943229', '0.022352850', '0.001353197', '0.002270869', '0.005308894', '0.010092890', '0.007509926', '0.008826958', '0.029443940', '0.005774490', '0.017462527', '0.010208557', '0.008478084', '0.010865000', '0.003780600', '0.011331246', '0.001103304', '0.011228363', '0.006105345', '0.010265188', '0.016935674', '0.011548361', '0.009174176', '0.013890169', '0.001656782', '0.009175484', '0.013788536', '0.003072407', '0.010643013', '0.007202586', '0.012717860', '0.011840476', '0.014038021', '0.001103433', '0.002526062', '0.012616600', '0.003607992', '0.013004079', '0.015148520', '0.012896758', '0.011422893', '0.008323158', '0.017821508', '0.004640148', '0.014702504', '0.001197673', '0.010609115', '0.010130090', '0.008185816', '0.001172038', '0.005670486', '0.012686840', '0.012590626', '0.011596073', '0.012979064', '0.007969792', '0.013587953', '0.008679514', '0.009672827', '0.010470892', '0.019238129', '0.008339518', '0.012607189', '0.009987709'], ['0.027569329', '0.007578032', '0.004529870', '0.005171297', '0.010998779', '0.005652729', '0.016043922', '0.009467496', '0.018479006', '0.004191548', '0.010881479', '0.004960325', '0.008037985', '0.003544444', '0.004439847', '0.004177212', '0.004549612', '0.003977269', '0.017764248', '0.012638446', '0.022451237', '0.004622843', '0.009545209', '0.011786626', '0.010222185', '0.029218858', '0.002940989', '0.010696401', '0.004799060', '0.009068209', '0.004706871', '0.018560687', '0.002228224', '0.014454961', '0.010557898', '0.010148055', '0.010993824', '0.002432317', '0.001474235', '0.003019331', '0.007343126', '0.011120799', '0.017627291', '0.012111921', '0.002874369', '0.013474477', '0.005671357', '0.013289815', '0.006863755', '0.003721117', '0.013485209', '0.022448333', '0.001101620', '0.017216401', '0.029079879', '0.013795884', '0.003068630', '0.007169053', '0.016267775', '0.001787833', '0.001253324', '0.014460970', '0.006379844', '0.034574009', '0.004228344', '0.017089827', '0.002559682', '0.012001554', '0.004079426', '0.000671950', '0.002491846', '0.010906993', '0.025760032', '0.008023801', '0.006409253', '0.015842292', '0.003719139', '0.030351520', '0.003020662', '0.001105724', '0.005300118', '0.002530454', '0.019253073', '0.009589447', '0.011772913', '0.004037539', '0.002337477', '0.004510137', '0.023725845', '0.004717822', '0.006298361', '0.016140487', '0.003124819', '0.028539911', '0.011916089', '0.010385105', '0.001355496', '0.015065921', '0.013905765', '0.002463542'], ['0.004217131', '0.015598828', '0.012249515', '0.007802735', '0.012371460', '0.003325289', '0.007335749', '0.015441967', '0.006522882', '0.005220820', '0.006851220', '0.015924901', '0.013602107', '0.018171875', '0.011891538', '0.002783306', '0.000983883', '0.008366950', '0.002828518', '0.008833505', '0.003898612', '0.013536299', '0.007923688', '0.009347521', '0.016571032', '0.003024800', '0.001190522', '0.013528581', '0.005577559', '0.012303444', '0.013194097', '0.005917019', '0.002241049', '0.013675174', '0.013474429', '0.016626218', '0.010186327', '0.012779502', '0.002937653', '0.009140859', '0.002610341', '0.013352269', '0.012434475', '0.012908149', '0.001770140', '0.006459375', '0.011765111', '0.011600609', '0.012489120', '0.019357219', '0.003252050', '0.001563039', '0.000682766', '0.007505835', '0.004179590', '0.011885088', '0.014024784', '0.013157818', '0.006395102', '0.022928955', '0.001452807', '0.012706711', '0.015167545', '0.001493039', '0.019215114', '0.013103587', '0.018506231', '0.014164984', '0.018696293', '0.000609269', '0.007375401', '0.007536268', '0.009990580', '0.012684509', '0.011477889', '0.001934735', '0.018894102', '0.000886913', '0.013111498', '0.020348977', '0.008097367', '0.000714040', '0.006255750', '0.015732409', '0.013842026', '0.001229378', '0.011056488', '0.021769753', '0.002095039', '0.020258257', '0.015540131', '0.013553426', '0.012306445', '0.001394120', '0.011393427', '0.013726773', '0.018480280', '0.010234366', '0.005231525', '0.020012088']]" "['0.137813583', '0.317940563', '0.241762280', '0.302483588']"
5 DIS View1 0.307 0.341 1.000 0.184 0.316 0.179 nan 1120.0 11201.0 "['0.004418397', '0.021849046', '0.015875442', '0.004418397', '0.004203822', '0.019009400', '0.016260020', '0.008199281', '0.004196142', '0.009097310', '0.016700597', '0.021357751', '0.004002163', '0.004939289', '0.016593838', '0.016069457', '0.007627519', '0.015817828', '0.016470047', '0.017305974', '0.015817828', '0.004910042', '0.004002163', '0.005349211', '0.015817828', '0.004203822', '0.007747787', '0.004939289', '0.016561383', '0.005266855', '0.016466230', '0.005401421', '0.008367516', '0.006271317', '0.015875442', '0.004910042', '0.004203822', '0.008262984', '0.007279359', '0.009097310', '0.009097310', '0.005234321', '0.020875888', '0.015817828', '0.016754191', '0.007062711', '0.005523548', '0.004466910', '0.004196142', '0.006271317', '0.016466230', '0.015817828', '0.006326557', '0.004134644', '0.016260020', '0.005234321', '0.020287668', '0.016754191', '0.005346845', '0.004134644', '0.018518623', '0.005360196', '0.005344871', '0.005333471', '0.017305974', '0.007062711', '0.004196142', '0.005403348', '0.015817828', '0.007966041', '0.015425122', '0.005367769', '0.005144460', '0.015084921', '0.016754191', '0.004002163', '0.004002163', '0.004056735', '0.005413625', '0.015518310', '0.004134644', '0.022108356', '0.020287668', '0.005360196', '0.015875442', '0.016284134', '0.016561383', '0.004903652', '0.016470047', '0.004002163', '0.005460095', '0.004134644', '0.005525795', '0.005444770', '0.008760598', '0.005460212', '0.005360196', '0.004013237', '0.020136084', '0.005411502']" 
5 DIS View2 0.124 0.155 0.500 0.077 0.168 0.221 nan 1120.0 11201.0 "['0.004976594', '0.018100375', '0.004914542', '0.018224102', '0.016677016', '0.002278096', '0.004810333', '0.016677016', '0.004830283', '0.005015214', '0.018166309', '0.005172718', '0.004640289', '0.018116027', '0.004939437', '0.004808043', '0.004422978', '0.005043488', '0.005015243', '0.005014428', '0.016671544', '0.018121321', '0.004941222', '0.004649005', '0.004980402', '0.004643044', '0.004401122', '0.018150890', '0.004791938', '0.018192580', '0.004942002', '0.017625803', '0.018192580', '0.017640024', '0.004996872', '0.005222790', '0.004880582', '0.004876015', '0.004892088', '0.018116374', '0.004983085', '0.015863718', '0.004955114', '0.017748589', '0.017182970', '0.004758418', '0.004872628', '0.017837346', '0.005222790', '0.016879916', '0.005034240', '0.017748589', '0.017668115', '0.017009299', '0.017039411', '0.004794636', '0.018144479', '0.005022755', '0.004926387', '0.002289046', '0.005008556', '0.004911640', '0.016677918', '0.004862425', '0.002278107', '0.005011774', '0.017916363', '0.017535189', '0.004974184', '0.004920342', '0.004645300', '0.016270265', '0.017560024', '0.017781237', '0.004907678', '0.018224102', '0.004907125', '0.005015214', '0.017641479', '0.005058342', '0.005222790', '0.004914542', '0.004949099', '0.018099325', '0.004542837', '0.004970846', '0.017182970', '0.017668115', '0.018149521', '0.017781237', '0.017904529', '0.004422978', '0.002278107', '0.004973621', '0.017167848', '0.004652345', '0.004921751', '0.018224102', '0.018224102', '0.004889775']" 
5 DIS View3 0.141 0.193 0.639 0.100 0.187 0.770 nan 1120.0 11201.0 "['0.006686030', '0.020960959', '0.004231506', '0.001154531', '0.001205866', '0.041411120', '0.006475932', '0.023229608', '0.006303489', '0.008759853', '0.023015168', '0.047061950', '0.006375548', '0.006870674', '0.009896073', '0.001177022', '0.023219751', '0.008143338', '0.020934740', '0.022094771', '0.006475932', '0.001174324', '0.001136446', '0.001141115', '0.001180759', '0.023229608', '0.001137209', '0.022432128', '0.009176171', '0.001175830', '0.022094771', '0.010119702', '0.004432548', '0.001200223', '0.022722697', '0.001136788', '0.023219751', '0.013410860', '0.001138894', '0.046506543', '0.041687507', '0.001152617', '0.001103644', '0.001155229', '0.001164290', '0.009896073', '0.021639632', '0.006885529', '0.007646612', '0.001187354', '0.008143338', '0.001138851', '0.001161877', '0.039743908', '0.001152024', '0.022464119', '0.022411443', '0.020960959', '0.001124465', '0.022094771', '0.006475932', '0.010665792', '0.001130082', '0.020960959', '0.009230058', '0.006475932', '0.001151546', '0.023229608', '0.001167531', '0.001144929', '0.004819502', '0.001112515', '0.008143338', '0.001139452', '0.021016171', '0.001189454', '0.001140109', '0.010665792', '0.003820122', '0.001155229', '0.001131466', '0.001141756', '0.008143338', '0.001118411', '0.001155362', '0.001198109', '0.013410860', '0.006475932', '0.001155383', '0.039743908', '0.001156104', '0.001233672', '0.006870674', '0.001193016', '0.001169809', '0.005704951', '0.031360067', '0.001132907', '0.001110699', '0.001195073']" 
5 DIS View4 0.101 0.175 0.524 0.076 0.206 0.756 nan 1120.0 11201.0 "['0.001048722', '0.013911157', '0.011226983', '0.017846825', '0.056798872', '0.029873509', '0.001316304', '0.001461605', '0.001379066', '0.014387451', '0.011983303', '0.017595131', '0.021081999', '0.011226983', '0.011983303', '0.001815932', '0.013065414', '0.026098220', '0.011983303', '0.001577709', '0.011823450', '0.001304389', '0.011653868', '0.001586088', '0.000694648', '0.001304389', '0.046134330', '0.025951426', '0.000810862', '0.001540816', '0.001566831', '0.011226983', '0.001830762', '0.011983303', '0.001359304', '0.001048819', '0.011029379', '0.001851664', '0.001509133', '0.000933375', '0.001048859', '0.001146134', '0.011226983', '0.000797221', '0.001838682', '0.002204897', '0.001364885', '0.019404098', '0.050646786', '0.001354469', '0.011260480', '0.012940267', '0.000809782', '0.013065414', '0.001545876', '0.000810931', '0.001557626', '0.007171395', '0.013065414', '0.001048753', '0.001304389', '0.001851748', '0.013919663', '0.012095334', '0.021081999', '0.020558177', '0.000935055', '0.011303910', '0.011260480', '0.001800210', '0.001865908', '0.011823450', '0.000806480', '0.001739434', '0.020466814', '0.001649173', '0.011260480', '0.011823450', '0.020195244', '0.001558889', '0.007171395', '0.021081999', '0.001725812', '0.001735673', '0.001903756', '0.012036651', '0.001725812', '0.039857890', '0.013099253', '0.012087922', '0.014105670', '0.034961745', '0.001566831', '0.001232327', '0.001842619', '0.001538880', '0.001144643', '0.056798872', '0.001558889', '0.014408471']" 
5 DIS Concatenated 0.085 0.165 0.462 0.065 0.213 0.597 nan 1120.0 11201.0 "['0.010768691', '0.002570963', '0.001954923', '0.002883802', '0.001640707', '0.002248737', '0.010036842', '0.001754461', '0.001519661', '0.001690915', '0.002171877', '0.010768691', '0.016330561', '0.015022484', '0.010465421', '0.071219027', '0.002552426', '0.004257885', '0.042554941', '0.012519272', '0.002638781', '0.001888699', '0.012519272', '0.002258184', '0.010389073', '0.010638306', '0.001843068', '0.012054081', '0.012222502', '0.010638306', '0.008905516', '0.007539796', '0.002699733', '0.006754982', '0.001894248', '0.001519661', '0.038219500', '0.001611859', '0.001984326', '0.005871517', '0.001750762', '0.011773052', '0.047965720', '0.051957849', '0.006981676', '0.007694688', '0.002374447', '0.038865685', '0.012054081', '0.012222502', '0.009451071', '0.002244078', '0.002192562', '0.012931556', '0.009562799', '0.038219500', '0.001566608', '0.010633437', '0.002509728', '0.001697783', '0.012054081', '0.002770817', '0.002715110', '0.003058785', '0.007864803', '0.010001715', '0.002905820', '0.012054081', '0.012209081', '0.002896688', '0.014824945', '0.010734215', '0.002181289', '0.002383714', '0.002493528', '0.001894248', '0.012041951', '0.052070599', '0.002305771', '0.012519272', '0.011653879', '0.002564409', '0.002754378', '0.002333893', '0.001611477', '0.002102153', '0.002828810', '0.002529437', '0.024106717', '0.004131810', '0.004290839', '0.016735114', '0.001906498', '0.002851436', '0.049361799', '0.015234967', '0.001690915', '0.001654637', '0.002406632', '0.001596450']" 
5 DIS Multiview 0.083 0.200 0.499 0.071 0.271 0.077 0.081 1120.0 11201.0 "[['0.004692788', '0.026467258', '0.005015342', '0.004732704', '0.011504180', '0.015158432', '0.005033609', '0.007419118', '0.005429539', '0.009385313', '0.029698363', '0.013762632', '0.004767190', '0.017298944', '0.005502048', '0.011911518', '0.012697312', '0.006695574', '0.014546606', '0.007588144', '0.005012442', '0.007187947', '0.004845454', '0.005098680', '0.008267497', '0.007675864', '0.013001570', '0.014879015', '0.013535718', '0.005033566', '0.018787263', '0.006170960', '0.014873966', '0.006277539', '0.017654443', '0.009515029', '0.004997915', '0.005827344', '0.014725454', '0.013279740', '0.012585103', '0.009866555', '0.013758542', '0.015887054', '0.005408037', '0.007404362', '0.010049085', '0.007657868', '0.004660044', '0.005369176', '0.013574578', '0.005404168', '0.013978757', '0.004853163', '0.005912229', '0.010086674', '0.010181579', '0.005977385', '0.004242164', '0.009867970', '0.017710844', '0.007625503', '0.008398029', '0.004590042', '0.008147531', '0.013221183', '0.008324470', '0.006546040', '0.012231525', '0.007878368', '0.024363739', '0.004364887', '0.007527207', '0.013192001', '0.007153692', '0.005019790', '0.005037131', '0.008558658', '0.004207090', '0.015164822', '0.004756266', '0.011924160', '0.020788360', '0.005832931', '0.020441722', '0.015408511', '0.027099520', '0.012349051', '0.014572270', '0.005909476', '0.004434928', '0.007831802', '0.004066814', '0.008145081', '0.005663325', '0.005269366', '0.004916715', '0.006660168', '0.027769713', '0.004218698'], ['0.006869675', '0.022438841', '0.006660099', '0.006849600', '0.016976815', '0.010118209', '0.007444213', '0.009119958', '0.006249567', '0.006740674', '0.006091118', '0.010777373', '0.006716704', '0.026574403', '0.007365532', '0.007307271', '0.004963795', '0.008450827', '0.010708286', '0.009197798', '0.006639082', '0.008877191', '0.005368385', '0.008651527', '0.008319924', '0.012956122', '0.009319001', '0.027154675', '0.009388062', '0.006038930', '0.009026667', '0.012117083', '0.010922737', '0.005574522', '0.022134902', '0.009584214', '0.006143735', '0.007458859', '0.012176270', '0.009642405', '0.010337816', '0.016428338', '0.010411158', '0.015840994', '0.006385204', '0.008446907', '0.015256391', '0.012888998', '0.005329264', '0.006612096', '0.007591136', '0.007063992', '0.011328538', '0.006597465', '0.008714060', '0.018911665', '0.009104431', '0.006776723', '0.006432700', '0.014086816', '0.014277212', '0.013729226', '0.015508696', '0.006740067', '0.008846960', '0.010685598', '0.012694076', '0.010090471', '0.010876806', '0.008162899', '0.008078204', '0.005835908', '0.009718159', '0.011651338', '0.006777161', '0.005523638', '0.006970550', '0.013484860', '0.006881411', '0.010282943', '0.005292850', '0.009492865', '0.014526806', '0.008372066', '0.015301920', '0.007473206', '0.011470786', '0.011417694', '0.010426366', '0.007578569', '0.007481067', '0.008686989', '0.006080939', '0.025669230', '0.007332193', '0.008258712', '0.007383541', '0.006891602', '0.008871642', '0.005515032'], ['0.006230612', '0.005795912', '0.005359743', '0.006054063', '0.016911363', '0.010622976', '0.008559558', '0.010979109', '0.006958283', '0.008536472', '0.007384378', '0.011020527', '0.007647327', '0.009018156', '0.008781423', '0.008051313', '0.011134177', '0.008793788', '0.011121209', '0.011263090', '0.007344457', '0.006381903', '0.005460622', '0.005868636', '0.007334248', '0.014018789', '0.009295264', '0.006915280', '0.008008428', '0.007810295', '0.009308290', '0.007740287', '0.011487496', '0.008343510', '0.026373643', '0.014577796', '0.008128142', '0.007915104', '0.011265526', '0.011371869', '0.009579451', '0.021526152', '0.010840990', '0.013252446', '0.008085557', '0.011092786', '0.015493523', '0.012540559', '0.005827664', '0.007925062', '0.009001289', '0.007584563', '0.011269601', '0.007337257', '0.012041619', '0.019241154', '0.010344983', '0.008006810', '0.006518250', '0.011060541', '0.010231723', '0.008350502', '0.018681226', '0.009247190', '0.009362607', '0.011744885', '0.008509008', '0.011557871', '0.009700635', '0.008943535', '0.009957872', '0.006354820', '0.013103135', '0.017389538', '0.006488453', '0.007452331', '0.007280097', '0.014518937', '0.007745881', '0.008992506', '0.006812225', '0.009816068', '0.018092638', '0.012070036', '0.020950234', '0.007812019', '0.009585664', '0.010563090', '0.011591078', '0.008513259', '0.006823743', '0.012164179', '0.005016887', '0.009177417', '0.005527406', '0.011955599', '0.007487189', '0.011197534', '0.007849685', '0.007637966'], ['0.005545927', '0.013754263', '0.007681942', '0.006175154', '0.015048927', '0.010840194', '0.006762641', '0.010335191', '0.006454105', '0.008086476', '0.007787411', '0.011786791', '0.006945072', '0.020084262', '0.007783778', '0.007737198', '0.008738368', '0.008774721', '0.011322863', '0.009239058', '0.007042138', '0.010115569', '0.005414588', '0.007000718', '0.008883690', '0.010181405', '0.005658129', '0.020750236', '0.005982818', '0.007328370', '0.013706525', '0.008488558', '0.012066652', '0.007304858', '0.019997070', '0.012718844', '0.006759397', '0.007293518', '0.012523836', '0.010807192', '0.009452699', '0.016239971', '0.011501333', '0.016723853', '0.007096386', '0.008512499', '0.013686228', '0.009637527', '0.006038985', '0.006014250', '0.008584666', '0.006404279', '0.011837952', '0.006892432', '0.008596976', '0.016790032', '0.008701869', '0.006859357', '0.005796310', '0.012582662', '0.010905784', '0.011746859', '0.018171312', '0.006858999', '0.008482301', '0.012112628', '0.011883298', '0.012881647', '0.012959559', '0.007591045', '0.014119515', '0.007356219', '0.010303961', '0.014897288', '0.007375368', '0.005372274', '0.005776142', '0.009210605', '0.005982189', '0.011584199', '0.006599328', '0.007773546', '0.017564178', '0.008382729', '0.018667717', '0.008148240', '0.013974330', '0.012831283', '0.010569688', '0.007142011', '0.005902736', '0.012058700', '0.006189474', '0.020498682', '0.007076226', '0.011212393', '0.008311423', '0.008369715', '0.007374564', '0.006923077']]" "['0.115597554', '0.345184773', '0.227349550', '0.311868161']"
5 DIS_inv View1 0.322 0.355 1.131 0.217 0.280 0.130 nan 1120.0 11201.0 "['0.008028594', '0.041874558', '0.008452908', '0.008028594', '0.008037402', '0.007635690', '0.008623559', '0.008157867', '0.008100459', '0.007482853', '0.007728432', '0.007545374', '0.008068304', '0.008256024', '0.008597732', '0.008411729', '0.007436429', '0.008442304', '0.007740751', '0.008621987', '0.008442304', '0.008363435', '0.008068304', '0.007786532', '0.008442304', '0.008037402', '0.007440800', '0.008256024', '0.008456845', '0.007944093', '0.008455326', '0.007911616', '0.007451533', '0.008160906', '0.008452908', '0.008363435', '0.008037402', '0.008161514', '0.007422664', '0.007482853', '0.007482853', '0.007885700', '0.048542317', '0.008442304', '0.008543028', '0.007480795', '0.007967917', '0.007994470', '0.008100459', '0.008160906', '0.008455326', '0.008442304', '0.007389084', '0.008059147', '0.008623559', '0.007885700', '0.048630070', '0.008543028', '0.007849335', '0.008059147', '0.007651450', '0.007895588', '0.007789614', '0.007815314', '0.008621987', '0.007480795', '0.008100459', '0.007871116', '0.008442304', '0.007443451', '0.008323236', '0.007770787', '0.007970575', '0.008552889', '0.008543028', '0.008068304', '0.008068304', '0.008098567', '0.007701415', '0.008339024', '0.008059147', '0.007548358', '0.048630070', '0.007895588', '0.008452908', '0.008435540', '0.008456845', '0.008142409', '0.007740751', '0.008068304', '0.007758883', '0.008059147', '0.007729329', '0.007760009', '0.008168985', '0.007686119', '0.007895588', '0.008074515', '0.048138987', '0.007803102']" 
5 DIS_inv View2 0.090 0.168 0.476 0.067 0.216 0.936 nan 1120.0 11201.0 "['0.000909072', '0.012347881', '0.020097824', '0.009442106', '0.000885372', '0.000877894', '0.020065283', '0.000885372', '0.000909342', '0.019182550', '0.008941389', '0.000919865', '0.000875559', '0.010040360', '0.000882604', '0.019888528', '0.018649956', '0.000878398', '0.000876626', '0.019937305', '0.000884203', '0.013042363', '0.016884923', '0.000916850', '0.019943852', '0.000879691', '0.000875871', '0.009430628', '0.000875079', '0.007206226', '0.017962947', '0.000888710', '0.007206226', '0.000897276', '0.019481614', '0.030318543', '0.019792482', '0.020473026', '0.000901885', '0.010216451', '0.019045489', '0.041328598', '0.000874629', '0.000896648', '0.000887160', '0.000879704', '0.000880028', '0.000896896', '0.030318543', '0.000886102', '0.018632095', '0.000896648', '0.000882967', '0.040584594', '0.000885059', '0.000875065', '0.016437165', '0.019557543', '0.000873140', '0.030566283', '0.000899202', '0.019756416', '0.000885578', '0.019993035', '0.000877927', '0.019959038', '0.000903487', '0.000881397', '0.019833611', '0.016677473', '0.000887456', '0.037862036', '0.000888660', '0.000887704', '0.017398672', '0.009442106', '0.000907296', '0.019182550', '0.000898409', '0.000886500', '0.030318543', '0.020097824', '0.000895041', '0.000913913', '0.000875851', '0.000909530', '0.000887160', '0.000882967', '0.008766895', '0.000887704', '0.009370446', '0.018649956', '0.000877927', '0.019699749', '0.045265391', '0.018615639', '0.018757790', '0.009442106', '0.009442106', '0.000878415']" 
5 DIS_inv View3 0.143 0.206 0.642 0.101 0.212 0.449 nan 1120.0 11201.0 "['0.003491879', '0.027385615', '0.003440064', '0.003352184', '0.003298905', '0.030275265', '0.003511015', '0.016704362', '0.003503390', '0.003547108', '0.016666465', '0.031204827', '0.003490166', '0.003491161', '0.003607770', '0.003317495', '0.016586414', '0.003508258', '0.016298579', '0.019920941', '0.003511015', '0.003420518', '0.003500316', '0.003452811', '0.003313372', '0.016704362', '0.003629998', '0.016125198', '0.003582990', '0.003402902', '0.019920941', '0.003514408', '0.003444230', '0.003426391', '0.024281440', '0.003480108', '0.016586414', '0.003685909', '0.003436091', '0.029424652', '0.026754025', '0.003374777', '0.015485425', '0.003384334', '0.003407810', '0.003607770', '0.036204994', '0.003479026', '0.003526533', '0.003484249', '0.003508258', '0.003436578', '0.025724448', '0.003690937', '0.003358761', '0.030254086', '0.020361567', '0.027385615', '0.016591711', '0.019920941', '0.003511015', '0.003625609', '0.017620262', '0.027385615', '0.003584201', '0.003511015', '0.003380480', '0.016704362', '0.003418620', '0.003392778', '0.003450550', '0.015798995', '0.003508258', '0.003430037', '0.049372867', '0.003303089', '0.003424107', '0.003625609', '0.003433683', '0.003384334', '0.003584223', '0.045283224', '0.003508258', '0.016181504', '0.018727073', '0.003423801', '0.003685909', '0.003511015', '0.003350331', '0.003690937', '0.003368365', '0.003230508', '0.003491161', '0.003301487', '0.003416970', '0.003461482', '0.028469261', '0.003530296', '0.015215126', '0.003315800']" 
5 DIS_inv View4 0.096 0.180 0.508 0.071 0.228 1.168 nan 1120.0 11201.0 "['0.000617872', '0.017466223', '0.000602714', '0.027277490', '0.018381754', '0.017990829', '0.019203985', '0.000607968', '0.019147243', '0.015307005', '0.000609967', '0.025601743', '0.036309980', '0.000602714', '0.000609967', '0.000596867', '0.018606195', '0.030529136', '0.000609967', '0.017744904', '0.000606736', '0.016654473', '0.000606317', '0.000591016', '0.000619980', '0.016654473', '0.018157117', '0.029802561', '0.000614037', '0.015884958', '0.000602931', '0.000602714', '0.016094100', '0.000609967', '0.000598309', '0.018861925', '0.000599766', '0.000587151', '0.016586857', '0.024663361', '0.000598290', '0.000606757', '0.000602714', '0.018931523', '0.000586300', '0.015768189', '0.011123011', '0.023800332', '0.018971784', '0.000591795', '0.000600736', '0.008576771', '0.000619853', '0.018606195', '0.017474817', '0.000613709', '0.000590777', '0.000610206', '0.018606195', '0.000609529', '0.016654473', '0.000587241', '0.017476622', '0.000614063', '0.036309980', '0.029239675', '0.000619721', '0.000601217', '0.000600736', '0.000587078', '0.000588189', '0.000606736', '0.023014603', '0.000589285', '0.028617404', '0.019531064', '0.000600736', '0.000606736', '0.027120296', '0.000591473', '0.000610206', '0.036309980', '0.000607048', '0.000599608', '0.000578640', '0.000611608', '0.000607048', '0.018378375', '0.019448519', '0.000613590', '0.019332252', '0.018087590', '0.000602931', '0.016917583', '0.018979261', '0.000614008', '0.000596150', '0.018381754', '0.000591473', '0.015462267']" 
5 DIS_inv Concatenated 0.075 0.169 0.451 0.060 0.233 1.059 nan 1120.0 11201.0 "['0.000719100', '0.029417202', '0.025400916', '0.000686468', '0.000712739', '0.014331955', '0.000704379', '0.000683060', '0.000687328', '0.016642636', '0.017521057', '0.000719100', '0.000714161', '0.033561666', '0.000709433', '0.017617818', '0.000675692', '0.000686139', '0.026196484', '0.010442934', '0.017165147', '0.033354804', '0.010442934', '0.000690922', '0.000709335', '0.000713661', '0.000677634', '0.019116620', '0.022385852', '0.000713661', '0.000697960', '0.000690909', '0.000673168', '0.000692952', '0.000683145', '0.000687328', '0.011014092', '0.018161058', '0.018824443', '0.000687511', '0.018367311', '0.014169293', '0.014998739', '0.017781327', '0.000689515', '0.000690520', '0.022948792', '0.017942801', '0.019116620', '0.022385852', '0.000696432', '0.024840077', '0.023102604', '0.036104158', '0.000698509', '0.011014092', '0.000698191', '0.000713490', '0.000706188', '0.017610885', '0.019116620', '0.000672038', '0.000684207', '0.018116800', '0.000694434', '0.000702059', '0.000676989', '0.019116620', '0.009736175', '0.000677087', '0.057123184', '0.000717660', '0.018789245', '0.015749017', '0.017926177', '0.000683145', '0.000713964', '0.017793724', '0.000692187', '0.010442934', '0.012682031', '0.018073458', '0.000672908', '0.000676150', '0.017734010', '0.018744301', '0.000676181', '0.000697342', '0.000710924', '0.000684284', '0.000684896', '0.000703267', '0.000677466', '0.000671279', '0.025030702', '0.014673906', '0.016642636', '0.018090818', '0.000705958', '0.017054455']" 
5 DIS_inv Multiview 0.083 0.180 0.468 0.066 0.245 0.327 0.345 1120.0 11201.0 "[['0.002931827', '0.019578960', '0.003426355', '0.003047090', '0.006490226', '0.021180352', '0.004344390', '0.003389087', '0.003104864', '0.009154264', '0.030918021', '0.018771792', '0.002997907', '0.003367502', '0.004622503', '0.010074982', '0.019165350', '0.005030187', '0.020668207', '0.005978377', '0.004187863', '0.010137948', '0.003013329', '0.003021524', '0.018079320', '0.004424003', '0.019125726', '0.008960414', '0.010058823', '0.002912407', '0.015782140', '0.003350087', '0.017899461', '0.003260131', '0.030958354', '0.011829829', '0.003009143', '0.003169132', '0.017473733', '0.017902710', '0.019229854', '0.005244672', '0.020209955', '0.017631028', '0.004466051', '0.007052712', '0.005641711', '0.003973407', '0.002991370', '0.003173828', '0.011286319', '0.004496188', '0.016569484', '0.003140935', '0.005443552', '0.005232891', '0.007625498', '0.004911648', '0.002780796', '0.004268773', '0.014880935', '0.004341713', '0.004302394', '0.002934816', '0.006355898', '0.017914327', '0.003835062', '0.005427056', '0.017709823', '0.008017494', '0.018336184', '0.002798714', '0.004580043', '0.033310279', '0.005849417', '0.003041961', '0.003033495', '0.005872746', '0.002717139', '0.021825772', '0.002978738', '0.031351853', '0.056761276', '0.003441874', '0.029401241', '0.011617036', '0.018851325', '0.016608490', '0.020617485', '0.003148134', '0.002746957', '0.004259977', '0.002663476', '0.003948286', '0.003254622', '0.003402980', '0.002912072', '0.003452132', '0.026588082', '0.002739662'], ['0.003657954', '0.025528895', '0.003164457', '0.004525636', '0.029079253', '0.018971864', '0.003542886', '0.003700434', '0.005601143', '0.005554150', '0.008221606', '0.018026542', '0.003625742', '0.009814358', '0.003332307', '0.003347779', '0.004601975', '0.003637102', '0.016425921', '0.003961714', '0.003361130', '0.014912828', '0.004664839', '0.007094523', '0.023261348', '0.014397267', '0.020363944', '0.028260373', '0.003959808', '0.003953112', '0.003400034', '0.011395079', '0.016553761', '0.005019550', '0.027484575', '0.004500359', '0.005608764', '0.003641814', '0.020531498', '0.015936634', '0.023747342', '0.025056610', '0.018758634', '0.019597499', '0.003226285', '0.003607981', '0.016776640', '0.012637372', '0.002836417', '0.003366280', '0.003342489', '0.003628566', '0.015733041', '0.004596932', '0.003931269', '0.030277928', '0.003723716', '0.003390226', '0.003550108', '0.012716725', '0.012380869', '0.016287912', '0.020030092', '0.003265743', '0.003917607', '0.016750675', '0.011359037', '0.014939101', '0.014234124', '0.007913025', '0.002772425', '0.005469462', '0.004300997', '0.006944807', '0.003244673', '0.005224803', '0.003641416', '0.019064575', '0.003652905', '0.021077862', '0.004936548', '0.016797425', '0.007983816', '0.003651769', '0.008452558', '0.003220694', '0.003671827', '0.020668192', '0.016226918', '0.003657880', '0.003618016', '0.003778709', '0.003299747', '0.028934745', '0.003864949', '0.003509068', '0.003582625', '0.004362016', '0.024395468', '0.003789824'], ['0.002870586', '0.007567570', '0.003595100', '0.004212758', '0.017637696', '0.022341015', '0.002900432', '0.005877419', '0.003689244', '0.002790215', '0.025444634', '0.023829261', '0.002854543', '0.003233172', '0.005425465', '0.002694358', '0.027653528', '0.002621249', '0.018807590', '0.006853337', '0.002558959', '0.018176133', '0.002008871', '0.004535344', '0.009377477', '0.015795469', '0.028524350', '0.014937018', '0.002495588', '0.004420759', '0.002529380', '0.005472714', '0.017065886', '0.002651878', '0.025933206', '0.025779482', '0.002935991', '0.002626630', '0.018033538', '0.015068578', '0.024010006', '0.025189511', '0.018179372', '0.005078738', '0.002941638', '0.007679912', '0.015539603', '0.009029842', '0.002189741', '0.002885820', '0.002996974', '0.002683372', '0.015365088', '0.003548239', '0.008826796', '0.016815389', '0.003239858', '0.002843691', '0.002390532', '0.002192727', '0.002771761', '0.001808338', '0.026639942', '0.006300381', '0.005567586', '0.019580457', '0.002312188', '0.015759677', '0.006621830', '0.002906078', '0.002716777', '0.002203444', '0.014051602', '0.038740505', '0.002192755', '0.002660342', '0.002604544', '0.022366492', '0.002791362', '0.010217604', '0.002544412', '0.013405587', '0.019222777', '0.009534697', '0.039115187', '0.003175528', '0.002352455', '0.018362289', '0.020604478', '0.002815389', '0.003055822', '0.009932155', '0.001931113', '0.018817510', '0.004247015', '0.010043534', '0.002464880', '0.008318434', '0.028997432', '0.002792467'], ['0.002952353', '0.017965112', '0.003791178', '0.003278322', '0.019953610', '0.018850695', '0.006404360', '0.008037964', '0.003184280', '0.003757762', '0.017863840', '0.020577300', '0.003762509', '0.005892073', '0.003646739', '0.003638688', '0.016651254', '0.007144924', '0.020114066', '0.004147203', '0.003632429', '0.022245124', '0.002875973', '0.003280489', '0.017514927', '0.004674972', '0.007339268', '0.017774392', '0.004192158', '0.003509388', '0.013455454', '0.003767628', '0.016632108', '0.006699151', '0.011006536', '0.024562994', '0.003416186', '0.006828577', '0.017955430', '0.017244088', '0.011484601', '0.020883728', '0.017813057', '0.017365547', '0.003659877', '0.003816208', '0.015962899', '0.004121900', '0.003251182', '0.004595435', '0.003942735', '0.003294925', '0.016293056', '0.003970814', '0.003936299', '0.022845346', '0.006370347', '0.003464516', '0.003096634', '0.012051178', '0.004356695', '0.013024800', '0.027307995', '0.003363232', '0.003766484', '0.020662932', '0.011285043', '0.029243689', '0.017196024', '0.003508869', '0.013171531', '0.003899047', '0.011261554', '0.019710965', '0.003658647', '0.002793110', '0.004993693', '0.004325026', '0.004822317', '0.017844088', '0.003517991', '0.004394030', '0.021511128', '0.008527036', '0.017720098', '0.003505873', '0.011500496', '0.018109759', '0.017670590', '0.006833764', '0.004981676', '0.014084298', '0.003354057', '0.016712412', '0.003595125', '0.014500504', '0.007677106', '0.004940090', '0.010642584', '0.003583897']]" "['0.031677015', '0.431527138', '0.260426313', '0.276369512']"
5 Cbound View1 0.249 0.336 0.889 0.156 0.361 0.379 nan 1120.0 1120.0 "['0.003072593', '0.026022760', '0.009984515', '0.003072593', '0.003083355', '0.022322504', '0.011575523', '0.003300653', '0.003107906', '0.021562498', '0.022582954', '0.022075767', '0.003115810', '0.003108976', '0.016149420', '0.023057545', '0.020478267', '0.010038311', '0.022603618', '0.012143105', '0.010038311', '0.003129035', '0.003115810', '0.002989604', '0.010038311', '0.003083355', '0.020690167', '0.003108976', '0.023096951', '0.003026669', '0.023079559', '0.003017301', '0.021018809', '0.003221781', '0.009984515', '0.003129035', '0.003083355', '0.003316052', '0.003334034', '0.021562498', '0.021562498', '0.003012714', '0.029240813', '0.010038311', '0.011132544', '0.021527983', '0.003024792', '0.003058924', '0.003107906', '0.003221781', '0.023079559', '0.010038311', '0.003190260', '0.003096340', '0.011575523', '0.003012714', '0.017437458', '0.011132544', '0.003007000', '0.003096340', '0.022367882', '0.003016616', '0.002990284', '0.002996647', '0.012143105', '0.021527983', '0.003107906', '0.003008783', '0.010038311', '0.020782515', '0.023013201', '0.002987119', '0.003038185', '0.009706361', '0.011132544', '0.003115810', '0.003115810', '0.003135862', '0.002977233', '0.023018016', '0.003096340', '0.022018494', '0.017437458', '0.003016616', '0.009984515', '0.023075515', '0.023096951', '0.003188169', '0.022603618', '0.003115810', '0.002989745', '0.003096340', '0.002987185', '0.002989914', '0.004119928', '0.002978989', '0.003016616', '0.003118792', '0.016736478', '0.002995203']" 
5 Cbound View2 0.088 0.171 0.563 0.069 0.204 1.807 nan 1120.0 1120.0 "['0.000253626', '0.005404646', '0.033619847', '0.003230756', '0.000255399', '0.000255864', '0.033786751', '0.000255399', '0.000257415', '0.000264966', '0.003661882', '0.000259345', '0.000251784', '0.003865746', '0.000252963', '0.033675320', '0.034093246', '0.000254540', '0.000250942', '0.032985240', '0.000254549', '0.005744409', '0.000256267', '0.033796765', '0.033295497', '0.000254345', '0.000248641', '0.003972868', '0.000247384', '0.002977518', '0.000263666', '0.000263810', '0.002977518', '0.000266765', '0.032414954', '0.034356378', '0.033442322', '0.000261390', '0.000255372', '0.004031066', '0.000264407', '0.034893833', '0.000249262', '0.002488662', '0.000256675', '0.000256641', '0.000250992', '0.002195022', '0.034356378', '0.000258120', '0.000258769', '0.002488662', '0.000255225', '0.035508517', '0.000255138', '0.000253291', '0.006983804', '0.031629071', '0.000247169', '0.034203835', '0.000255331', '0.033320356', '0.000254938', '0.033729766', '0.000255864', '0.032711703', '0.002380362', '0.000254006', '0.033277676', '0.000256244', '0.000254452', '0.035514239', '0.000261766', '0.000259807', '0.000256779', '0.003230756', '0.000256065', '0.000264966', '0.002168816', '0.000249033', '0.034356378', '0.033619847', '0.000252156', '0.002047868', '0.000248366', '0.000257636', '0.000256675', '0.000255225', '0.003722242', '0.000259807', '0.004109452', '0.034093246', '0.000255864', '0.033090301', '0.035615396', '0.033903457', '0.033260319', '0.003230756', '0.003230756', '0.000250642']" 
5 Cbound View3 0.140 0.200 0.651 0.096 0.207 1.460 nan 1120.0 1120.0 "['0.002661101', '0.039866928', '0.000495237', '0.000467316', '0.000463552', '0.041652288', '0.003319490', '0.032970291', '0.003294399', '0.004039628', '0.032746628', '0.039783601', '0.002595791', '0.002551530', '0.004207971', '0.000464738', '0.032918453', '0.000497308', '0.031411260', '0.033621047', '0.003319490', '0.000483809', '0.000475803', '0.000471392', '0.000464544', '0.032970291', '0.000503671', '0.032151747', '0.004025538', '0.000480620', '0.033621047', '0.000494276', '0.000502287', '0.000485654', '0.034597546', '0.000469009', '0.032918453', '0.006006016', '0.000471147', '0.039161526', '0.004329848', '0.000472419', '0.030827355', '0.000473665', '0.000479274', '0.004207971', '0.034032684', '0.000508618', '0.003521427', '0.000491772', '0.000497308', '0.000471706', '0.033210292', '0.004175738', '0.000467928', '0.039639883', '0.033918060', '0.039866928', '0.000476969', '0.033621047', '0.003319490', '0.004605166', '0.000484031', '0.039866928', '0.003897831', '0.003319490', '0.000472254', '0.032970291', '0.000480947', '0.000469296', '0.000501733', '0.000479987', '0.000497308', '0.000471177', '0.033828735', '0.000464398', '0.000470543', '0.004605166', '0.000492628', '0.000473665', '0.000482299', '0.000486390', '0.000497308', '0.030212287', '0.000492502', '0.000485233', '0.006006016', '0.003319490', '0.000466994', '0.004175738', '0.000466223', '0.000464413', '0.002551530', '0.000464196', '0.000481841', '0.000497310', '0.015046063', '0.000478814', '0.000497211', '0.000463779']" 
5 Cbound View4 0.092 0.180 0.584 0.071 0.217 2.091 nan 1120.0 1120.0 "['0.000122522', '0.028877843', '0.001957318', '0.009077319', '0.028121216', '0.028194668', '0.027770022', '0.000120805', '0.027706031', '0.028307308', '0.000123898', '0.027998522', '0.028194143', '0.001957318', '0.000123898', '0.000118106', '0.007490805', '0.028121633', '0.000123898', '0.027219517', '0.000123127', '0.000124187', '0.000125226', '0.000118572', '0.004668965', '0.000124187', '0.028178426', '0.028130841', '0.003414864', '0.026897654', '0.000119453', '0.001957318', '0.000119405', '0.000123898', '0.000122323', '0.027656341', '0.000120975', '0.000116850', '0.027258581', '0.027586281', '0.000122250', '0.000123615', '0.001957318', '0.027760046', '0.000116576', '0.027703470', '0.000123855', '0.005326559', '0.028043084', '0.000119107', '0.000121337', '0.002980298', '0.000122876', '0.007490805', '0.027166424', '0.000123624', '0.000119572', '0.002932087', '0.007490805', '0.000123478', '0.000124187', '0.000116722', '0.028889529', '0.000125909', '0.028194143', '0.027800368', '0.000122763', '0.000120862', '0.000121337', '0.000117067', '0.000117958', '0.000123127', '0.027516827', '0.000117016', '0.027812248', '0.027520018', '0.000121337', '0.000123127', '0.027812248', '0.000118533', '0.002932087', '0.028194143', '0.000119403', '0.000119865', '0.000116675', '0.000124191', '0.000119403', '0.028028265', '0.010475230', '0.000125092', '0.028446835', '0.028139366', '0.000119453', '0.000124900', '0.000124405', '0.000123226', '0.000121595', '0.028121216', '0.000118533', '0.028209286']" 
5 Cbound Concatenated 0.074 0.170 0.537 0.059 0.222 1.688 nan 1120.0 1120.0 "['0.003872131', '0.000280083', '0.000284449', '0.000279285', '0.000286532', '0.000286114', '0.000292713', '0.000277241', '0.000276547', '0.032037385', '0.031736657', '0.003872131', '0.000285489', '0.033229731', '0.003206493', '0.032410316', '0.000275142', '0.000281004', '0.032125745', '0.005684423', '0.000292281', '0.000287591', '0.005684423', '0.000289753', '0.004349298', '0.004228469', '0.000272759', '0.005807581', '0.034538172', '0.004228469', '0.000286418', '0.000287353', '0.000269670', '0.000293975', '0.000278337', '0.000276547', '0.032264329', '0.000284833', '0.032754268', '0.000284476', '0.032760475', '0.006058201', '0.000292156', '0.032860406', '0.000291586', '0.000286697', '0.000289305', '0.033071157', '0.005807581', '0.034538172', '0.000288261', '0.000287767', '0.000288003', '0.033970926', '0.000287436', '0.032264329', '0.000286085', '0.004113020', '0.000280448', '0.032456372', '0.005807581', '0.000270031', '0.000274976', '0.030705862', '0.000283504', '0.003232586', '0.000276420', '0.005807581', '0.005661440', '0.000273282', '0.033342965', '0.003678289', '0.032665957', '0.000282195', '0.032067545', '0.000278337', '0.004835743', '0.032853231', '0.000284481', '0.005684423', '0.005921977', '0.031812709', '0.000270740', '0.000270639', '0.032344732', '0.032630086', '0.000272939', '0.000282101', '0.000283214', '0.000279224', '0.000282826', '0.000287891', '0.000272673', '0.000269147', '0.032775279', '0.006952945', '0.032037385', '0.032339465', '0.000289126', '0.032241438']" 
5 Cbound Multiview 0.094 0.209 0.595 0.078 0.267 0.043 0.029 1120.0 1120.0 "[['0.007510529', '0.013489975', '0.013422462', '0.007439420', '0.007651805', '0.013634173', '0.012386716', '0.012779485', '0.007456322', '0.007265413', '0.013531219', '0.013843813', '0.007696929', '0.007686366', '0.013138028', '0.013426134', '0.007527217', '0.013291301', '0.013534514', '0.013467344', '0.013019489', '0.007524060', '0.007344064', '0.007581464', '0.013486424', '0.007497219', '0.007609236', '0.007539588', '0.013513904', '0.007568795', '0.013478759', '0.007566284', '0.007435835', '0.010917211', '0.013449056', '0.007537937', '0.007493488', '0.011462420', '0.007699911', '0.007289229', '0.007488482', '0.007625060', '0.013601599', '0.013480870', '0.013453988', '0.007346244', '0.007546283', '0.007531322', '0.007341755', '0.009300424', '0.013481271', '0.013053985', '0.007538042', '0.007338596', '0.012577307', '0.007624663', '0.013485007', '0.013295989', '0.007508560', '0.007385525', '0.013453276', '0.007584843', '0.007616559', '0.007542381', '0.013479345', '0.007472078', '0.007497207', '0.007543467', '0.013375068', '0.007465106', '0.013497348', '0.007582432', '0.007470472', '0.013399898', '0.013157291', '0.007342875', '0.007433108', '0.007414015', '0.007579071', '0.013578141', '0.007447552', '0.012660788', '0.013387064', '0.007530157', '0.013307543', '0.013487016', '0.013455843', '0.013975490', '0.013533731', '0.007409470', '0.007585583', '0.007494996', '0.007537837', '0.007579927', '0.013319195', '0.007577457', '0.007538917', '0.007417314', '0.013500670', '0.007570952'], ['0.012613478', '0.013453856', '0.007419646', '0.007214792', '0.013461384', '0.013592793', '0.007282735', '0.007529811', '0.013127314', '0.007186613', '0.007397509', '0.013666420', '0.013485493', '0.013453191', '0.007322744', '0.007241114', '0.007317382', '0.007303841', '0.007872179', '0.007575795', '0.007242705', '0.007310611', '0.012493978', '0.013261335', '0.013464551', '0.013338466', '0.013230952', '0.013345455', '0.013446339', '0.013059511', '0.007322344', '0.013324416', '0.007093697', '0.013415028', '0.013451163', '0.007337432', '0.013311431', '0.007267925', '0.013461390', '0.007165687', '0.013350847', '0.013451121', '0.013608441', '0.013467509', '0.007395355', '0.007251115', '0.008515837', '0.013347428', '0.007276864', '0.007244542', '0.007311128', '0.007087612', '0.007209373', '0.007126680', '0.007256168', '0.013462553', '0.007673411', '0.007280166', '0.007097936', '0.012092759', '0.013352325', '0.013361804', '0.013482526', '0.007260993', '0.013491635', '0.007226639', '0.013340296', '0.007214888', '0.007322504', '0.007151698', '0.007337566', '0.013204277', '0.007164638', '0.007389913', '0.007280381', '0.012896915', '0.011806996', '0.013349433', '0.007131734', '0.013553021', '0.013208987', '0.007196147', '0.007325447', '0.007216407', '0.007278748', '0.007310274', '0.007287059', '0.013557735', '0.007684277', '0.007187774', '0.008155631', '0.007305183', '0.007208465', '0.013356803', '0.013476740', '0.007303229', '0.007216786', '0.012514999', '0.013461134', '0.013058650'], ['0.011882003', '0.006942361', '0.012561108', '0.011736981', '0.012577850', '0.012626094', '0.006786509', '0.012527511', '0.009871995', '0.006739574', '0.012556577', '0.012606573', '0.012544768', '0.012516120', '0.012399299', '0.006649814', '0.012330380', '0.006828304', '0.012632956', '0.012547263', '0.006777201', '0.012209367', '0.006835717', '0.011951622', '0.006943228', '0.012432843', '0.012423486', '0.006766499', '0.006898579', '0.012422686', '0.006855861', '0.009619771', '0.006641896', '0.006911356', '0.012529174', '0.012455832', '0.011688559', '0.006743691', '0.012601363', '0.006733769', '0.012413220', '0.012535869', '0.012788329', '0.006907410', '0.012492158', '0.012144266', '0.011040500', '0.012347992', '0.006796601', '0.011431327', '0.006781348', '0.006747962', '0.006768450', '0.006705619', '0.012444235', '0.012679917', '0.012506247', '0.011915887', '0.006777761', '0.006807187', '0.006847837', '0.006869275', '0.012530709', '0.012258838', '0.012528086', '0.012422457', '0.006853590', '0.006662169', '0.006860431', '0.006657717', '0.006850098', '0.006852780', '0.006913794', '0.012540434', '0.006828072', '0.006736716', '0.006742859', '0.012443869', '0.011706636', '0.012784727', '0.006694072', '0.006814002', '0.006778126', '0.012300543', '0.012432264', '0.012195950', '0.006833914', '0.012701368', '0.012591367', '0.010111464', '0.012394380', '0.012303828', '0.006823400', '0.012411810', '0.012551061', '0.012176717', '0.006783747', '0.012425946', '0.012532146', '0.011913981'], ['0.007120737', '0.013139960', '0.013141195', '0.007065725', '0.013139731', '0.013221568', '0.012873777', '0.013104652', '0.007112741', '0.006995326', '0.013340957', '0.013174405', '0.013151646', '0.013177806', '0.007084265', '0.006953816', '0.006951170', '0.012288926', '0.013107612', '0.013164559', '0.006940608', '0.012955665', '0.007104531', '0.007119177', '0.013205194', '0.006937837', '0.007119672', '0.011612982', '0.013088425', '0.007057822', '0.013001357', '0.007044766', '0.006909889', '0.013098910', '0.007511192', '0.012858514', '0.007090616', '0.012989291', '0.013161733', '0.009105296', '0.007068845', '0.013127509', '0.013315274', '0.013157044', '0.013052002', '0.006993330', '0.006896364', '0.007053128', '0.007032017', '0.006945518', '0.012500085', '0.007044943', '0.006946588', '0.007181659', '0.006957481', '0.013123576', '0.013084383', '0.007062113', '0.007058999', '0.007009573', '0.007067014', '0.012837828', '0.013099087', '0.007064558', '0.007625899', '0.013004906', '0.012947055', '0.012866029', '0.012914950', '0.007010459', '0.012982359', '0.012816318', '0.006885714', '0.013330108', '0.006897104', '0.007111683', '0.012881579', '0.007097211', '0.012687374', '0.013311891', '0.009166154', '0.007092344', '0.012746396', '0.006906745', '0.007091550', '0.007091274', '0.007537765', '0.013310014', '0.013167529', '0.012594590', '0.012956770', '0.012986619', '0.006981130', '0.007073790', '0.008795914', '0.009910834', '0.012870668', '0.007133847', '0.007407305', '0.006905159']]" "['0.156794116', '0.283690631', '0.276376009', '0.283139229']"
5 C_TND View1 0.299 0.356 0.946 0.172 0.369 0.077 nan 1120.0 1120.0 "['0.007132385', '0.009983633', '0.008878012', '0.007132385', '0.007189590', '0.020557022', '0.008729034', '0.007838890', '0.007419686', '0.014309334', '0.013923728', '0.011983679', '0.007373406', '0.007813033', '0.009077661', '0.017854273', '0.017556770', '0.008895333', '0.013841388', '0.009244271', '0.008895333', '0.008053917', '0.007373406', '0.006059905', '0.008895333', '0.007189590', '0.017444136', '0.007813033', '0.017000806', '0.006674522', '0.017711421', '0.006514593', '0.019671062', '0.007796948', '0.008878012', '0.008053917', '0.007189590', '0.007878455', '0.020007210', '0.014309334', '0.014309334', '0.006456624', '0.009833219', '0.008895333', '0.009100375', '0.011990938', '0.006658059', '0.006989475', '0.007419686', '0.007796948', '0.017711421', '0.008895333', '0.019216666', '0.007292440', '0.008729034', '0.006456624', '0.009693627', '0.009100375', '0.006338465', '0.007292440', '0.020155696', '0.006504398', '0.006073092', '0.006178705', '0.009244271', '0.011990938', '0.007419686', '0.006361570', '0.008895333', '0.019415595', '0.019006904', '0.006003104', '0.006843747', '0.008639217', '0.009100375', '0.007373406', '0.007373406', '0.007513933', '0.005758041', '0.018940577', '0.007292440', '0.016694322', '0.009693627', '0.006504398', '0.008878012', '0.017661145', '0.017000806', '0.007700661', '0.013841388', '0.007373406', '0.005948619', '0.007292440', '0.005787159', '0.005964903', '0.007902124', '0.005690373', '0.006504398', '0.007400918', '0.009644704', '0.006111714']" 
5 C_TND View2 0.105 0.165 0.516 0.070 0.190 0.005 nan 1120.0 1120.0 "['0.009222278', '0.010654521', '0.012899994', '0.010529242', '0.009201262', '0.009291350', '0.012597778', '0.009201262', '0.009466720', '0.010140005', '0.010510605', '0.009508483', '0.008942668', '0.010448484', '0.009124152', '0.011386611', '0.010126863', '0.009509921', '0.008821372', '0.012433485', '0.009137440', '0.010737384', '0.009433253', '0.010103634', '0.012505997', '0.009199534', '0.008483556', '0.010547867', '0.008194051', '0.010370088', '0.009896286', '0.009576591', '0.010370088', '0.009677440', '0.010594335', '0.010595565', '0.011056566', '0.009727798', '0.009331425', '0.010483554', '0.010001183', '0.010714626', '0.008614277', '0.009815092', '0.009268980', '0.009396479', '0.008866590', '0.009807033', '0.010595565', '0.009369922', '0.009875599', '0.009815092', '0.009136857', '0.010705749', '0.009170611', '0.009117358', '0.010891335', '0.010352965', '0.008111577', '0.010798706', '0.009446267', '0.011028460', '0.009167242', '0.012921656', '0.009291350', '0.011382516', '0.009884803', '0.009058140', '0.012179495', '0.009416742', '0.009208883', '0.010393858', '0.009503775', '0.009384590', '0.009450901', '0.010529242', '0.009395281', '0.010140005', '0.009757130', '0.008606945', '0.010595565', '0.012899994', '0.009036539', '0.009891026', '0.008430704', '0.009570990', '0.009268980', '0.009136857', '0.010488652', '0.009384590', '0.010223904', '0.010126863', '0.009291350', '0.011392004', '0.010750010', '0.010004012', '0.011015131', '0.010529242', '0.010529242', '0.008821978']" 
5 C_TND View3 0.151 0.205 0.670 0.106 0.198 0.023 nan 1120.0 1120.0 "['0.009724757', '0.009960238', '0.009319617', '0.008081950', '0.006561077', '0.010684194', '0.009964599', '0.018562421', '0.009937896', '0.010058482', '0.016001584', '0.011417055', '0.009724085', '0.009693535', '0.010225028', '0.007358143', '0.018824477', '0.009393004', '0.010744922', '0.010879900', '0.009964599', '0.009077231', '0.008795434', '0.008512272', '0.007219874', '0.018562421', '0.009619979', '0.013941802', '0.010161877', '0.008964341', '0.010879900', '0.009332629', '0.009428544', '0.009119401', '0.012514702', '0.008289277', '0.018824477', '0.010474999', '0.008490181', '0.011544514', '0.009977727', '0.008576014', '0.011462959', '0.008653094', '0.008922021', '0.010225028', '0.010632970', '0.009513658', '0.009963653', '0.009293943', '0.009393004', '0.008534179', '0.010050450', '0.009913818', '0.008167181', '0.010556475', '0.011255646', '0.009960238', '0.008896694', '0.010879900', '0.009964599', '0.010294740', '0.009173008', '0.009960238', '0.010136621', '0.009964599', '0.008565295', '0.018562421', '0.008985610', '0.008322030', '0.009420658', '0.009082842', '0.009393004', '0.008492547', '0.010474030', '0.006918141', '0.008439635', '0.010294740', '0.009273005', '0.008653094', '0.009107900', '0.009219768', '0.009393004', '0.009960937', '0.009378410', '0.009107571', '0.010474999', '0.009964599', '0.008031304', '0.009913818', '0.007891674', '0.005983129', '0.009693535', '0.006825672', '0.009015189', '0.009359438', '0.010752522', '0.008964222', '0.009940264', '0.006987117']" 
5 C_TND View4 0.090 0.183 0.545 0.072 0.222 0.004 nan 1120.0 1120.0 "['0.009624213', '0.011393726', '0.010054555', '0.010468894', '0.011467625', '0.011029373', '0.011630113', '0.009391226', '0.011440203', '0.010782628', '0.009642256', '0.010546178', '0.010745995', '0.010054555', '0.009642256', '0.008735267', '0.011683250', '0.010677221', '0.009642256', '0.010534282', '0.009580447', '0.009832163', '0.009795886', '0.008913059', '0.010040323', '0.009832163', '0.011214377', '0.010693303', '0.009952983', '0.010122728', '0.009130658', '0.010054555', '0.009128342', '0.009642256', '0.009615691', '0.010659583', '0.009352811', '0.008095574', '0.010465356', '0.010444794', '0.009588933', '0.009759074', '0.010054555', '0.010703884', '0.007924617', '0.010394908', '0.009802217', '0.010355492', '0.011477339', '0.009049687', '0.009396360', '0.010320543', '0.009658840', '0.011683250', '0.010392746', '0.009743953', '0.009157041', '0.009998802', '0.011683250', '0.009738480', '0.009832163', '0.008009881', '0.011421940', '0.009805484', '0.010745995', '0.010463092', '0.009649854', '0.009331418', '0.009396360', '0.008305809', '0.008626736', '0.009580447', '0.010312939', '0.008331949', '0.010465651', '0.011676689', '0.009396360', '0.009580447', '0.010465651', '0.008903242', '0.009998802', '0.010745995', '0.009123475', '0.009230805', '0.007086639', '0.009667418', '0.009123475', '0.011343351', '0.011686921', '0.009744890', '0.010966999', '0.010968462', '0.009130658', '0.009897350', '0.010037701', '0.009750765', '0.009501440', '0.011467625', '0.008903242', '0.010684760']" 
5 C_TND Concatenated 0.081 0.172 0.503 0.064 0.216 0.006 nan 1120.0 1120.0 "['0.010078599', '0.009293039', '0.009535042', '0.009318300', '0.009589528', '0.009673079', '0.009766683', '0.008955950', '0.008870191', '0.010500439', '0.010472453', '0.010078599', '0.009485134', '0.011050888', '0.009952130', '0.010691671', '0.008757957', '0.009227913', '0.010129598', '0.009933973', '0.010099264', '0.009707076', '0.009933973', '0.009877610', '0.010056210', '0.010273165', '0.008397706', '0.011334790', '0.011539091', '0.010273165', '0.009511951', '0.009556772', '0.007616914', '0.009858098', '0.009069217', '0.008870191', '0.010316017', '0.009523778', '0.013329463', '0.009462401', '0.012905966', '0.011098162', '0.009817274', '0.011230865', '0.009742804', '0.009518501', '0.009873731', '0.011487738', '0.011334790', '0.011539091', '0.009531911', '0.009766343', '0.009770433', '0.011390487', '0.009503548', '0.010316017', '0.009573110', '0.010248154', '0.009314671', '0.010860256', '0.011334790', '0.007720016', '0.008745412', '0.011064016', '0.009367874', '0.009856272', '0.008984106', '0.011334790', '0.009932696', '0.008480416', '0.011164195', '0.010037846', '0.013200385', '0.009432978', '0.011465669', '0.009069217', '0.009837739', '0.011204213', '0.009586811', '0.009933973', '0.010919449', '0.011028063', '0.007939312', '0.007970359', '0.010867881', '0.012712930', '0.008418361', '0.009456988', '0.009368361', '0.009088862', '0.009344285', '0.009626916', '0.008383671', '0.007270014', '0.011338351', '0.009958600', '0.010500439', '0.010709659', '0.009873807', '0.010678448']" 
5 C_TND Multiview 0.076 0.180 0.537 0.065 0.236 0.355 0.456 1120.0 1120.0 "[['0.000012745', '0.000080123', '0.000014622', '0.000007612', '0.000006276', '0.333498269', '0.000011949', '0.000008426', '0.000008574', '0.000135648', '0.000285298', '0.000051809', '0.000008321', '0.000007225', '0.000029935', '0.000151541', '0.000222952', '0.000064113', '0.000114166', '0.000032440', '0.000035432', '0.000007442', '0.000012846', '0.000011506', '0.000012096', '0.000007135', '0.000112181', '0.000007470', '0.000106157', '0.000010293', '0.314125270', '0.000008119', '0.000117882', '0.000008390', '0.000013271', '0.000012593', '0.000007857', '0.000009147', '0.000104693', '0.000110713', '0.000101730', '0.000008893', '0.000081401', '0.000045078', '0.000036914', '0.000058682', '0.000008321', '0.000008773', '0.000040950', '0.000010972', '0.000175283', '0.000047544', '0.000097417', '0.000010525', '0.000011703', '0.000007459', '0.000068327', '0.000050610', '0.000015703', '0.000006809', '0.000129606', '0.000008114', '0.000008522', '0.000017768', '0.000019002', '0.000022874', '0.000007138', '0.000008970', '0.000057440', '0.000107557', '0.347436816', '0.000012285', '0.000010986', '0.000024906', '0.000064317', '0.000014903', '0.000007382', '0.000010994', '0.000012021', '0.000269060', '0.000011101', '0.000110173', '0.000033387', '0.000010650', '0.000024061', '0.000668404', '0.000101039', '0.000011219', '0.000099262', '0.000010309', '0.000010315', '0.000008758', '0.000022285', '0.000011575', '0.000014780', '0.000015272', '0.000009307', '0.000013108', '0.000067360', '0.000011354'], ['0.005498811', '0.013627261', '0.007397301', '0.016288675', '0.012678660', '0.000089969', '0.007742694', '0.005585976', '0.011056072', '0.009991374', '0.007644758', '0.010226759', '0.010193449', '0.014870113', '0.005973850', '0.011335889', '0.000699396', '0.011947670', '0.010020445', '0.008216294', '0.008365284', '0.010149229', '0.017083678', '0.013114820', '0.013712497', '0.009724885', '0.010524780', '0.014170412', '0.012061168', '0.009575874', '0.000078941', '0.014320856', '0.008847967', '0.010835625', '0.011706195', '0.004616386', '0.014672064', '0.013004682', '0.014081564', '0.009226642', '0.013379786', '0.009240834', '0.008898927', '0.011018379', '0.012919377', '0.009024881', '0.014546362', '0.012559605', '0.005258293', '0.008071005', '0.012133632', '0.015340188', '0.009887328', '0.010366634', '0.003898050', '0.012651653', '0.011220388', '0.008773378', '0.014750615', '0.015066260', '0.010155397', '0.014773549', '0.010624480', '0.002072898', '0.009707496', '0.007358575', '0.013387385', '0.009387575', '0.012258543', '0.008607062', '0.000097243', '0.013548360', '0.003505862', '0.005668224', '0.010357220', '0.015565764', '0.010567845', '0.009755811', '0.013204721', '0.009331125', '0.015631845', '0.008755123', '0.005808007', '0.005769106', '0.005194712', '0.009346676', '0.010925576', '0.013760688', '0.007830633', '0.009843831', '0.010257103', '0.005510916', '0.011571162', '0.010671334', '0.009492461', '0.004618365', '0.012462197', '0.009275008', '0.012325094', '0.011050520'], ['0.025113208', '0.003676464', '0.012659867', '0.009177078', '0.008571246', '0.000349017', '0.006313974', '0.011363680', '0.018110596', '0.008144317', '0.013166467', '0.006564003', '0.007785077', '0.003679528', '0.015373978', '0.007954719', '0.039504480', '0.003643690', '0.013131540', '0.015874688', '0.013864331', '0.004604964', '0.002903774', '0.012005811', '0.004007248', '0.023386793', '0.010106167', '0.006223610', '0.005806272', '0.013493370', '0.000102674', '0.011540557', '0.005090413', '0.004804477', '0.011227723', '0.015540403', '0.007716273', '0.002802059', '0.003297345', '0.007879097', '0.012701802', '0.013543563', '0.013129161', '0.002873835', '0.008818297', '0.014653708', '0.006115749', '0.011621004', '0.006036318', '0.006561150', '0.009066379', '0.009838557', '0.001756061', '0.010991578', '0.030583918', '0.007017185', '0.003540208', '0.009201306', '0.004903195', '0.001704729', '0.009237791', '0.001801494', '0.008096199', '0.035461884', '0.010990181', '0.013844659', '0.001337365', '0.006725251', '0.002128809', '0.009680683', '0.000071610', '0.001487591', '0.022655200', '0.014667071', '0.002942004', '0.010388889', '0.002661487', '0.027108565', '0.004260947', '0.011846712', '0.003049974', '0.008139104', '0.016281491', '0.015861239', '0.017361181', '0.004971405', '0.007317048', '0.004827343', '0.026761385', '0.005550428', '0.007269169', '0.013216514', '0.001398866', '0.023311028', '0.013424455', '0.013756140', '0.001641120', '0.019007130', '0.015164025', '0.003077851'], ['0.002106017', '0.014629783', '0.010430538', '0.004612595', '0.010981782', '0.000187544', '0.013956601', '0.014536000', '0.003036246', '0.008063026', '0.007569588', '0.017144490', '0.011682271', '0.013551065', '0.008815520', '0.008940913', '0.002235218', '0.014098315', '0.009880234', '0.008165148', '0.007439599', '0.015978253', '0.004223646', '0.004444750', '0.014655216', '0.003642130', '0.007240585', '0.011342078', '0.010844490', '0.007432899', '0.000211329', '0.005951190', '0.017409837', '0.014344681', '0.008926141', '0.014272645', '0.007356216', '0.017103069', '0.015329343', '0.012101626', '0.005862614', '0.009946344', '0.012131985', '0.015399980', '0.006238307', '0.005903767', '0.009679801', '0.008059880', '0.011578958', '0.014822338', '0.008088407', '0.003637985', '0.016955985', '0.009300807', '0.003000775', '0.012855799', '0.015803752', '0.010304741', '0.005871571', '0.015682265', '0.008383919', '0.013858799', '0.014111569', '0.001317926', '0.009690329', '0.015071834', '0.016375478', '0.017815083', '0.017081017', '0.006649810', '0.000079849', '0.012824088', '0.009041044', '0.010084117', '0.013617720', '0.001347759', '0.017396420', '0.001052607', '0.012504908', '0.007926725', '0.008094161', '0.007473251', '0.009302119', '0.010957565', '0.009363684', '0.010885336', '0.008191879', '0.017270269', '0.003167866', '0.017005598', '0.014038771', '0.015768589', '0.011306820', '0.001943547', '0.007875099', '0.012908006', '0.020429321', '0.003611765', '0.003632868', '0.014543753']]" "['0.018859647', '0.381393433', '0.252317488', '0.347429514']"
6 Uniform View1 0.343 0.367 0.846 0.202 0.331 0.000 nan 1120.0 1120.0 "['0.010000000', '0.010000000', '0.010000000', '0.010000000', '0.010000000', '0.010000000', '0.010000000', '0.010000000', '0.010000000', '0.010000000', '0.010000000', '0.010000000', '0.010000000', '0.010000000', '0.010000000', '0.010000000', '0.010000000', '0.010000000', '0.010000000', '0.010000000', '0.010000000', '0.010000000', '0.010000000', '0.010000000', '0.010000000', '0.010000000', '0.010000000', '0.010000000', '0.010000000', '0.010000000', '0.010000000', '0.010000000', '0.010000000', '0.010000000', '0.010000000', '0.010000000', '0.010000000', '0.010000000', '0.010000000', '0.010000000', '0.010000000', '0.010000000', '0.010000000', '0.010000000', '0.010000000', '0.010000000', '0.010000000', '0.010000000', '0.010000000', '0.010000000', '0.010000000', '0.010000000', '0.010000000', '0.010000000', '0.010000000', '0.010000000', '0.010000000', '0.010000000', '0.010000000', '0.010000000', '0.010000000', '0.010000000', '0.010000000', '0.010000000', '0.010000000', '0.010000000', '0.010000000', '0.010000000', '0.010000000', '0.010000000', '0.010000000', '0.010000000', '0.010000000', '0.010000000', '0.010000000', '0.010000000', '0.010000000', '0.010000000', '0.010000000', '0.010000000', '0.010000000', '0.010000000', '0.010000000', '0.010000000', '0.010000000', '0.010000000', '0.010000000', '0.010000000', '0.010000000', '0.010000000', '0.010000000', '0.010000000', '0.010000000', '0.010000000', '0.010000000', '0.010000000', '0.010000000', '0.010000000', '0.010000000', '0.010000000']" 
6 Uniform View2 0.115 0.168 0.426 0.073 0.191 0.000 nan 1120.0 1120.0 "['0.010000000', '0.010000000', '0.010000000', '0.010000000', '0.010000000', '0.010000000', '0.010000000', '0.010000000', '0.010000000', '0.010000000', '0.010000000', '0.010000000', '0.010000000', '0.010000000', '0.010000000', '0.010000000', '0.010000000', '0.010000000', '0.010000000', '0.010000000', '0.010000000', '0.010000000', '0.010000000', '0.010000000', '0.010000000', '0.010000000', '0.010000000', '0.010000000', '0.010000000', '0.010000000', '0.010000000', '0.010000000', '0.010000000', '0.010000000', '0.010000000', '0.010000000', '0.010000000', '0.010000000', '0.010000000', '0.010000000', '0.010000000', '0.010000000', '0.010000000', '0.010000000', '0.010000000', '0.010000000', '0.010000000', '0.010000000', '0.010000000', '0.010000000', '0.010000000', '0.010000000', '0.010000000', '0.010000000', '0.010000000', '0.010000000', '0.010000000', '0.010000000', '0.010000000', '0.010000000', '0.010000000', '0.010000000', '0.010000000', '0.010000000', '0.010000000', '0.010000000', '0.010000000', '0.010000000', '0.010000000', '0.010000000', '0.010000000', '0.010000000', '0.010000000', '0.010000000', '0.010000000', '0.010000000', '0.010000000', '0.010000000', '0.010000000', '0.010000000', '0.010000000', '0.010000000', '0.010000000', '0.010000000', '0.010000000', '0.010000000', '0.010000000', '0.010000000', '0.010000000', '0.010000000', '0.010000000', '0.010000000', '0.010000000', '0.010000000', '0.010000000', '0.010000000', '0.010000000', '0.010000000', '0.010000000', '0.010000000']" 
6 Uniform View3 0.159 0.206 0.509 0.105 0.202 0.000 nan 1120.0 1120.0 "['0.010000000', '0.010000000', '0.010000000', '0.010000000', '0.010000000', '0.010000000', '0.010000000', '0.010000000', '0.010000000', '0.010000000', '0.010000000', '0.010000000', '0.010000000', '0.010000000', '0.010000000', '0.010000000', '0.010000000', '0.010000000', '0.010000000', '0.010000000', '0.010000000', '0.010000000', '0.010000000', '0.010000000', '0.010000000', '0.010000000', '0.010000000', '0.010000000', '0.010000000', '0.010000000', '0.010000000', '0.010000000', '0.010000000', '0.010000000', '0.010000000', '0.010000000', '0.010000000', '0.010000000', '0.010000000', '0.010000000', '0.010000000', '0.010000000', '0.010000000', '0.010000000', '0.010000000', '0.010000000', '0.010000000', '0.010000000', '0.010000000', '0.010000000', '0.010000000', '0.010000000', '0.010000000', '0.010000000', '0.010000000', '0.010000000', '0.010000000', '0.010000000', '0.010000000', '0.010000000', '0.010000000', '0.010000000', '0.010000000', '0.010000000', '0.010000000', '0.010000000', '0.010000000', '0.010000000', '0.010000000', '0.010000000', '0.010000000', '0.010000000', '0.010000000', '0.010000000', '0.010000000', '0.010000000', '0.010000000', '0.010000000', '0.010000000', '0.010000000', '0.010000000', '0.010000000', '0.010000000', '0.010000000', '0.010000000', '0.010000000', '0.010000000', '0.010000000', '0.010000000', '0.010000000', '0.010000000', '0.010000000', '0.010000000', '0.010000000', '0.010000000', '0.010000000', '0.010000000', '0.010000000', '0.010000000', '0.010000000']" 
6 Uniform View4 0.091 0.181 0.455 0.071 0.219 0.000 nan 1120.0 1120.0 "['0.010000000', '0.010000000', '0.010000000', '0.010000000', '0.010000000', '0.010000000', '0.010000000', '0.010000000', '0.010000000', '0.010000000', '0.010000000', '0.010000000', '0.010000000', '0.010000000', '0.010000000', '0.010000000', '0.010000000', '0.010000000', '0.010000000', '0.010000000', '0.010000000', '0.010000000', '0.010000000', '0.010000000', '0.010000000', '0.010000000', '0.010000000', '0.010000000', '0.010000000', '0.010000000', '0.010000000', '0.010000000', '0.010000000', '0.010000000', '0.010000000', '0.010000000', '0.010000000', '0.010000000', '0.010000000', '0.010000000', '0.010000000', '0.010000000', '0.010000000', '0.010000000', '0.010000000', '0.010000000', '0.010000000', '0.010000000', '0.010000000', '0.010000000', '0.010000000', '0.010000000', '0.010000000', '0.010000000', '0.010000000', '0.010000000', '0.010000000', '0.010000000', '0.010000000', '0.010000000', '0.010000000', '0.010000000', '0.010000000', '0.010000000', '0.010000000', '0.010000000', '0.010000000', '0.010000000', '0.010000000', '0.010000000', '0.010000000', '0.010000000', '0.010000000', '0.010000000', '0.010000000', '0.010000000', '0.010000000', '0.010000000', '0.010000000', '0.010000000', '0.010000000', '0.010000000', '0.010000000', '0.010000000', '0.010000000', '0.010000000', '0.010000000', '0.010000000', '0.010000000', '0.010000000', '0.010000000', '0.010000000', '0.010000000', '0.010000000', '0.010000000', '0.010000000', '0.010000000', '0.010000000', '0.010000000', '0.010000000']" 
6 Uniform Concatenated 0.086 0.174 0.439 0.067 0.214 0.000 nan 1120.0 1120.0 "['0.010000000', '0.010000000', '0.010000000', '0.010000000', '0.010000000', '0.010000000', '0.010000000', '0.010000000', '0.010000000', '0.010000000', '0.010000000', '0.010000000', '0.010000000', '0.010000000', '0.010000000', '0.010000000', '0.010000000', '0.010000000', '0.010000000', '0.010000000', '0.010000000', '0.010000000', '0.010000000', '0.010000000', '0.010000000', '0.010000000', '0.010000000', '0.010000000', '0.010000000', '0.010000000', '0.010000000', '0.010000000', '0.010000000', '0.010000000', '0.010000000', '0.010000000', '0.010000000', '0.010000000', '0.010000000', '0.010000000', '0.010000000', '0.010000000', '0.010000000', '0.010000000', '0.010000000', '0.010000000', '0.010000000', '0.010000000', '0.010000000', '0.010000000', '0.010000000', '0.010000000', '0.010000000', '0.010000000', '0.010000000', '0.010000000', '0.010000000', '0.010000000', '0.010000000', '0.010000000', '0.010000000', '0.010000000', '0.010000000', '0.010000000', '0.010000000', '0.010000000', '0.010000000', '0.010000000', '0.010000000', '0.010000000', '0.010000000', '0.010000000', '0.010000000', '0.010000000', '0.010000000', '0.010000000', '0.010000000', '0.010000000', '0.010000000', '0.010000000', '0.010000000', '0.010000000', '0.010000000', '0.010000000', '0.010000000', '0.010000000', '0.010000000', '0.010000000', '0.010000000', '0.010000000', '0.010000000', '0.010000000', '0.010000000', '0.010000000', '0.010000000', '0.010000000', '0.010000000', '0.010000000', '0.010000000', '0.010000000']" 
6 Uniform Multiview 0.115 0.229 0.558 0.089 0.282 0.000 0.000 1120.0 1120.0 "[['0.010000000', '0.010000000', '0.010000000', '0.010000000', '0.010000000', '0.010000000', '0.010000000', '0.010000000', '0.010000000', '0.010000000', '0.010000000', '0.010000000', '0.010000000', '0.010000000', '0.010000000', '0.010000000', '0.010000000', '0.010000000', '0.010000000', '0.010000000', '0.010000000', '0.010000000', '0.010000000', '0.010000000', '0.010000000', '0.010000000', '0.010000000', '0.010000000', '0.010000000', '0.010000000', '0.010000000', '0.010000000', '0.010000000', '0.010000000', '0.010000000', '0.010000000', '0.010000000', '0.010000000', '0.010000000', '0.010000000', '0.010000000', '0.010000000', '0.010000000', '0.010000000', '0.010000000', '0.010000000', '0.010000000', '0.010000000', '0.010000000', '0.010000000', '0.010000000', '0.010000000', '0.010000000', '0.010000000', '0.010000000', '0.010000000', '0.010000000', '0.010000000', '0.010000000', '0.010000000', '0.010000000', '0.010000000', '0.010000000', '0.010000000', '0.010000000', '0.010000000', '0.010000000', '0.010000000', '0.010000000', '0.010000000', '0.010000000', '0.010000000', '0.010000000', '0.010000000', '0.010000000', '0.010000000', '0.010000000', '0.010000000', '0.010000000', '0.010000000', '0.010000000', '0.010000000', '0.010000000', '0.010000000', '0.010000000', '0.010000000', '0.010000000', '0.010000000', '0.010000000', '0.010000000', '0.010000000', '0.010000000', '0.010000000', '0.010000000', '0.010000000', '0.010000000', '0.010000000', '0.010000000', '0.010000000', '0.010000000'], ['0.010000000', '0.010000000', '0.010000000', '0.010000000', '0.010000000', '0.010000000', '0.010000000', '0.010000000', '0.010000000', '0.010000000', '0.010000000', '0.010000000', '0.010000000', '0.010000000', '0.010000000', '0.010000000', '0.010000000', '0.010000000', '0.010000000', '0.010000000', '0.010000000', '0.010000000', '0.010000000', '0.010000000', '0.010000000', '0.010000000', '0.010000000', '0.010000000', '0.010000000', '0.010000000', '0.010000000', '0.010000000', '0.010000000', '0.010000000', '0.010000000', '0.010000000', '0.010000000', '0.010000000', '0.010000000', '0.010000000', '0.010000000', '0.010000000', '0.010000000', '0.010000000', '0.010000000', '0.010000000', '0.010000000', '0.010000000', '0.010000000', '0.010000000', '0.010000000', '0.010000000', '0.010000000', '0.010000000', '0.010000000', '0.010000000', '0.010000000', '0.010000000', '0.010000000', '0.010000000', '0.010000000', '0.010000000', '0.010000000', '0.010000000', '0.010000000', '0.010000000', '0.010000000', '0.010000000', '0.010000000', '0.010000000', '0.010000000', '0.010000000', '0.010000000', '0.010000000', '0.010000000', '0.010000000', '0.010000000', '0.010000000', '0.010000000', '0.010000000', '0.010000000', '0.010000000', '0.010000000', '0.010000000', '0.010000000', '0.010000000', '0.010000000', '0.010000000', '0.010000000', '0.010000000', '0.010000000', '0.010000000', '0.010000000', '0.010000000', '0.010000000', '0.010000000', '0.010000000', '0.010000000', '0.010000000', '0.010000000'], ['0.010000000', '0.010000000', '0.010000000', '0.010000000', '0.010000000', '0.010000000', '0.010000000', '0.010000000', '0.010000000', '0.010000000', '0.010000000', '0.010000000', '0.010000000', '0.010000000', '0.010000000', '0.010000000', '0.010000000', '0.010000000', '0.010000000', '0.010000000', '0.010000000', '0.010000000', '0.010000000', '0.010000000', '0.010000000', '0.010000000', '0.010000000', '0.010000000', '0.010000000', '0.010000000', '0.010000000', '0.010000000', '0.010000000', '0.010000000', '0.010000000', '0.010000000', '0.010000000', '0.010000000', '0.010000000', '0.010000000', '0.010000000', '0.010000000', '0.010000000', '0.010000000', '0.010000000', '0.010000000', '0.010000000', '0.010000000', '0.010000000', '0.010000000', '0.010000000', '0.010000000', '0.010000000', '0.010000000', '0.010000000', '0.010000000', '0.010000000', '0.010000000', '0.010000000', '0.010000000', '0.010000000', '0.010000000', '0.010000000', '0.010000000', '0.010000000', '0.010000000', '0.010000000', '0.010000000', '0.010000000', '0.010000000', '0.010000000', '0.010000000', '0.010000000', '0.010000000', '0.010000000', '0.010000000', '0.010000000', '0.010000000', '0.010000000', '0.010000000', '0.010000000', '0.010000000', '0.010000000', '0.010000000', '0.010000000', '0.010000000', '0.010000000', '0.010000000', '0.010000000', '0.010000000', '0.010000000', '0.010000000', '0.010000000', '0.010000000', '0.010000000', '0.010000000', '0.010000000', '0.010000000', '0.010000000', '0.010000000'], ['0.010000000', '0.010000000', '0.010000000', '0.010000000', '0.010000000', '0.010000000', '0.010000000', '0.010000000', '0.010000000', '0.010000000', '0.010000000', '0.010000000', '0.010000000', '0.010000000', '0.010000000', '0.010000000', '0.010000000', '0.010000000', '0.010000000', '0.010000000', '0.010000000', '0.010000000', '0.010000000', '0.010000000', '0.010000000', '0.010000000', '0.010000000', '0.010000000', '0.010000000', '0.010000000', '0.010000000', '0.010000000', '0.010000000', '0.010000000', '0.010000000', '0.010000000', '0.010000000', '0.010000000', '0.010000000', '0.010000000', '0.010000000', '0.010000000', '0.010000000', '0.010000000', '0.010000000', '0.010000000', '0.010000000', '0.010000000', '0.010000000', '0.010000000', '0.010000000', '0.010000000', '0.010000000', '0.010000000', '0.010000000', '0.010000000', '0.010000000', '0.010000000', '0.010000000', '0.010000000', '0.010000000', '0.010000000', '0.010000000', '0.010000000', '0.010000000', '0.010000000', '0.010000000', '0.010000000', '0.010000000', '0.010000000', '0.010000000', '0.010000000', '0.010000000', '0.010000000', '0.010000000', '0.010000000', '0.010000000', '0.010000000', '0.010000000', '0.010000000', '0.010000000', '0.010000000', '0.010000000', '0.010000000', '0.010000000', '0.010000000', '0.010000000', '0.010000000', '0.010000000', '0.010000000', '0.010000000', '0.010000000', '0.010000000', '0.010000000', '0.010000000', '0.010000000', '0.010000000', '0.010000000', '0.010000000', '0.010000000']]" "['0.250000000', '0.250000000', '0.250000000', '0.250000000']"
6 PBkl View1 0.327 0.320 0.754 0.187 0.264 0.813 nan 1120.0 1120.0 "['0.001449078', '0.001403729', '0.001449078', '0.011055149', '0.001455055', '0.001470529', '0.001403729', '0.001045681', '0.004754933', '0.002236776', '0.001396623', '0.030059200', '0.001449078', '0.004754933', '0.021120084', '0.001430557', '0.011055149', '0.027997382', '0.012722742', '0.025876438', '0.029575896', '0.028365232', '0.001462349', '0.015161965', '0.021120084', '0.008635748', '0.011888678', '0.001479189', '0.001403729', '0.011055149', '0.001468969', '0.002236776', '0.028365232', '0.001456947', '0.029826026', '0.015161965', '0.001284970', '0.025581053', '0.012722742', '0.001442609', '0.007166030', '0.001473545', '0.001045681', '0.003834034', '0.002236776', '0.029443907', '0.001495632', '0.001293171', '0.001468969', '0.001293171', '0.021120084', '0.001468969', '0.001403729', '0.011888678', '0.033912733', '0.001284970', '0.005865262', '0.001267313', '0.029944601', '0.001449078', '0.002236776', '0.001372018', '0.001257800', '0.002236776', '0.015936714', '0.001400237', '0.001455055', '0.001045681', '0.001043528', '0.001267313', '0.001045681', '0.021120084', '0.029164806', '0.004754933', '0.028365232', '0.028365232', '0.001403729', '0.028365232', '0.001372018', '0.025876438', '0.034075987', '0.001444825', '0.004754933', '0.001367355', '0.029164806', '0.001455055', '0.028365232', '0.021120084', '0.028185112', '0.002014142', '0.001468969', '0.033930082', '0.025876438', '0.001267313', '0.003834034', '0.001407105', '0.001480526', '0.001493552', '0.001131251', '0.001440334']" 
6 PBkl View2 0.130 0.158 0.405 0.080 0.155 0.233 nan 1120.0 1120.0 "['0.003352113', '0.003383969', '0.003449902', '0.015825709', '0.014490846', '0.016241418', '0.016241418', '0.014490846', '0.014789148', '0.003480456', '0.016218321', '0.003462966', '0.016069271', '0.003462966', '0.016425731', '0.003485561', '0.003472311', '0.003395526', '0.003446946', '0.003446946', '0.003462966', '0.014789148', '0.012718556', '0.015482217', '0.016425731', '0.015020821', '0.015482217', '0.015886039', '0.016218321', '0.005771323', '0.005771323', '0.003446946', '0.003482218', '0.016069271', '0.003466105', '0.015825709', '0.003455026', '0.015205747', '0.015356711', '0.003476913', '0.003446946', '0.003420150', '0.016241418', '0.015020821', '0.003493370', '0.009167613', '0.003395526', '0.016403377', '0.003461214', '0.003420150', '0.003479816', '0.003479142', '0.003446946', '0.003329398', '0.015356711', '0.003431358', '0.012718556', '0.016403377', '0.014093139', '0.014490846', '0.013538574', '0.003476913', '0.016069271', '0.003479816', '0.015825709', '0.015356711', '0.014789148', '0.003443675', '0.016069271', '0.015482217', '0.015886039', '0.014093139', '0.016425731', '0.014490846', '0.015020821', '0.016241418', '0.003420150', '0.005771323', '0.005771323', '0.003457262', '0.012718556', '0.016069271', '0.016069271', '0.003352113', '0.003142239', '0.014490846', '0.015987428', '0.003420150', '0.016378453', '0.012718556', '0.016414857', '0.016218321', '0.012718556', '0.003405124', '0.003481658', '0.015482217', '0.016414857', '0.003420150', '0.003395526', '0.003446946']" 
6 PBkl View3 0.150 0.185 0.466 0.102 0.165 0.565 nan 1120.0 1120.0 "['0.021013169', '0.002074661', '0.002006395', '0.021509396', '0.003144254', '0.001750585', '0.020076951', '0.003144254', '0.002079866', '0.023240292', '0.002148553', '0.002133383', '0.022874571', '0.002069103', '0.018072963', '0.021193892', '0.019033894', '0.002161106', '0.003997669', '0.002148553', '0.002504334', '0.002112046', '0.002120990', '0.015984057', '0.002123698', '0.020349773', '0.019033894', '0.003144254', '0.015041973', '0.021013169', '0.002120990', '0.002069103', '0.018072963', '0.022969943', '0.005102047', '0.002126283', '0.018072963', '0.020076951', '0.003997669', '0.020349773', '0.021013169', '0.023240292', '0.002126283', '0.001875149', '0.002150148', '0.003997669', '0.019770894', '0.001750585', '0.003144254', '0.016789375', '0.003997669', '0.023240292', '0.002154603', '0.020349773', '0.002145189', '0.002504334', '0.002120990', '0.023240292', '0.002185615', '0.018072963', '0.001875149', '0.001786384', '0.002105284', '0.001750585', '0.023240292', '0.002079866', '0.001750585', '0.011225622', '0.002118152', '0.022874571', '0.018586623', '0.023134883', '0.022103602', '0.001786384', '0.002148553', '0.002056791', '0.021775354', '0.001750585', '0.022874571', '0.001714185', '0.003144254', '0.001685557', '0.002504334', '0.023134883', '0.022103602', '0.022874571', '0.021013169', '0.002133241', '0.002146902', '0.002155990', '0.002118152', '0.023240292', '0.018072963', '0.022874571', '0.001937840', '0.002006395', '0.001714185', '0.022103602', '0.002141561', '0.002025984']" 
6 PBkl View4 0.094 0.174 0.440 0.074 0.200 0.191 nan 1120.0 1120.0 "['0.004967351', '0.014394075', '0.017393397', '0.004948199', '0.017261613', '0.004884058', '0.017298564', '0.004899720', '0.004813173', '0.016153596', '0.017332658', '0.012400936', '0.006422839', '0.017298564', '0.003992366', '0.004892423', '0.015945751', '0.016879106', '0.004874366', '0.004813173', '0.017332658', '0.004849520', '0.003992366', '0.016879106', '0.004932743', '0.017364174', '0.016879106', '0.015690429', '0.004960935', '0.004547763', '0.004977543', '0.004941375', '0.016595617', '0.004374468', '0.015369328', '0.004646542', '0.004946089', '0.016952248', '0.017332658', '0.003992366', '0.003992366', '0.010377962', '0.003992366', '0.012400936', '0.002518564', '0.014394075', '0.016952248', '0.004813173', '0.004849520', '0.013602600', '0.017393397', '0.014394075', '0.016326051', '0.006422839', '0.017393397', '0.004547763', '0.004547763', '0.004787863', '0.004849520', '0.014953460', '0.004874366', '0.017017590', '0.017332658', '0.016952248', '0.004963295', '0.017393397', '0.002518564', '0.004943819', '0.004849520', '0.002518564', '0.016879106', '0.004946089', '0.004960935', '0.010377962', '0.016952248', '0.004978517', '0.017332658', '0.004899720', '0.014394075', '0.012400936', '0.013602600', '0.012400936', '0.017393397', '0.006422839', '0.004906140', '0.002518564', '0.004899720', '0.012400936', '0.004874366', '0.016702950', '0.016595617', '0.004710344', '0.017017590', '0.004754939', '0.004754939', '0.016796630', '0.004547763', '0.016879106', '0.004646542', '0.004754939']" 
6 PBkl Concatenated 0.149 0.142 0.378 0.102 0.080 1.607 nan 1120.0 1120.0 "['0.000623653', '0.073478259', '0.084533259', '0.000615826', '0.000644879', '0.001148514', '0.000612017', '0.000619746', '0.000644879', '0.002691331', '0.000639960', '0.000616435', '0.000619746', '0.003547128', '0.001423278', '0.001423278', '0.000612700', '0.000615826', '0.001045440', '0.001813225', '0.001601917', '0.000644879', '0.004084927', '0.000614793', '0.000617119', '0.001148514', '0.001148514', '0.000632570', '0.018098043', '0.001273350', '0.000667926', '0.001813225', '0.001148514', '0.005451037', '0.000617888', '0.001045440', '0.001273350', '0.001423278', '0.076851375', '0.003547128', '0.000695286', '0.084533259', '0.000737930', '0.000622163', '0.000635922', '0.000612971', '0.000714675', '0.000612226', '0.002691331', '0.018098043', '0.003547128', '0.056695510', '0.000625380', '0.000623653', '0.005451037', '0.001273350', '0.004713960', '0.013431221', '0.000679947', '0.000610954', '0.002691331', '0.000610557', '0.000644879', '0.004713960', '0.009915826', '0.001423278', '0.000622163', '0.082329616', '0.000658458', '0.001045440', '0.000658458', '0.000623653', '0.013431221', '0.000610844', '0.082329616', '0.005451037', '0.020912172', '0.000714675', '0.000627395', '0.002352258', '0.000612017', '0.000610397', '0.000609548', '0.004084927', '0.000610397', '0.000650930', '0.069669098', '0.009915826', '0.009915826', '0.086452119', '0.004713960', '0.000622163', '0.000623653', '0.000612700', '0.000667926', '0.003547128', '0.000609706', '0.003547128', '0.069669098', '0.000609548']" 
6 PBkl Multiview 0.100 0.189 0.473 0.076 0.234 0.181 0.104 1120.0 1120.0 "[['0.004907508', '0.004888143', '0.004907508', '0.014842691', '0.004909863', '0.004915771', '0.004888143', '0.004019919', '0.014153560', '0.012508587', '0.004884842', '0.015600450', '0.004907508', '0.014153560', '0.015260396', '0.004899937', '0.014842691', '0.015513153', '0.014930254', '0.015430974', '0.015579145', '0.015528073', '0.004912681', '0.015038707', '0.015260396', '0.014679584', '0.014888254', '0.004918961', '0.004888143', '0.014842691', '0.004915185', '0.012508587', '0.015528073', '0.004910599', '0.015590101', '0.015038707', '0.004819209', '0.015419987', '0.014930254', '0.004904913', '0.014541747', '0.004916891', '0.004019919', '0.013867849', '0.012508587', '0.015573417', '0.004924817', '0.004825169', '0.004915185', '0.004825169', '0.015260396', '0.004915185', '0.004888143', '0.014888254', '0.015798699', '0.004819209', '0.014370904', '0.004805528', '0.015595347', '0.004907508', '0.012508587', '0.004872750', '0.004797621', '0.012508587', '0.015069985', '0.004886526', '0.004909863', '0.004019919', '0.003616664', '0.004805528', '0.004019919', '0.015260396', '0.015561456', '0.014153560', '0.015528073', '0.015528073', '0.004888143', '0.015528073', '0.004872750', '0.015430974', '0.015808629', '0.004905810', '0.014153560', '0.004870337', '0.015561456', '0.004909863', '0.015528073', '0.015260396', '0.015520736', '0.011996678', '0.004915185', '0.015799748', '0.015430974', '0.004805528', '0.013867849', '0.004889682', '0.004919446', '0.004924091', '0.004624964', '0.004903984'], ['0.015436894', '0.013672728', '0.015346763', '0.016233681', '0.014500231', '0.004401818', '0.004339017', '0.014001332', '0.016185267', '0.007908859', '0.004018962', '0.015961880', '0.003689855', '0.004347305', '0.004253686', '0.014860829', '0.004399075', '0.013672728', '0.011172603', '0.015133471', '0.004354658', '0.004347305', '0.013672728', '0.016233681', '0.004455578', '0.003689855', '0.004385792', '0.013672728', '0.004318835', '0.015591823', '0.003253913', '0.004444163', '0.013672728', '0.004389517', '0.015436894', '0.004414964', '0.013266720', '0.014500231', '0.004406771', '0.004396129', '0.003253913', '0.004396129', '0.015346763', '0.015720217', '0.004726680', '0.011172603', '0.004195980', '0.016185267', '0.015246270', '0.016185267', '0.003689855', '0.004726680', '0.015006001', '0.016185267', '0.014001332', '0.016233681', '0.014001332', '0.009876656', '0.004347305', '0.011172603', '0.015828332', '0.004392950', '0.016185267', '0.004228120', '0.015346763', '0.004434831', '0.004424243', '0.013672728', '0.004381744', '0.011172603', '0.014693984', '0.004726680', '0.004354658', '0.015346763', '0.004425530', '0.016233681', '0.004347305', '0.004416728', '0.004339017', '0.015828332', '0.009876656', '0.004377320', '0.016185267', '0.016233681', '0.004447883', '0.015591823', '0.014272591', '0.004726680', '0.015346763', '0.013266720', '0.004354658', '0.014860829', '0.016233681', '0.013672728', '0.013266720', '0.004726680', '0.004406771', '0.004406771', '0.015720217', '0.015133471'], ['0.016124152', '0.004412039', '0.016029965', '0.011744239', '0.016124152', '0.015355401', '0.015628444', '0.003501685', '0.004337498', '0.004409081', '0.015084079', '0.014017764', '0.004134458', '0.004449989', '0.013776246', '0.004372059', '0.004422375', '0.014857054', '0.012315606', '0.004034318', '0.016338162', '0.004495081', '0.004345693', '0.015355401', '0.016338162', '0.004419991', '0.016124152', '0.004294832', '0.014578404', '0.004170353', '0.004225037', '0.004170353', '0.015685154', '0.013169740', '0.016276035', '0.004366271', '0.003501685', '0.016297616', '0.004246335', '0.007247438', '0.011744239', '0.004090216', '0.016094346', '0.014017764', '0.015685154', '0.016029965', '0.004432684', '0.004457070', '0.016029965', '0.004422375', '0.015182548', '0.004422375', '0.004443758', '0.016179547', '0.003721133', '0.014976082', '0.003501685', '0.013169740', '0.003117580', '0.014725207', '0.004467990', '0.015355401', '0.014725207', '0.015272639', '0.004405949', '0.004359997', '0.016276035', '0.004307318', '0.015567613', '0.003721133', '0.004399086', '0.015628444', '0.004432684', '0.004409081', '0.013776246', '0.015958318', '0.015355401', '0.004090216', '0.004465507', '0.015787780', '0.004246335', '0.013169740', '0.004337498', '0.014976082', '0.016124152', '0.011744239', '0.004402624', '0.016276035', '0.004353162', '0.004034318', '0.013776246', '0.015084079', '0.004345693', '0.016124152', '0.013496772', '0.004446393', '0.016124152', '0.004426796', '0.016253505', '0.016276035'], ['0.017442958', '0.015657784', '0.004746433', '0.016926235', '0.017092358', '0.004383283', '0.016460920', '0.004734825', '0.017013444', '0.004454427', '0.004746433', '0.003750677', '0.017344818', '0.004750147', '0.016120946', '0.017395776', '0.004383283', '0.004276785', '0.003750677', '0.004505317', '0.017395776', '0.014533076', '0.004739932', '0.017013444', '0.004731988', '0.017486749', '0.017289616', '0.015357151', '0.015657784', '0.004632739', '0.016303074', '0.016829297', '0.016720941', '0.004597036', '0.004573242', '0.016926235', '0.004454427', '0.004769378', '0.004454427', '0.014533076', '0.003995320', '0.003750677', '0.004573242', '0.004505317', '0.017565545', '0.017344818', '0.017344818', '0.004746433', '0.004573242', '0.004100091', '0.004734825', '0.012103334', '0.003750677', '0.016926235', '0.016120946', '0.004383283', '0.003995320', '0.003995320', '0.008083646', '0.004505317', '0.004713936', '0.016829297', '0.002761794', '0.014990338', '0.017442958', '0.004728931', '0.004718172', '0.016460920', '0.017486749', '0.012103334', '0.017013444', '0.004543511', '0.004597036', '0.015657784', '0.004658250', '0.004763770', '0.004776274', '0.008083646', '0.014990338', '0.016829297', '0.008083646', '0.004698541', '0.004728931', '0.004658250', '0.012103334', '0.008083646', '0.017565545', '0.017527506', '0.013947791', '0.017344818', '0.004725634', '0.017442958', '0.016926235', '0.003750677', '0.010539808', '0.017565545', '0.004734825', '0.004759117', '0.004632739', '0.003995320']]" "['0.093408152', '0.311476558', '0.291806668', '0.303308666']"
6 PBkl_inv View1 0.244 0.280 0.676 0.154 0.252 1.584 nan 1120.0 1120.0 "['0.000695423', '0.000669430', '0.000695423', '0.002050887', '0.000699070', '0.000708771', '0.000669430', '0.000538101', '0.001221317', '0.000832812', '0.000665612', '0.045148771', '0.000695423', '0.001221317', '0.004926359', '0.000684458', '0.002050887', '0.020108821', '0.002312111', '0.011025868', '0.036731981', '0.022857884', '0.000703596', '0.002776949', '0.004926359', '0.001718978', '0.002177095', '0.000714368', '0.000669430', '0.002050887', '0.000707777', '0.000832812', '0.022857884', '0.000700236', '0.040845554', '0.002776949', '0.000613312', '0.010302210', '0.002312111', '0.000691535', '0.001531393', '0.000710707', '0.000538101', '0.001093110', '0.000832812', '0.034760028', '0.000725342', '0.000616709', '0.000707777', '0.000616709', '0.004926359', '0.000707777', '0.000669430', '0.002177095', '0.139162138', '0.000613312', '0.001366529', '0.000606206', '0.042976428', '0.000695423', '0.000832812', '0.000652889', '0.000602496', '0.000832812', '0.002954454', '0.000667546', '0.000699070', '0.000538101', '0.000537872', '0.000606206', '0.000538101', '0.004926359', '0.031007409', '0.001221317', '0.022857884', '0.022857884', '0.000669430', '0.022857884', '0.000652889', '0.011025868', '0.140447646', '0.000692860', '0.001221317', '0.000650560', '0.031007409', '0.000699070', '0.022857884', '0.004926359', '0.021447187', '0.000789317', '0.000707777', '0.139305860', '0.011025868', '0.000606206', '0.001093110', '0.000671268', '0.000715244', '0.000723928', '0.000560067', '0.000690182']" 
6 PBkl_inv View2 0.148 0.140 0.375 0.092 0.097 1.594 nan 1120.0 1120.0 "['0.000604228', '0.000595198', '0.000583515', '0.004874531', '0.001289574', '0.030906944', '0.030906944', '0.001289574', '0.001464905', '0.000584144', '0.026692558', '0.000583117', '0.011573350', '0.000583117', '0.081015378', '0.000584844', '0.000583418', '0.000592321', '0.000583721', '0.000583721', '0.000583117', '0.001464905', '0.000918899', '0.002577104', '0.081015378', '0.001673992', '0.002577104', '0.005769687', '0.026692558', '0.000721387', '0.000721387', '0.000583721', '0.000584363', '0.011573350', '0.000583160', '0.004874531', '0.000583255', '0.001923364', '0.002221078', '0.000583772', '0.000583721', '0.000587186', '0.030906944', '0.001673992', '0.000586324', '0.000770467', '0.000592321', '0.076100424', '0.000583118', '0.000587186', '0.000584070', '0.000583995', '0.000583721', '0.000611356', '0.002221078', '0.000585417', '0.000918899', '0.076100424', '0.001142772', '0.001289574', '0.001020308', '0.000583772', '0.011573350', '0.000584070', '0.004874531', '0.002221078', '0.001464905', '0.000583995', '0.011573350', '0.002577104', '0.005769687', '0.001142772', '0.081015378', '0.001289574', '0.001673992', '0.030906944', '0.000587186', '0.000721387', '0.000721387', '0.000583182', '0.000918899', '0.011573350', '0.011573350', '0.000604228', '0.000682676', '0.001289574', '0.008148482', '0.000587186', '0.069313817', '0.000918899', '0.078750603', '0.026692558', '0.000918899', '0.000590140', '0.000584291', '0.002577104', '0.078750603', '0.000587186', '0.000592321', '0.000583721']" 
6 PBkl_inv View3 0.169 0.167 0.436 0.123 0.090 1.750 nan 1120.0 1120.0 "['0.005335775', '0.000507566', '0.000496347', '0.007747733', '0.000605017', '0.000483257', '0.003311407', '0.000605017', '0.000508602', '0.071671419', '0.000525155', '0.000521002', '0.045234043', '0.000506490', '0.001910505', '0.006035509', '0.002364172', '0.000528831', '0.000652115', '0.000525155', '0.000564373', '0.000515659', '0.000517830', '0.001413938', '0.000518506', '0.003720743', '0.002364172', '0.000605017', '0.001285442', '0.005335775', '0.000517830', '0.000506490', '0.001910505', '0.052210413', '0.000704539', '0.000519161', '0.001910505', '0.003311407', '0.000652115', '0.003720743', '0.005335775', '0.071671419', '0.000519161', '0.000484694', '0.000525610', '0.000652115', '0.002953127', '0.000483257', '0.000605017', '0.001559216', '0.000652115', '0.071671419', '0.000526900', '0.003720743', '0.000524207', '0.000564373', '0.000517830', '0.071671419', '0.000536683', '0.001910505', '0.000484694', '0.000482710', '0.000514079', '0.000483257', '0.071671419', '0.000508602', '0.000483257', '0.000980192', '0.000517132', '0.045234043', '0.002122697', '0.064820208', '0.014524470', '0.000482710', '0.000525155', '0.000504216', '0.009970318', '0.000483257', '0.045234043', '0.000484936', '0.000605017', '0.000494341', '0.000564373', '0.064820208', '0.014524470', '0.045234043', '0.005335775', '0.000542425', '0.000524688', '0.000527306', '0.000517132', '0.071671419', '0.001910505', '0.045234043', '0.000488845', '0.000496347', '0.000484936', '0.014524470', '0.000523202', '0.000499150']" 
6 PBkl_inv View4 0.178 0.161 0.421 0.105 0.113 1.534 nan 1120.0 1120.0 "['0.000609382', '0.001265566', '0.067165397', '0.000616407', '0.039321579', '0.000642160', '0.046427853', '0.000635676', '0.000671783', '0.002648588', '0.053798012', '0.001016097', '0.000892504', '0.046427853', '0.000880490', '0.000638688', '0.002242136', '0.008760578', '0.000646201', '0.000671783', '0.053798012', '0.000656610', '0.000880490', '0.008760578', '0.000622365', '0.060898110', '0.008760578', '0.001916072', '0.000611684', '0.000768229', '0.000605847', '0.000619010', '0.004626279', '0.000814335', '0.001652746', '0.000736001', '0.000617206', '0.010979493', '0.053798012', '0.000880490', '0.000880490', '0.000936448', '0.000880490', '0.001016097', '0.000955390', '0.001265566', '0.010979493', '0.000671783', '0.000656610', '0.001125771', '0.067165397', '0.001265566', '0.003158975', '0.000892504', '0.067165397', '0.000768229', '0.000768229', '0.000682198', '0.000656610', '0.001439071', '0.000646201', '0.013797797', '0.053798012', '0.010979493', '0.000610831', '0.067165397', '0.000955390', '0.000618072', '0.000656610', '0.000955390', '0.008760578', '0.000617206', '0.000611684', '0.000936448', '0.010979493', '0.000605519', '0.053798012', '0.000635676', '0.001265566', '0.001016097', '0.001125771', '0.001016097', '0.067165397', '0.000892504', '0.000633043', '0.000955390', '0.000635676', '0.001016097', '0.000646201', '0.005677733', '0.004626279', '0.000712764', '0.013797797', '0.000695460', '0.000695460', '0.007027362', '0.000768229', '0.008760578', '0.000736001', '0.000695460']" 
6 PBkl_inv Concatenated 0.149 0.142 0.378 0.102 0.079 1.661 nan 1120.0 1120.0 "['0.000566621', '0.073863745', '0.083782978', '0.000571896', '0.000563779', '0.001092632', '0.000577442', '0.000568670', '0.000563779', '0.002637241', '0.000563686', '0.000571284', '0.000568670', '0.003515390', '0.001372844', '0.001372844', '0.000576131', '0.000571896', '0.000983058', '0.001759837', '0.001550716', '0.000563779', '0.004076280', '0.000573063', '0.000570654', '0.001092632', '0.001092632', '0.000564241', '0.018860007', '0.001221469', '0.000567347', '0.001759837', '0.001092632', '0.005518182', '0.000570007', '0.000983058', '0.001221469', '0.001372844', '0.076907873', '0.003515390', '0.000575800', '0.083782978', '0.000595365', '0.000567302', '0.000563869', '0.000575662', '0.000583754', '0.000577020', '0.002637241', '0.018860007', '0.003515390', '0.057828050', '0.000565955', '0.000566621', '0.005518182', '0.001221469', '0.004738003', '0.013976189', '0.000570616', '0.000580031', '0.002637241', '0.000581268', '0.000563779', '0.004738003', '0.010263545', '0.001372844', '0.000567302', '0.081811026', '0.000565375', '0.000983058', '0.000565375', '0.000566621', '0.013976189', '0.000580355', '0.081811026', '0.005518182', '0.021781467', '0.000583754', '0.000565321', '0.002295686', '0.000577442', '0.000581832', '0.000586038', '0.004076280', '0.000581832', '0.000564280', '0.070369750', '0.010263545', '0.010263545', '0.085503019', '0.004738003', '0.000567302', '0.000566621', '0.000576131', '0.000567347', '0.003515390', '0.000584998', '0.003515390', '0.070369750', '0.000586038']" 
6 PBkl_inv Multiview 0.133 0.145 0.391 0.089 0.121 1.755 1.010 1120.0 1120.0 "[['0.001411644', '0.001365169', '0.001411644', '0.007403640', '0.001417760', '0.001433588', '0.001365169', '0.000963117', '0.003295514', '0.001716135', '0.001357887', '0.034912787', '0.001411644', '0.003295514', '0.016718123', '0.001392679', '0.007403640', '0.029100139', '0.008607272', '0.024347717', '0.033426210', '0.030041222', '0.001425222', '0.010542204', '0.016718123', '0.005773085', '0.007995246', '0.001442443', '0.001365169', '0.007403640', '0.001431991', '0.001716135', '0.030041222', '0.001419696', '0.034185495', '0.010542204', '0.001242349', '0.023765821', '0.008607272', '0.001405021', '0.004824367', '0.001436672', '0.000963117', '0.002714389', '0.001716135', '0.033034131', '0.001459237', '0.001250916', '0.001431991', '0.001250916', '0.016718123', '0.001431991', '0.001365169', '0.007995246', '0.050244469', '0.001242349', '0.003997574', '0.001223843', '0.034553140', '0.001411644', '0.001716135', '0.001332584', '0.001213834', '0.001716135', '0.011212214', '0.001361597', '0.001417760', '0.000963117', '0.000950665', '0.001223843', '0.000963117', '0.016718123', '0.032224596', '0.003295514', '0.030041222', '0.030041222', '0.001365169', '0.030041222', '0.001332584', '0.024347717', '0.051052645', '0.001407290', '0.003295514', '0.001327780', '0.032224596', '0.001417760', '0.030041222', '0.016718123', '0.029575676', '0.001578872', '0.001431991', '0.050329786', '0.024347717', '0.001223843', '0.002714389', '0.001368633', '0.001443809', '0.001457110', '0.001076213', '0.001402692'], ['0.004091543', '0.001009091', '0.003474288', '0.075712472', '0.001445999', '0.000426333', '0.000451005', '0.001129650', '0.064583577', '0.000636981', '0.000547899', '0.021598220', '0.000602847', '0.000447792', '0.000482195', '0.001896632', '0.000427410', '0.001009091', '0.000704490', '0.002541592', '0.000444921', '0.000447792', '0.001009091', '0.075712472', '0.000406265', '0.000602847', '0.000432648', '0.001009091', '0.000458707', '0.005756084', '0.000639910', '0.000410275', '0.001009091', '0.000431178', '0.004091543', '0.000421211', '0.000908727', '0.001445999', '0.000424395', '0.000428571', '0.000639910', '0.000428571', '0.003474288', '0.008250508', '0.000625028', '0.000704490', '0.000501018', '0.064583577', '0.002964353', '0.064583577', '0.000602847', '0.000625028', '0.002189952', '0.064583577', '0.001129650', '0.075712472', '0.001129650', '0.000663935', '0.000447792', '0.000704490', '0.012031233', '0.000429823', '0.064583577', '0.000490768', '0.003474288', '0.000413680', '0.000417654', '0.001009091', '0.000434250', '0.000704490', '0.001651391', '0.000625028', '0.000444921', '0.003474288', '0.000417167', '0.075712472', '0.000447792', '0.000420530', '0.000451005', '0.012031233', '0.000663935', '0.000435998', '0.064583577', '0.075712472', '0.000408948', '0.005756084', '0.001273859', '0.000625028', '0.003474288', '0.000908727', '0.000444921', '0.001896632', '0.075712472', '0.001009091', '0.000908727', '0.000625028', '0.000424395', '0.000424395', '0.008250508', '0.002541592'], ['0.037107557', '0.000584312', '0.031397697', '0.001012952', '0.037107557', '0.007410537', '0.013083048', '0.000541949', '0.000569155', '0.000583571', '0.004741807', '0.001875001', '0.000549594', '0.000595171', '0.001674323', '0.000575344', '0.000587014', '0.003557173', '0.001111823', '0.000545552', '0.049727526', '0.000612139', '0.000570511', '0.007410537', '0.049727526', '0.000586376', '0.037107557', '0.000563042', '0.002712808', '0.000551673', '0.000555731', '0.000551673', '0.014875892', '0.001353452', '0.046240818', '0.000574216', '0.000541949', '0.047475222', '0.000557672', '0.000716868', '0.001012952', '0.000547532', '0.035282996', '0.001875001', '0.014875892', '0.031397697', '0.000589892', '0.000597509', '0.031397697', '0.000587014', '0.005497870', '0.000587014', '0.000593202', '0.040497024', '0.000541565', '0.004099924', '0.000541949', '0.001353452', '0.000544442', '0.003099181', '0.000601334', '0.007410537', '0.003099181', '0.006382965', '0.000582800', '0.000573036', '0.046240818', '0.000564680', '0.011430418', '0.000541565', '0.000581162', '0.013083048', '0.000589892', '0.000583571', '0.001674323', '0.027261315', '0.007410537', '0.000547532', '0.000600440', '0.018799705', '0.000557672', '0.001353452', '0.000569155', '0.004099924', '0.037107557', '0.001012952', '0.000581998', '0.046240818', '0.000571801', '0.000545552', '0.001674323', '0.004741807', '0.000570511', '0.037107557', '0.001502091', '0.000594025', '0.037107557', '0.000588225', '0.044929169', '0.046240818'], ['0.051073212', '0.002054798', '0.000535002', '0.010268190', '0.016694751', '0.000644183', '0.004199855', '0.000538490', '0.013094423', '0.000624895', '0.000535002', '0.000754490', '0.038581975', '0.000533899', '0.002873526', '0.044946495', '0.000644183', '0.000670095', '0.000754490', '0.000610176', '0.044946495', '0.001337845', '0.000536948', '0.013094423', '0.000539353', '0.056683391', '0.032293964', '0.001764177', '0.002054798', '0.000570667', '0.003453953', '0.008092259', '0.006432278', '0.000582008', '0.000589480', '0.010268190', '0.000624895', '0.000528321', '0.000624895', '0.001337845', '0.000774748', '0.000754490', '0.000589480', '0.000610176', '0.065810002', '0.038581975', '0.038581975', '0.000535002', '0.000589480', '0.000705691', '0.000538490', '0.000950124', '0.000754490', '0.010268190', '0.002873526', '0.000644183', '0.000774748', '0.000774748', '0.000808934', '0.000610176', '0.000544908', '0.008092259', '0.000812239', '0.001529163', '0.051073212', '0.000540283', '0.000543594', '0.004199855', '0.056683391', '0.000950124', '0.013094423', '0.000598667', '0.000582008', '0.002054798', '0.000562516', '0.000529924', '0.000526381', '0.000808934', '0.001529163', '0.008092259', '0.000808934', '0.000549717', '0.000540283', '0.000562516', '0.000950124', '0.000808934', '0.065810002', '0.061608184', '0.001181470', '0.038581975', '0.000541294', '0.051073212', '0.010268190', '0.000754490', '0.000868424', '0.065810002', '0.000538490', '0.000531269', '0.000570667', '0.000774748']]" "['0.010272947', '0.772642136', '0.052702956', '0.164381981']"
6 TND_DIS View1 0.332 0.358 0.832 0.184 0.346 0.032 nan 1120.0 11201.0 "['0.008963265', '0.008018568', '0.007812809', '0.009149317', '0.007951390', '0.007478595', '0.008042718', '0.008788735', '0.008854640', '0.008784930', '0.008162843', '0.017978955', '0.008963265', '0.008854640', '0.010015329', '0.007852887', '0.009149317', '0.009901255', '0.009303881', '0.010265828', '0.017603477', '0.009704477', '0.007681708', '0.015864376', '0.010015329', '0.009065795', '0.009177661', '0.007753378', '0.010303124', '0.009362437', '0.007637798', '0.008874293', '0.009704477', '0.007770932', '0.018161170', '0.015864376', '0.008532447', '0.009431204', '0.009303881', '0.008138247', '0.009253800', '0.008117885', '0.008788735', '0.008816783', '0.008874293', '0.010349848', '0.007228569', '0.009621738', '0.007637798', '0.009621738', '0.009997434', '0.007637798', '0.008042718', '0.009177661', '0.019001912', '0.008532447', '0.008963465', '0.013759839', '0.018080814', '0.008963265', '0.008874293', '0.009862660', '0.009807669', '0.008784930', '0.009711697', '0.013586576', '0.007951390', '0.008788735', '0.008981531', '0.013759839', '0.010885734', '0.010015329', '0.010272241', '0.008915219', '0.009704477', '0.009704477', '0.008042718', '0.009704477', '0.009111761', '0.010265828', '0.022639595', '0.007825309', '0.008915219', '0.009187403', '0.010272241', '0.007951390', '0.009704477', '0.010015329', '0.009948329', '0.008772837', '0.007956396', '0.019575298', '0.010265828', '0.013759839', '0.008816783', '0.009160202', '0.007803100', '0.007023307', '0.010160868', '0.008802322']" 
6 TND_DIS View2 0.123 0.165 0.430 0.075 0.193 0.018 nan 1120.0 11201.0 "['0.011622037', '0.011126119', '0.007054730', '0.010004257', '0.011146321', '0.011254935', '0.011254935', '0.011146321', '0.011384655', '0.010727239', '0.011142408', '0.006520924', '0.011428714', '0.006744265', '0.012044425', '0.007920602', '0.005974320', '0.010941491', '0.009299137', '0.009299137', '0.006744265', '0.011093376', '0.009911307', '0.010955921', '0.012044425', '0.011067876', '0.010945717', '0.010598948', '0.011142408', '0.010264778', '0.010264778', '0.007438748', '0.007287559', '0.011428714', '0.006934471', '0.011098558', '0.006760938', '0.010911179', '0.010961057', '0.007135203', '0.007438748', '0.008936621', '0.010999113', '0.010759110', '0.006480396', '0.008995575', '0.009313343', '0.011614976', '0.006540442', '0.011169274', '0.006097543', '0.006939921', '0.007438748', '0.011338409', '0.010714416', '0.008927813', '0.009911307', '0.011614976', '0.011257004', '0.011532520', '0.010892267', '0.005877289', '0.010623647', '0.009820093', '0.011236330', '0.010841817', '0.010748151', '0.009061870', '0.010623647', '0.010955921', '0.010598415', '0.011217965', '0.012044425', '0.011146321', '0.010759110', '0.011254935', '0.011422960', '0.008850927', '0.011312760', '0.006572715', '0.011169337', '0.010623647', '0.011428714', '0.009736273', '0.008770960', '0.011532520', '0.010278624', '0.008936621', '0.011198224', '0.010621455', '0.012020082', '0.011278115', '0.009990140', '0.010342356', '0.010914383', '0.010955921', '0.012020082', '0.011422960', '0.011391471', '0.008459114']" 
6 TND_DIS View3 0.164 0.203 0.515 0.111 0.195 0.048 nan 1120.0 11201.0 "['0.010407916', '0.009877240', '0.007050430', '0.011884312', '0.010180507', '0.009182727', '0.010353792', '0.010180507', '0.010050934', '0.012563650', '0.004860056', '0.006494018', '0.010908984', '0.008596572', '0.014627106', '0.010378809', '0.012333874', '0.004371635', '0.009694229', '0.011251555', '0.009593084', '0.011701998', '0.012059968', '0.013993655', '0.012310439', '0.005546175', '0.005454692', '0.010180507', '0.011446224', '0.005199063', '0.012059968', '0.008596572', '0.008802978', '0.012289558', '0.013743897', '0.004547016', '0.010197008', '0.011645267', '0.013868602', '0.005546175', '0.005205175', '0.012563650', '0.005851415', '0.011731453', '0.005378227', '0.013750321', '0.011549097', '0.011542672', '0.010247559', '0.009757659', '0.013868602', '0.012527534', '0.004421976', '0.011647956', '0.010472462', '0.005022115', '0.009318715', '0.012527534', '0.005637600', '0.010102880', '0.009633635', '0.011585285', '0.006464104', '0.012076347', '0.012563650', '0.006037258', '0.012364507', '0.010386055', '0.004392648', '0.010908984', '0.005145725', '0.011226626', '0.011925072', '0.009149085', '0.005098911', '0.009796029', '0.011170828', '0.011738745', '0.010893013', '0.010198444', '0.010594578', '0.014189105', '0.009375281', '0.012430524', '0.011925072', '0.010893013', '0.005205175', '0.013750006', '0.010132069', '0.010551714', '0.007372344', '0.012563650', '0.014658474', '0.010893013', '0.013495615', '0.007441258', '0.010198444', '0.010718167', '0.012401341', '0.011299863']" 
6 TND_DIS View4 0.093 0.179 0.458 0.072 0.227 0.022 nan 1120.0 11201.0 "['0.005088760', '0.011175680', '0.011725930', '0.010112567', '0.012431143', '0.008848424', '0.011748962', '0.009584397', '0.010874142', '0.009335323', '0.011674597', '0.009826490', '0.010571680', '0.011658067', '0.010480416', '0.008481316', '0.010768089', '0.010312708', '0.007910356', '0.010874142', '0.011674597', '0.010102269', '0.010384339', '0.012661322', '0.007938156', '0.011648689', '0.012624008', '0.010508607', '0.005995858', '0.008932858', '0.005130465', '0.007406225', '0.011661647', '0.009067537', '0.010720227', '0.006660631', '0.006231518', '0.009939472', '0.011516192', '0.008589428', '0.006218437', '0.010543709', '0.009219613', '0.011321262', '0.010006321', '0.011649451', '0.011632218', '0.010874142', '0.010102269', '0.009414822', '0.011738343', '0.010889139', '0.010523019', '0.009844326', '0.011738343', '0.009343450', '0.009343450', '0.010048025', '0.010876818', '0.010730719', '0.007903222', '0.011507230', '0.012279715', '0.011715502', '0.007439334', '0.011703572', '0.010122524', '0.008245547', '0.009882041', '0.010410042', '0.012489927', '0.008182494', '0.005899406', '0.009349814', '0.011715502', '0.005485457', '0.011557978', '0.011010590', '0.011583519', '0.009826490', '0.011574578', '0.010942145', '0.011725930', '0.010482882', '0.010376081', '0.010006321', '0.005795360', '0.009826490', '0.005844236', '0.012328797', '0.011462045', '0.009448326', '0.011507230', '0.010900432', '0.009475930', '0.012682889', '0.007364004', '0.012661322', '0.007241317', '0.011108684']" 
6 TND_DIS Concatenated 0.092 0.169 0.438 0.069 0.213 0.041 nan 1120.0 11201.0 "['0.011166538', '0.013421754', '0.014313478', '0.004650586', '0.010467479', '0.006695490', '0.008805805', '0.009537375', '0.011065528', '0.012546238', '0.009574147', '0.005989491', '0.009290271', '0.011898114', '0.010281004', '0.011241342', '0.007968185', '0.009271703', '0.009555842', '0.009611440', '0.008626981', '0.009941456', '0.011689765', '0.005160308', '0.006881200', '0.011308768', '0.011061509', '0.004897311', '0.012852907', '0.009547858', '0.009675094', '0.009609430', '0.011308768', '0.012643093', '0.007105486', '0.011551242', '0.011854498', '0.011207573', '0.014362663', '0.012455778', '0.009636183', '0.014313478', '0.010863134', '0.008930071', '0.010961127', '0.006065641', '0.011705229', '0.008066952', '0.009747324', '0.012745072', '0.012455778', '0.013592557', '0.008272634', '0.009478906', '0.009158773', '0.011035786', '0.012543873', '0.010793879', '0.007055793', '0.005483286', '0.009804098', '0.005926318', '0.009941456', '0.012464457', '0.012560734', '0.010181318', '0.008930071', '0.013739715', '0.011531591', '0.011663130', '0.011648176', '0.008501610', '0.011144069', '0.009858852', '0.014153986', '0.012759559', '0.011183295', '0.005494829', '0.004344790', '0.012446574', '0.005431929', '0.004478503', '0.004314533', '0.012699429', '0.004451408', '0.009223999', '0.013591573', '0.009872209', '0.011150868', '0.014349875', '0.012543873', '0.009351187', '0.009342350', '0.007968185', '0.009605943', '0.009984023', '0.006789674', '0.011585188', '0.013516583', '0.007471107']" 
6 TND_DIS Multiview 0.140 0.208 0.538 0.091 0.258 0.431 0.008 1120.0 11201.0 "[['0.001720281', '0.002939851', '0.001766371', '0.015726700', '0.001454192', '0.003038757', '0.001277577', '0.009880984', '0.013394092', '0.024593187', '0.004118022', '0.002027034', '0.002147669', '0.027261915', '0.022571567', '0.005367402', '0.027548397', '0.020855155', '0.014360821', '0.018706948', '0.001716353', '0.026146272', '0.002144484', '0.001368275', '0.019835813', '0.023900887', '0.022873741', '0.001928064', '0.001418012', '0.029303804', '0.002120357', '0.026001634', '0.013883767', '0.002171506', '0.001941770', '0.002448275', '0.004129512', '0.013110559', '0.026473133', '0.001261728', '0.016197842', '0.004001949', '0.006017168', '0.009818522', '0.009852136', '0.009397463', '0.007536342', '0.003897452', '0.002459847', '0.002835117', '0.022204826', '0.007460792', '0.005394335', '0.004778123', '0.008663081', '0.009016021', '0.018496228', '0.001427856', '0.001361292', '0.002178716', '0.027100563', '0.001516822', '0.002364240', '0.020530146', '0.013535967', '0.003573185', '0.004326043', '0.003274770', '0.002188780', '0.001657194', '0.001689758', '0.003751216', '0.026562916', '0.022194041', '0.018742207', '0.012752018', '0.019100631', '0.026720013', '0.008827116', '0.009384227', '0.009076271', '0.011467873', '0.020912066', '0.002210574', '0.020539463', '0.001464187', '0.026638975', '0.005109606', '0.025834540', '0.004638446', '0.007797730', '0.002711899', '0.004014582', '0.001463792', '0.019009052', '0.001852757', '0.002040552', '0.002671057', '0.001379817', '0.001444981'], ['0.012642049', '0.026077418', '0.003754601', '0.020777682', '0.006239782', '0.001779802', '0.001749485', '0.012658441', '0.020866551', '0.010993689', '0.002174479', '0.022097265', '0.013216099', '0.005416890', '0.001674821', '0.004342725', '0.007595751', '0.014724860', '0.006306855', '0.012193289', '0.001649459', '0.008416395', '0.021661742', '0.021367382', '0.001705370', '0.001388340', '0.001731330', '0.025649831', '0.001506197', '0.006857604', '0.024528040', '0.001775053', '0.007003610', '0.003651053', '0.016028244', '0.002162439', '0.013687763', '0.006189456', '0.001831493', '0.001482366', '0.010114159', '0.003388679', '0.016963856', '0.014188147', '0.005293002', '0.007280359', '0.008218298', '0.030943779', '0.004373605', '0.032448590', '0.001419742', '0.014043191', '0.017675187', '0.005536156', '0.008807113', '0.026226459', '0.010877525', '0.011250784', '0.017789189', '0.021493131', '0.003093461', '0.001502514', '0.021751266', '0.001654401', '0.003805398', '0.006511956', '0.002013450', '0.018307641', '0.001630612', '0.005059428', '0.010585332', '0.003393308', '0.003259862', '0.006518151', '0.001559714', '0.018809039', '0.001491709', '0.002917140', '0.014310575', '0.004593916', '0.014341303', '0.001899121', '0.013469527', '0.015235424', '0.001619035', '0.002586423', '0.001502127', '0.007180770', '0.001440359', '0.005969296', '0.006814914', '0.015128801', '0.025347644', '0.022083003', '0.002897829', '0.016198605', '0.008508723', '0.006935855', '0.025679298', '0.026506452'], ['0.008494762', '0.002193868', '0.022323564', '0.001998837', '0.025000056', '0.023056194', '0.023819629', '0.010025175', '0.002225337', '0.001307469', '0.026288256', '0.004790222', '0.005835401', '0.003197074', '0.002639301', '0.001522400', '0.001433080', '0.002134500', '0.009773795', '0.002972393', '0.018597186', '0.001974495', '0.004358614', '0.015694849', '0.018200537', '0.001333617', '0.004452925', '0.003337705', '0.018611535', '0.001323198', '0.003049325', '0.001878094', '0.007312556', '0.018109545', '0.016318081', '0.005095046', '0.011195429', '0.012369098', '0.001768440', '0.024465948', '0.007576782', '0.024733203', '0.008828794', '0.003611443', '0.015663238', '0.011010736', '0.002065551', '0.001594798', '0.022238163', '0.003517687', '0.015364205', '0.002649488', '0.001498187', '0.011173453', '0.001541582', '0.001277861', '0.003672248', '0.022125525', '0.016963959', '0.002588636', '0.001740861', '0.022425614', '0.014825967', '0.016620807', '0.001549454', '0.010315883', '0.023041055', '0.001569818', '0.019687349', '0.024372162', '0.001749436', '0.018366044', '0.001470160', '0.001667390', '0.002865016', '0.003706263', '0.015960351', '0.001440502', '0.001976181', '0.014568530', '0.001913892', '0.023355093', '0.001297974', '0.019360099', '0.019411672', '0.028019393', '0.001496756', '0.021944180', '0.001384836', '0.004176293', '0.016179562', '0.011367707', '0.001510365', '0.007976697', '0.015652357', '0.001621730', '0.026422318', '0.017232202', '0.016836544', '0.012748400'], ['0.016459765', '0.006437412', '0.008628354', '0.003879099', '0.007695077', '0.013792936', '0.012837707', '0.002172903', '0.004991705', '0.001679038', '0.005032058', '0.013445437', '0.019694649', '0.002802752', '0.019311223', '0.030570380', '0.001892378', '0.004493006', '0.007579981', '0.005418679', '0.022698311', '0.003805328', '0.011539913', '0.003467193', '0.001842789', '0.022493003', '0.012738951', '0.006504045', '0.018011613', '0.002356895', '0.007287481', '0.016756972', '0.005216916', '0.016904715', '0.006551440', '0.035967674', '0.010824345', '0.001867103', '0.015653864', '0.012741365', '0.004658028', '0.005030114', '0.005703731', '0.009825136', '0.006628619', '0.004461185', '0.020829571', '0.005081893', '0.005261158', '0.002393503', '0.001634532', '0.009400616', '0.009512125', '0.012749382', '0.018364694', '0.001706353', '0.006861315', '0.001974692', '0.002953255', '0.016291801', '0.012033956', '0.018474994', '0.003946864', '0.002999711', '0.026053706', '0.014233698', '0.005682355', '0.019750925', '0.021238526', '0.005165849', '0.029672222', '0.016019627', '0.011260182', '0.012922386', '0.022297420', '0.002068518', '0.004428837', '0.011081299', '0.012892151', '0.007451063', '0.015313040', '0.002743712', '0.002355988', '0.005158277', '0.001592295', '0.007469123', '0.015372621', '0.003452274', '0.013393588', '0.028317867', '0.002700192', '0.007871390', '0.011212089', '0.007396766', '0.002088919', '0.020907616', '0.002496552', '0.011749257', '0.001616914', '0.001751050']]" "['0.200197861', '0.273552656', '0.273255259', '0.252994210']"
6 TND_DIS_inv View1 0.332 0.363 0.844 0.190 0.345 0.009 nan 1120.0 11201.0 "['0.010346852', '0.008126103', '0.008115302', '0.009998083', '0.008223046', '0.007646002', '0.008476210', '0.009557923', '0.009264232', '0.009122537', '0.008671323', '0.012244858', '0.010346852', '0.009264232', '0.009935557', '0.007905511', '0.009998083', '0.010599639', '0.010448607', '0.010365658', '0.012114445', '0.010928499', '0.011233847', '0.010894898', '0.009935557', '0.009838555', '0.010067649', '0.007747262', '0.009525483', '0.010539845', '0.007858385', '0.009387637', '0.010928499', '0.011187384', '0.012271964', '0.010894898', '0.009398653', '0.010681534', '0.010448607', '0.008399259', '0.010318726', '0.008118482', '0.009557923', '0.009176693', '0.009387637', '0.010587404', '0.007389878', '0.009982109', '0.007858385', '0.009982109', '0.009934053', '0.007858385', '0.008476210', '0.010067649', '0.013731205', '0.009398653', '0.009560832', '0.011054147', '0.012272674', '0.010346852', '0.009387637', '0.011389690', '0.009631872', '0.009122537', '0.010426540', '0.010114139', '0.008223046', '0.009557923', '0.010113653', '0.011054147', '0.011847615', '0.009935557', '0.010382875', '0.009432108', '0.010928499', '0.010928499', '0.008476210', '0.010928499', '0.009877159', '0.010365658', '0.014530633', '0.008136390', '0.009432108', '0.009961468', '0.010382875', '0.008223046', '0.010928499', '0.009935557', '0.010465861', '0.009097312', '0.008039406', '0.013868669', '0.010365658', '0.011054147', '0.009176693', '0.011375387', '0.010844209', '0.011159158', '0.011952272', '0.010947241']" 
6 TND_DIS_inv View2 0.115 0.167 0.433 0.073 0.201 0.001 nan 1120.0 11201.0 "['0.009905716', '0.009779469', '0.009596525', '0.010338310', '0.010101116', '0.010561395', '0.010561395', '0.010101116', '0.010142447', '0.009271358', '0.010532993', '0.009341581', '0.010463155', '0.009454972', '0.010909731', '0.009244226', '0.009486645', '0.009880626', '0.009635429', '0.009635429', '0.009454972', '0.010162056', '0.009909043', '0.010296822', '0.010909731', '0.010228876', '0.010231633', '0.010190937', '0.010532993', '0.009876010', '0.009876010', '0.009712403', '0.009306081', '0.010463155', '0.009526803', '0.010393849', '0.009416609', '0.010260574', '0.010311219', '0.009480125', '0.009712403', '0.009628059', '0.010550899', '0.010095779', '0.008382265', '0.009928435', '0.009977601', '0.010855355', '0.009344111', '0.009631356', '0.009072755', '0.009325768', '0.009712403', '0.009947625', '0.010172321', '0.009582409', '0.009909043', '0.010855355', '0.010116047', '0.010164269', '0.010191436', '0.009085059', '0.010560264', '0.009253856', '0.010391039', '0.010129491', '0.010064618', '0.009634994', '0.010560264', '0.010296822', '0.010228363', '0.010056177', '0.010909731', '0.010101116', '0.010095779', '0.010561395', '0.009566619', '0.010092948', '0.009964266', '0.009353932', '0.010079447', '0.010560264', '0.010463155', '0.009785961', '0.010043646', '0.010164269', '0.010407771', '0.009628059', '0.010843406', '0.010129945', '0.010884122', '0.010558814', '0.009953738', '0.009863909', '0.009030725', '0.010296822', '0.010884122', '0.009566619', '0.009775997', '0.009533302']" 
6 TND_DIS_inv View3 0.156 0.205 0.518 0.105 0.210 0.002 nan 1120.0 11201.0 "['0.010482048', '0.009496980', '0.009619725', '0.010560678', '0.009960442', '0.009884163', '0.010402524', '0.009960442', '0.009487656', '0.011129025', '0.009128196', '0.009074946', '0.011007065', '0.009482876', '0.010336056', '0.010517390', '0.010354233', '0.008923022', '0.010102323', '0.009083365', '0.010044543', '0.009304797', '0.009219557', '0.010253500', '0.009201292', '0.010162831', '0.010129517', '0.009960442', '0.010208041', '0.010253583', '0.009219557', '0.009482876', '0.010319138', '0.010963561', '0.010111409', '0.009283945', '0.010319258', '0.010403391', '0.010058318', '0.010162831', '0.010246092', '0.011129025', '0.009397354', '0.009806168', '0.009141614', '0.010104131', '0.010385325', '0.009912647', '0.009956052', '0.010193852', '0.010058318', '0.011133097', '0.009007127', '0.010467206', '0.008994705', '0.009932706', '0.009251547', '0.011133097', '0.008484947', '0.010281009', '0.010009450', '0.009806342', '0.009312497', '0.009904988', '0.011129025', '0.009423176', '0.009904497', '0.010150632', '0.009156629', '0.011007065', '0.010075314', '0.011165880', '0.010706000', '0.009863643', '0.009109496', '0.009441690', '0.010611722', '0.009914310', '0.010991791', '0.009881095', '0.010100126', '0.010008424', '0.009983060', '0.011048468', '0.010706000', '0.010991791', '0.010246092', '0.009999014', '0.008992461', '0.008889616', '0.009165687', '0.011129025', '0.010357758', '0.010991791', '0.009881544', '0.009673774', '0.009881095', '0.010774528', '0.009053375', '0.009489540']" 
6 TND_DIS_inv View4 0.089 0.180 0.462 0.071 0.233 0.001 nan 1120.0 11201.0 "['0.009141088', '0.009891320', '0.010588487', '0.009385025', '0.010611692', '0.009723293', '0.010503516', '0.009713981', '0.009653274', '0.010136550', '0.010584969', '0.010026955', '0.009956316', '0.010541039', '0.009871032', '0.009651397', '0.010103187', '0.010239632', '0.009709494', '0.009653274', '0.010584969', '0.009708595', '0.009834746', '0.010571261', '0.009519756', '0.010549221', '0.010597528', '0.010091517', '0.009491159', '0.009972070', '0.008853597', '0.009428300', '0.010341316', '0.009767151', '0.010036656', '0.009812076', '0.009387565', '0.010207578', '0.010517730', '0.009821168', '0.009903885', '0.009946775', '0.009780800', '0.010019455', '0.009819433', '0.010202397', '0.010437005', '0.009653274', '0.009708595', '0.010049181', '0.010583898', '0.010104422', '0.010110651', '0.010000883', '0.010583898', '0.009974355', '0.009974355', '0.009953530', '0.009606841', '0.010040400', '0.009774455', '0.010410354', '0.010616960', '0.010481050', '0.009217821', '0.010603114', '0.009918487', '0.009417158', '0.009930589', '0.009849969', '0.010566572', '0.009574863', '0.009349116', '0.009849362', '0.010481050', '0.008883721', '0.010485651', '0.009759873', '0.010245705', '0.010026955', '0.010206910', '0.010187600', '0.010588487', '0.009884520', '0.009467494', '0.009819433', '0.009814030', '0.010026955', '0.009784331', '0.010528308', '0.010411051', '0.009908926', '0.010410354', '0.009777804', '0.009852289', '0.010509971', '0.009871814', '0.010571261', '0.009852060', '0.009850140']" 
6 TND_DIS_inv Concatenated 0.085 0.173 0.444 0.067 0.225 0.002 nan 1120.0 11201.0 "['0.009872840', '0.011050893', '0.011109746', '0.009320274', '0.009602621', '0.010164412', '0.009134909', '0.009468836', '0.009880673', '0.010296133', '0.009907842', '0.009228953', '0.009652195', '0.010400357', '0.010248249', '0.010097869', '0.009558802', '0.009565541', '0.010068147', '0.010069838', '0.010318692', '0.009603847', '0.010312483', '0.009702886', '0.009578302', '0.009910859', '0.010113061', '0.009721894', '0.010667842', '0.009931126', '0.009842623', '0.010060168', '0.009910859', '0.010364947', '0.009721827', '0.010120701', '0.010265520', '0.009882817', '0.010993684', '0.010345820', '0.010046668', '0.011109746', '0.009798598', '0.009402404', '0.009808217', '0.009621388', '0.010169148', '0.009542217', '0.010208129', '0.010674700', '0.010345820', '0.010860745', '0.009618824', '0.009821738', '0.010311715', '0.010014696', '0.010278765', '0.010650576', '0.010023521', '0.009086983', '0.010197260', '0.009056459', '0.009603847', '0.010293950', '0.010605806', '0.010227162', '0.009402404', '0.010994107', '0.010048529', '0.010079379', '0.010017511', '0.009637021', '0.010659295', '0.009474010', '0.011115691', '0.010395876', '0.010752929', '0.009909865', '0.009561693', '0.010238389', '0.009217068', '0.008933522', '0.008707063', '0.010348961', '0.008922509', '0.009818734', '0.010947429', '0.010430636', '0.010291177', '0.011127710', '0.010278765', '0.009378546', '0.009723743', '0.009558802', '0.009712023', '0.010397848', '0.008597395', '0.010384024', '0.010877771', '0.008611414']" 
6 TND_DIS_inv Multiview 0.102 0.185 0.502 0.078 0.248 0.768 0.060 1120.0 11201.0 "[['0.000359375', '0.000479884', '0.000358307', '0.000502161', '0.000346292', '0.000422552', '0.000353110', '0.000582384', '0.000330405', '0.001973632', '0.000368389', '0.040033743', '0.000449729', '0.046417054', '0.013669717', '0.000439170', '0.045084368', '0.039530396', '0.001437823', '0.023842383', '0.027562222', '0.049279742', '0.000491454', '0.000521400', '0.047611792', '0.000646500', '0.001777508', '0.000430632', '0.000333711', '0.001074638', '0.000460618', '0.002995007', '0.002731269', '0.000568187', '0.017989248', '0.049456887', '0.000451327', '0.002365157', '0.046751048', '0.000575248', '0.002304886', '0.000532275', '0.000543611', '0.000716988', '0.000582100', '0.006720311', '0.000438598', '0.000440393', '0.000349557', '0.000405153', '0.049765490', '0.000523087', '0.000675769', '0.000540234', '0.057930987', '0.000271389', '0.001081439', '0.000866850', '0.054861937', '0.000631059', '0.001764432', '0.000340165', '0.000546112', '0.000817141', '0.000574953', '0.001758567', '0.000364705', '0.000353331', '0.000378421', '0.001733154', '0.000419258', '0.001818465', '0.052644573', '0.000743951', '0.051249616', '0.001214638', '0.000554125', '0.049543202', '0.000524812', '0.001573092', '0.062881544', '0.000833799', '0.001141326', '0.000301997', '0.008564391', '0.000327603', '0.000842610', '0.000700669', '0.052850489', '0.000590911', '0.000467328', '0.043533862', '0.001152841', '0.000696077', '0.000922058', '0.000476491', '0.000509562', '0.002175304', '0.000492345', '0.000385465'], ['0.005429997', '0.016666297', '0.003122214', '0.028466506', '0.001762448', '0.001765784', '0.001017994', '0.020785267', '0.030458471', '0.017129278', '0.007267338', '0.002644489', '0.002904173', '0.000985155', '0.002309954', '0.013443831', '0.001008202', '0.001861906', '0.008478831', '0.006350950', '0.001292976', '0.001055041', '0.024983505', '0.026802380', '0.000738663', '0.004840914', '0.001246995', '0.018399486', '0.003198406', '0.028059803', '0.010531483', '0.001081769', '0.004266167', '0.002731705', '0.002600554', '0.000625402', '0.021603014', '0.002556997', '0.000697670', '0.006020151', '0.007341258', '0.007320898', '0.009591528', '0.020709502', '0.002362134', '0.002831209', '0.004807976', '0.034206335', '0.003994065', '0.032855593', '0.000740829', '0.016266743', '0.017937329', '0.019551598', '0.000898509', '0.033106498', '0.013221535', '0.012250761', '0.000526380', '0.016262919', '0.029684639', '0.002403833', '0.028014015', '0.007818564', '0.008405538', '0.002453872', '0.001973282', '0.010633550', '0.001991159', '0.012161553', '0.008082536', '0.005861839', '0.000585397', '0.025384590', '0.000493965', '0.021399258', '0.005528359', '0.000648569', '0.003602640', '0.012574036', '0.000609635', '0.006058186', '0.034029573', '0.033206433', '0.000890940', '0.026926154', '0.003526394', '0.004260767', '0.000885980', '0.007362603', '0.010740895', '0.001480168', '0.013137941', '0.008016395', '0.016214013', '0.004525352', '0.005942055', '0.019040046', '0.009639380', '0.009830147'], ['0.011442556', '0.002652205', '0.028246045', '0.003159617', '0.022704083', '0.022659881', '0.022071471', '0.006067957', '0.001586355', '0.003791532', '0.021429088', '0.003326901', '0.003078761', '0.001035243', '0.008989281', '0.002202001', '0.001226086', '0.003401682', '0.012416699', '0.004839165', '0.009654102', '0.000890654', '0.004577660', '0.005965635', '0.002365704', '0.001133244', '0.025408596', '0.004190572', '0.005090416', '0.003386796', '0.003270826', '0.002850997', '0.017188003', '0.020071205', '0.017045110', '0.000832297', '0.004375245', '0.033260606', '0.001346597', '0.010760169', '0.016013036', '0.008614256', '0.025781255', '0.008882862', '0.012320201', '0.016259132', '0.001629809', '0.000914501', '0.031654809', '0.001095222', '0.001787800', '0.002019584', '0.001536245', '0.014083938', '0.001013617', '0.001783727', '0.010403992', '0.015070407', '0.001089440', '0.013021630', '0.001174597', '0.007527804', '0.006203133', '0.019645503', '0.001257211', '0.013523276', '0.035543445', '0.002270260', '0.006192358', '0.007938499', '0.001374890', '0.026048796', '0.000684936', '0.001373107', '0.001445861', '0.014603283', '0.030415034', '0.001247307', '0.001353327', '0.019132033', '0.000509925', '0.024608938', '0.001039703', '0.002935192', '0.029342469', '0.003062738', '0.001489610', '0.024128219', '0.000709188', '0.002782428', '0.023332935', '0.002374075', '0.001554818', '0.028262859', '0.013999224', '0.001422909', '0.031597201', '0.006532786', '0.028180858', '0.028212840'], ['0.021253206', '0.015928665', '0.006909862', '0.005647418', '0.014211837', '0.012424668', '0.014532565', '0.008077418', '0.005152929', '0.012249604', '0.007729514', '0.002363761', '0.030835660', '0.001295887', '0.011855159', '0.020850278', '0.001845242', '0.002336547', '0.013914302', '0.003910310', '0.004502461', '0.001202187', '0.005014282', '0.004543870', '0.000892414', '0.030847399', '0.010474105', '0.012789826', '0.028317517', '0.004011611', '0.021760402', '0.030779837', '0.014177363', '0.012737521', '0.002107371', '0.001671605', '0.009140494', '0.001296820', '0.001341520', '0.018303597', '0.010570866', '0.018712936', '0.002501422', '0.006269283', '0.023011623', '0.013582236', '0.030213820', '0.001580045', '0.002496273', '0.002867620', '0.000805063', '0.016315307', '0.015381915', '0.003947861', '0.001173310', '0.002307430', '0.011063837', '0.007796159', '0.000946413', '0.005734574', '0.003566827', '0.027135815', '0.002589975', '0.008640611', '0.027689485', '0.017206952', '0.001721392', '0.023268292', '0.029687939', '0.013929184', '0.027326709', '0.004049420', '0.001023833', '0.008702843', '0.000611654', '0.000985115', '0.000898313', '0.001311337', '0.030714933', '0.004536162', '0.000722488', '0.004650336', '0.001047637', '0.001008761', '0.001459929', '0.005910320', '0.032155186', '0.009779301', '0.000822407', '0.027019339', '0.001645048', '0.003324748', '0.021884980', '0.001845525', '0.004976790', '0.031614438', '0.000882252', '0.005280777', '0.000922440', '0.000935418']]" "['0.124198392', '0.315316498', '0.270533562', '0.289951533']"
6 TND View1 0.275 0.365 0.830 0.162 0.405 0.105 nan 1120.0 1120.0 "['0.017196644', '0.006141576', '0.006184764', '0.006763854', '0.006241844', '0.006006802', '0.006315736', '0.006693001', '0.006442182', '0.006407331', '0.006397631', '0.017082533', '0.017196644', '0.006442182', '0.009166528', '0.006069769', '0.006763854', '0.008374524', '0.007253276', '0.008969665', '0.016681045', '0.007739297', '0.021764593', '0.014196054', '0.009166528', '0.006739374', '0.006799174', '0.006092835', '0.008859549', '0.007409819', '0.006100132', '0.006538805', '0.007739297', '0.021456467', '0.017253784', '0.014196054', '0.006688402', '0.007111488', '0.007253276', '0.006323036', '0.007083969', '0.006259548', '0.006693001', '0.006412115', '0.006538805', '0.008893180', '0.005923120', '0.008449744', '0.006100132', '0.008449744', '0.009164979', '0.006100132', '0.006315736', '0.006799174', '0.018351488', '0.006688402', '0.006590865', '0.016748197', '0.017186020', '0.017196644', '0.006538805', '0.020023778', '0.009011506', '0.006407331', '0.008331347', '0.013831012', '0.006241844', '0.006693001', '0.007058951', '0.016748197', '0.020919936', '0.009166528', '0.009088076', '0.006528066', '0.007739297', '0.007739297', '0.006315736', '0.007739297', '0.007250450', '0.008969665', '0.022146748', '0.006189729', '0.006528066', '0.007369302', '0.009088076', '0.006241844', '0.007739297', '0.009166528', '0.008546799', '0.006399608', '0.006196093', '0.019243432', '0.008969665', '0.016748197', '0.006412115', '0.020562077', '0.020135006', '0.022617113', '0.021815833', '0.019378068']" 
6 TND View2 0.106 0.169 0.414 0.071 0.196 0.007 nan 1120.0 1120.0 "['0.010779394', '0.009035368', '0.012326689', '0.010489658', '0.009417020', '0.010554583', '0.010554583', '0.009417020', '0.008568733', '0.009006038', '0.010547578', '0.011973438', '0.009023104', '0.012126083', '0.009526378', '0.010595814', '0.014233042', '0.011191190', '0.009314949', '0.009314949', '0.012126083', '0.008776145', '0.009556915', '0.008975009', '0.009526378', '0.008879173', '0.008914986', '0.009181615', '0.010547578', '0.009577884', '0.009577884', '0.012350787', '0.011248023', '0.009023104', '0.012174195', '0.009051256', '0.011941426', '0.008950945', '0.008990478', '0.011771954', '0.012350787', '0.009512445', '0.010647289', '0.008856501', '0.009139566', '0.010192187', '0.010056933', '0.009600806', '0.011954490', '0.008576205', '0.011710370', '0.011514786', '0.012350787', '0.010688606', '0.008940005', '0.009418257', '0.009556915', '0.009600806', '0.009486938', '0.008530717', '0.010003396', '0.012232859', '0.009839490', '0.009860533', '0.008993331', '0.008853642', '0.008821692', '0.009361724', '0.009839490', '0.008975009', '0.009242001', '0.009388871', '0.009526378', '0.009417020', '0.008856501', '0.010554583', '0.008535334', '0.010592933', '0.009197933', '0.011947005', '0.008561216', '0.009839490', '0.009023104', '0.011350113', '0.010453104', '0.008530717', '0.010772689', '0.009512445', '0.009782724', '0.009133520', '0.009491770', '0.010521188', '0.009577884', '0.011339903', '0.009036273', '0.008975009', '0.009491770', '0.008535334', '0.008978895', '0.011230330']" 
6 TND View3 0.150 0.205 0.553 0.101 0.209 0.013 nan 1120.0 1120.0 "['0.009211875', '0.008483225', '0.010350078', '0.009513875', '0.008323073', '0.008880944', '0.009493805', '0.008323073', '0.008503241', '0.009774790', '0.010919965', '0.010059886', '0.010364735', '0.007717563', '0.010394007', '0.009776511', '0.010215342', '0.011569793', '0.009487773', '0.007797967', '0.009224077', '0.009406368', '0.008388957', '0.010382776', '0.009527237', '0.014235839', '0.014298643', '0.008323073', '0.008476103', '0.015578380', '0.008388957', '0.007717563', '0.011922382', '0.009414319', '0.009927475', '0.012671064', '0.009526351', '0.009113028', '0.010330401', '0.014235839', '0.015515832', '0.009774790', '0.010437760', '0.009528012', '0.010245507', '0.009923630', '0.009105857', '0.009756424', '0.008225704', '0.009496319', '0.010330401', '0.009772744', '0.011829479', '0.009338338', '0.007441083', '0.014380427', '0.008689001', '0.009772744', '0.009528138', '0.009509773', '0.009527646', '0.009527302', '0.010201104', '0.009924598', '0.009774790', '0.010381967', '0.009879460', '0.008909491', '0.012851181', '0.010364735', '0.014882232', '0.010259943', '0.009412641', '0.008798227', '0.010432744', '0.009843168', '0.009244935', '0.009772989', '0.010352286', '0.007959763', '0.009134176', '0.010242905', '0.009304918', '0.009696990', '0.009412641', '0.010352286', '0.015515832', '0.010412487', '0.007375263', '0.007248846', '0.009831001', '0.009774790', '0.010285975', '0.010352286', '0.009922719', '0.010326816', '0.007959763', '0.009760737', '0.009098665', '0.008837323']" 
6 TND View4 0.088 0.181 0.415 0.071 0.220 0.002 nan 1120.0 1120.0 "['0.012485047', '0.009433176', '0.010254475', '0.008749075', '0.009888290', '0.010048884', '0.010077562', '0.009090869', '0.009587859', '0.011401892', '0.010198617', '0.010033609', '0.009695438', '0.010317534', '0.009143748', '0.010315681', '0.010245121', '0.009979570', '0.009884741', '0.009587859', '0.010198617', '0.008666355', '0.009438761', '0.009824200', '0.010077562', '0.010353438', '0.009422465', '0.009986919', '0.010276789', '0.010492119', '0.009906705', '0.009947873', '0.010616901', '0.009897800', '0.010219146', '0.011169064', '0.010042675', '0.009984422', '0.010352037', '0.009973065', '0.012356232', '0.009500355', '0.009921192', '0.010336343', '0.009735987', '0.009474659', '0.009793269', '0.009587859', '0.008666355', '0.009872660', '0.010301316', '0.009971193', '0.010064022', '0.009437485', '0.010301316', '0.009486454', '0.009486454', '0.010047104', '0.008937221', '0.010168173', '0.010037689', '0.009733374', '0.010000818', '0.009920760', '0.009791072', '0.010112895', '0.009896327', '0.010153173', '0.010136830', '0.008694963', '0.009450332', '0.009927926', '0.009887150', '0.009894854', '0.009920760', '0.009980084', '0.009823115', '0.010246053', '0.009957770', '0.010033609', '0.009649484', '0.010010955', '0.010254475', '0.009725883', '0.009129251', '0.009735987', '0.012808736', '0.010033609', '0.012498928', '0.009520249', '0.009999653', '0.010052762', '0.009733374', '0.009417800', '0.009887150', '0.010236855', '0.010823269', '0.009824200', '0.010813104', '0.009533031']" 
6 TND Concatenated 0.079 0.174 0.385 0.065 0.218 0.020 nan 1120.0 1120.0 "['0.010519168', '0.010539225', '0.009038936', '0.014201773', '0.010438821', '0.015596658', '0.006221640', '0.009074010', '0.008933325', '0.008037178', '0.008693265', '0.009713572', '0.007496628', '0.010335775', '0.010942045', '0.008109418', '0.009367622', '0.007334447', '0.009431870', '0.011169009', '0.009257814', '0.010498694', '0.009360024', '0.015067942', '0.009606399', '0.009294429', '0.010645478', '0.016743798', '0.011164667', '0.010636067', '0.007851989', '0.011169009', '0.009294429', '0.008493676', '0.010445106', '0.009252547', '0.009943555', '0.009351937', '0.011025265', '0.008574048', '0.010675653', '0.009038936', '0.009637381', '0.009309794', '0.010067816', '0.011185211', '0.009436216', '0.009540480', '0.012557008', '0.011151431', '0.008574048', '0.010932334', '0.009268713', '0.008096516', '0.014126268', '0.007720603', '0.007906806', '0.010427199', '0.013723485', '0.009777917', '0.012409681', '0.008765838', '0.010498694', '0.008113733', '0.011098282', '0.010913868', '0.009309794', '0.009217620', '0.009673261', '0.007573053', '0.009277402', '0.009276307', '0.010536075', '0.009497216', '0.008753858', '0.008609872', '0.010192950', '0.015812801', '0.020429065', '0.007724247', '0.009336013', '0.011361679', '0.010929483', '0.008283292', '0.011546881', '0.010482332', '0.009530876', '0.009844544', '0.009992588', '0.008922144', '0.007906806', '0.010685047', '0.007817444', '0.009367622', '0.007139883', '0.008864496', '0.006836119', '0.010354463', '0.010535614', '0.006553958']" 
6 TND Multiview 0.068 0.209 0.447 0.076 0.267 0.487 0.043 1120.0 1120.0 "[['0.025548512', '0.001047942', '0.000827913', '0.000749147', '0.000853563', '0.000678216', '0.001022193', '0.001050275', '0.000923498', '0.000930258', '0.000747987', '0.024820445', '0.027406935', '0.000936827', '0.001108568', '0.000748687', '0.000994574', '0.000570486', '0.001022996', '0.001122680', '0.023323540', '0.001354933', '0.055583060', '0.012348091', '0.001639416', '0.000731821', '0.000730930', '0.000881184', '0.000902758', '0.000875743', '0.000938028', '0.000776397', '0.001120818', '0.055703070', '0.026787028', '0.004572717', '0.001304596', '0.001187053', '0.000642805', '0.000995645', '0.001126817', '0.000836521', '0.001049680', '0.001279944', '0.000976291', '0.002317624', '0.000855415', '0.000695635', '0.000898045', '0.001327551', '0.001127713', '0.000932872', '0.001035288', '0.001666111', '0.028407179', '0.000733363', '0.000906734', '0.034833517', '0.031404112', '0.010891476', '0.000955198', '0.048211902', '0.001211761', '0.000934325', '0.001430499', '0.011041461', '0.000747369', '0.001269069', '0.000717426', '0.023508113', '0.057828747', '0.002367845', '0.000829413', '0.001048879', '0.000681566', '0.001974127', '0.001551631', '0.001008713', '0.001464303', '0.001771299', '0.064272746', '0.001114719', '0.000862206', '0.002449201', '0.001281524', '0.001330067', '0.002334362', '0.001453315', '0.000930409', '0.001636630', '0.000987117', '0.048256401', '0.002110290', '0.029166758', '0.001070302', '0.048713665', '0.046206947', '0.066443875', '0.063053600', '0.046958975'], ['0.004614216', '0.009944145', '0.014427902', '0.003706449', '0.008167981', '0.030067720', '0.004778795', '0.010424519', '0.011186008', '0.009155859', '0.013420778', '0.007092339', '0.002617365', '0.012457412', '0.017349228', '0.008587628', '0.007762427', '0.001375146', '0.010251083', '0.011211677', '0.005226716', '0.011899782', '0.001596794', '0.010710048', '0.009502142', '0.011702592', '0.024267836', '0.009967962', '0.019239876', '0.015633414', '0.008760331', '0.020355113', '0.008957345', '0.001993217', '0.004451128', '0.029807033', '0.010008838', '0.008815924', '0.030587759', '0.012074811', '0.008761935', '0.009747149', '0.008800318', '0.009897527', '0.009796874', '0.008376447', '0.007655946', '0.005069011', '0.013866591', '0.010466017', '0.015916344', '0.009509230', '0.009943989', '0.012231069', '0.002386008', '0.004061230', '0.007868335', '0.004210582', '0.001326316', '0.001934838', '0.013945509', '0.001403609', '0.010187484', '0.014779205', '0.012015915', '0.004467063', '0.023489317', '0.008694772', '0.027676350', '0.008594779', '0.001066248', '0.011302371', '0.004529036', '0.010958394', '0.030116102', '0.010977691', '0.013327138', '0.008420727', '0.008507846', '0.012815788', '0.000926165', '0.017123770', '0.005702178', '0.012770260', '0.011482630', '0.018746255', '0.009655907', '0.011318235', '0.007617193', '0.010100289', '0.015052319', '0.001207123', '0.008727282', '0.001933487', '0.009707939', '0.000761799', '0.001051419', '0.000811579', '0.000610484', '0.001435299'], ['0.009338455', '0.006496172', '0.007662769', '0.034902185', '0.009338196', '0.007517176', '0.009317153', '0.004909270', '0.006834046', '0.010490308', '0.002382513', '0.013176640', '0.007988335', '0.001988176', '0.008365774', '0.028564556', '0.014279589', '0.040999264', '0.004991120', '0.010644915', '0.012350529', '0.001621568', '0.003975904', '0.006251455', '0.008746088', '0.025613369', '0.011454040', '0.006820843', '0.006149603', '0.009743632', '0.005245737', '0.006613065', '0.009591219', '0.001781867', '0.014303292', '0.002885943', '0.004517792', '0.008199639', '0.005024745', '0.004007964', '0.008784831', '0.001761551', '0.015502177', '0.014770969', '0.007115135', '0.007943265', '0.019956555', '0.031495489', '0.007966020', '0.002020623', '0.008164587', '0.005231959', '0.008020207', '0.011967061', '0.014143778', '0.037867911', '0.012016842', '0.002233090', '0.005816904', '0.029365551', '0.014026412', '0.001558153', '0.008173224', '0.008152781', '0.007391257', '0.010855488', '0.008767077', '0.007130909', '0.003475911', '0.001589977', '0.000990833', '0.013129665', '0.029088344', '0.009624315', '0.004396710', '0.014075842', '0.014634999', '0.014692629', '0.011771366', '0.008995888', '0.001335877', '0.004968225', '0.033455055', '0.009379033', '0.004291147', '0.002739432', '0.012195762', '0.006270186', '0.031345684', '0.004475478', '0.003256066', '0.001463396', '0.010744881', '0.012708956', '0.008095143', '0.000677508', '0.005315721', '0.000701628', '0.001831193', '0.004998475'], ['0.007057224', '0.015370764', '0.012137136', '0.002329449', '0.016776545', '0.001438260', '0.018183995', '0.017060580', '0.015638992', '0.013872128', '0.022633431', '0.002931339', '0.008307422', '0.018837886', '0.010270759', '0.002819873', '0.012107203', '0.001220389', '0.018013837', '0.012056317', '0.005671235', '0.018112004', '0.001701759', '0.010191596', '0.013562063', '0.002151998', '0.002485040', '0.016395811', '0.010496894', '0.011117266', '0.018920423', '0.008071751', '0.015910082', '0.002377867', '0.001950176', '0.003268304', '0.016365122', '0.014858351', '0.001631272', '0.016082792', '0.014722615', '0.024754841', '0.010453034', '0.006933726', '0.018617745', '0.017112218', '0.009421020', '0.003032957', '0.012281933', '0.026177296', '0.010106684', '0.019353447', '0.014604952', '0.006577460', '0.001423392', '0.003713016', '0.014288966', '0.002982267', '0.006836385', '0.001423199', '0.009658267', '0.004493197', '0.014611886', '0.013006090', '0.014909997', '0.009263641', '0.005059831', '0.017653950', '0.006821183', '0.008294714', '0.001833205', '0.004658370', '0.004359295', '0.014204659', '0.001424850', '0.007901846', '0.001905413', '0.011953241', '0.017149014', '0.014022643', '0.000809205', '0.011638102', '0.000867522', '0.006824658', '0.018781846', '0.013721656', '0.014723884', '0.018684948', '0.001305987', '0.015712339', '0.020126821', '0.003434066', '0.015345871', '0.001150068', '0.015716396', '0.007788283', '0.002775816', '0.000569747', '0.000561971', '0.001073107']]" "['0.144396499', '0.312719405', '0.240986243', '0.301897913']"
6 TND_inv View1 0.302 0.366 0.861 0.170 0.392 0.058 nan 1120.0 1120.0 "['0.014428394', '0.006964354', '0.007093702', '0.008211135', '0.007255550', '0.006527073', '0.007448791', '0.008134885', '0.007734464', '0.007661462', '0.007640368', '0.014324128', '0.014428394', '0.007734464', '0.008715915', '0.006737235', '0.008211135', '0.008274134', '0.008415548', '0.008874156', '0.013969281', '0.008343890', '0.020169748', '0.012155426', '0.008715915', '0.008186470', '0.008243723', '0.006811747', '0.008826647', '0.008405349', '0.006835022', '0.007914175', '0.008343890', '0.019662330', '0.014481186', '0.012155426', '0.008129410', '0.008401747', '0.008415548', '0.007466842', '0.008395681', '0.007303552', '0.008134885', '0.007671743', '0.007914175', '0.008793134', '0.006234741', '0.008280586', '0.006835022', '0.008280586', '0.008721382', '0.006835022', '0.007448791', '0.008243723', '0.015574205', '0.008129410', '0.007997504', '0.014027345', '0.014418622', '0.014428394', '0.007914175', '0.017566528', '0.008516191', '0.007661462', '0.008272327', '0.011941161', '0.007255550', '0.008134885', '0.008389057', '0.014027345', '0.018829189', '0.008715915', '0.008744502', '0.007895829', '0.008343890', '0.008343890', '0.007448791', '0.008343890', '0.008415520', '0.008874156', '0.020830965', '0.007108197', '0.007895829', '0.008409913', '0.008744502', '0.007255550', '0.008343890', '0.008715915', '0.008295765', '0.007644694', '0.007126663', '0.016582895', '0.008874156', '0.014027345', '0.007671743', '0.018306628', '0.017715111', '0.021696506', '0.020256305', '0.016745590']" 
6 TND_inv View2 0.105 0.169 0.414 0.071 0.197 0.007 nan 1120.0 1120.0 "['0.010651913', '0.009112551', '0.012384291', '0.010501997', '0.009306305', '0.010561104', '0.010561104', '0.009306305', '0.008649760', '0.009051871', '0.010555229', '0.012297316', '0.009089850', '0.012339439', '0.009488464', '0.010592570', '0.013614452', '0.010979094', '0.009142231', '0.009142231', '0.012339439', '0.008586991', '0.009519899', '0.008961493', '0.009488464', '0.008634918', '0.008728595', '0.009195189', '0.010555229', '0.009575692', '0.009575692', '0.012389775', '0.011101175', '0.009089850', '0.012350518', '0.009136857', '0.012286038', '0.008872301', '0.009010123', '0.012195637', '0.012389775', '0.009515542', '0.010622547', '0.008606575', '0.009196448', '0.010026973', '0.009824033', '0.009611120', '0.012290788', '0.008647574', '0.012140901', '0.011806875', '0.012389775', '0.010638163', '0.008827758', '0.009315325', '0.009519899', '0.009611120', '0.009565767', '0.008659844', '0.009845327', '0.012363529', '0.009895100', '0.009891815', '0.009018313', '0.008604146', '0.008588352', '0.009141982', '0.009895100', '0.008961493', '0.009174426', '0.009173635', '0.009488464', '0.009306305', '0.008606575', '0.010561104', '0.008658717', '0.010590565', '0.009191343', '0.012288093', '0.008651895', '0.009895100', '0.009089850', '0.011359423', '0.010464568', '0.008659844', '0.010651457', '0.009515542', '0.009815218', '0.009195405', '0.009559595', '0.010531927', '0.009575692', '0.011331882', '0.009114084', '0.008961493', '0.009559595', '0.008658717', '0.008974385', '0.011061223']" 
6 TND_inv View3 0.150 0.206 0.554 0.101 0.210 0.012 nan 1120.0 1120.0 "['0.009360256', '0.008454991', '0.011415513', '0.008920585', '0.008438613', '0.008680565', '0.009069730', '0.008438613', '0.008459882', '0.009688677', '0.011557805', '0.010105937', '0.010383102', '0.008324303', '0.011452565', '0.009728000', '0.010415147', '0.011690046', '0.009084022', '0.008379341', '0.008919046', '0.008941340', '0.008440980', '0.010210288', '0.008959236', '0.013666204', '0.013730176', '0.008438613', '0.008453422', '0.015092223', '0.008440980', '0.008324303', '0.011831952', '0.009479739', '0.009840838', '0.012279258', '0.008932426', '0.008860372', '0.010384792', '0.013666204', '0.015024449', '0.009688677', '0.011479396', '0.008950759', '0.011250792', '0.009845833', '0.008855679', '0.009841526', '0.008442095', '0.008920823', '0.010384792', '0.009719648', '0.011789928', '0.008944976', '0.008003102', '0.013814094', '0.008540667', '0.009719648', '0.008945303', '0.008919971', '0.008938230', '0.008936155', '0.010468336', '0.009801348', '0.009688677', '0.011443567', '0.009885843', '0.008703938', '0.012412230', '0.010383102', '0.014341335', '0.010360776', '0.009216012', '0.008615334', '0.011476730', '0.010021721', '0.009344850', '0.009715555', '0.010386371', '0.008438714', '0.009402746', '0.010368016', '0.008941477', '0.009550177', '0.009216012', '0.010386371', '0.015024449', '0.010330339', '0.007902670', '0.007696406', '0.009925211', '0.009688677', '0.011333089', '0.010386371', '0.010061159', '0.011390359', '0.008438714', '0.009860308', '0.008850883', '0.008645532']" 
6 TND_inv View4 0.088 0.181 0.415 0.071 0.220 0.002 nan 1120.0 1120.0 "['0.011810443', '0.009841481', '0.010223222', '0.009279792', '0.009914963', '0.010294816', '0.009936152', '0.009327577', '0.009403501', '0.011197105', '0.010243722', '0.009899567', '0.009427958', '0.010124849', '0.009334340', '0.010195709', '0.009629500', '0.010321548', '0.010434203', '0.009403501', '0.010243722', '0.009263505', '0.009376817', '0.009741416', '0.009936152', '0.010157241', '0.009816577', '0.009932297', '0.010726378', '0.010832468', '0.010476917', '0.009888754', '0.010889410', '0.009486529', '0.009652099', '0.011105255', '0.010297032', '0.010319470', '0.010150870', '0.010543405', '0.011730333', '0.009387097', '0.009493649', '0.010134706', '0.009438604', '0.009382710', '0.009878208', '0.009403501', '0.009263505', '0.009989274', '0.010203104', '0.009508538', '0.009954594', '0.009842635', '0.010203104', '0.009851744', '0.009851744', '0.009702655', '0.009308234', '0.009672672', '0.010590678', '0.009874206', '0.009968330', '0.009926951', '0.009454194', '0.010272843', '0.010461134', '0.009677264', '0.009681863', '0.009269466', '0.009806881', '0.010042367', '0.010441797', '0.010458529', '0.009926951', '0.009715462', '0.010006927', '0.009615057', '0.009504595', '0.009899567', '0.009416847', '0.009966601', '0.010223222', '0.009435878', '0.009332464', '0.009438604', '0.011991524', '0.009899567', '0.011818875', '0.009791028', '0.009893337', '0.009701493', '0.009874206', '0.009818990', '0.010441797', '0.009601966', '0.010975848', '0.009741416', '0.010971804', '0.009788586']" 
6 TND_inv Concatenated 0.080 0.174 0.389 0.065 0.218 0.006 nan 1120.0 1120.0 "['0.009925743', '0.009969689', '0.009779866', '0.012165161', '0.009876692', '0.012487422', '0.008208723', '0.009774099', '0.009798628', '0.008812591', '0.008970192', '0.010233985', '0.008654058', '0.011011023', '0.009359200', '0.008831961', '0.010357733', '0.008606380', '0.009723177', '0.009453751', '0.010513464', '0.010017402', '0.009095120', '0.012357403', '0.010751484', '0.010407106', '0.011114131', '0.012846167', '0.009448603', '0.009293139', '0.008760349', '0.009453751', '0.010407106', '0.008926085', '0.011046984', '0.010491092', '0.010883638', '0.010366493', '0.009528819', '0.008944195', '0.009585602', '0.009779866', '0.010255369', '0.009739193', '0.009652528', '0.011308029', '0.010664315', '0.010285869', '0.011779387', '0.009488232', '0.008944195', '0.009547414', '0.010435826', '0.008828546', '0.012148604', '0.008721468', '0.008776176', '0.010051795', '0.012059308', '0.010217218', '0.011738460', '0.009836726', '0.010017402', '0.008833100', '0.009411119', '0.009351840', '0.009739193', '0.009752141', '0.010781544', '0.008677010', '0.010546717', '0.010425804', '0.009948612', '0.009715061', '0.009840164', '0.008952114', '0.010120145', '0.012545954', '0.014889429', '0.008722559', '0.010600681', '0.011375734', '0.011213281', '0.008876263', '0.011447040', '0.009265546', '0.009710994', '0.010200790', '0.009188270', '0.009800779', '0.008776176', '0.009584395', '0.008750240', '0.010357733', '0.008552161', '0.009812551', '0.008475832', '0.009243927', '0.009602592', '0.008398484']" 
6 TND_inv Multiview 0.067 0.210 0.448 0.076 0.268 0.534 0.044 1120.0 1120.0 "[['0.026581261', '0.001002528', '0.000783415', '0.000690721', '0.000803365', '0.000646899', '0.000978696', '0.000963283', '0.000854422', '0.000869888', '0.000693457', '0.025356222', '0.028709937', '0.000883028', '0.001018750', '0.000709062', '0.000899562', '0.000504453', '0.000908634', '0.000900229', '0.024121817', '0.001260375', '0.055093881', '0.013192016', '0.001433381', '0.000670329', '0.000653610', '0.000847723', '0.000786632', '0.000783450', '0.000899548', '0.000710478', '0.000932807', '0.055101983', '0.027270176', '0.004514306', '0.001220730', '0.001081698', '0.000574166', '0.000941154', '0.001022001', '0.000780384', '0.000926694', '0.001201900', '0.000869601', '0.002178438', '0.000809220', '0.000615181', '0.000844431', '0.001176930', '0.000968173', '0.000871600', '0.000964027', '0.001524551', '0.027169365', '0.000664708', '0.000830717', '0.038090903', '0.033135768', '0.011045147', '0.000849857', '0.048458185', '0.001008502', '0.000847457', '0.001189206', '0.013850026', '0.000685029', '0.001072649', '0.000619618', '0.025199346', '0.056997210', '0.002289890', '0.000746162', '0.000938904', '0.000629329', '0.001736500', '0.001501515', '0.000887763', '0.001259544', '0.001655455', '0.062928259', '0.001020145', '0.000789072', '0.002366586', '0.001146193', '0.001177430', '0.002174524', '0.001319907', '0.000832986', '0.001527201', '0.000879858', '0.048770029', '0.001980468', '0.029942926', '0.000952902', '0.048740629', '0.045322090', '0.064696401', '0.061719675', '0.046752725'], ['0.004220364', '0.009908152', '0.014576255', '0.003074123', '0.007984764', '0.030912178', '0.004307537', '0.010586472', '0.011292619', '0.009106402', '0.013375022', '0.006781054', '0.002321079', '0.012394537', '0.017591545', '0.008025355', '0.007616310', '0.001096890', '0.010361059', '0.011348259', '0.004856784', '0.011752431', '0.001435477', '0.011144293', '0.009651018', '0.011395120', '0.025013212', '0.009921677', '0.019462978', '0.015698956', '0.008528890', '0.021247830', '0.008997167', '0.001975266', '0.003987757', '0.030648429', '0.009819572', '0.008652278', '0.032155346', '0.011972060', '0.008749331', '0.009465402', '0.008777085', '0.009797701', '0.010042139', '0.008525285', '0.007174813', '0.004223617', '0.013870900', '0.010469229', '0.016003568', '0.009712807', '0.009815533', '0.012335375', '0.002086080', '0.003761647', '0.007982368', '0.003353203', '0.001118708', '0.001672204', '0.014095418', '0.001362009', '0.010183956', '0.014887343', '0.012241902', '0.003675698', '0.025253708', '0.008848066', '0.029153781', '0.008122357', '0.001008192', '0.011329953', '0.003766318', '0.010950132', '0.030923750', '0.011283185', '0.013492486', '0.008256811', '0.008353710', '0.012907529', '0.000883373', '0.017723065', '0.005102489', '0.013153777', '0.011712943', '0.018938182', '0.009536495', '0.011683673', '0.006668971', '0.009942019', '0.015289811', '0.000999734', '0.008684575', '0.001531816', '0.009696988', '0.000627054', '0.000987299', '0.000789017', '0.000538987', '0.001279918'], ['0.009210096', '0.006111466', '0.007170269', '0.036549248', '0.009254401', '0.007110582', '0.009257644', '0.004250752', '0.006159954', '0.010441449', '0.001884502', '0.013337547', '0.007694096', '0.001770461', '0.008342143', '0.030455191', '0.014312588', '0.041973125', '0.004288085', '0.010222560', '0.012464911', '0.001525149', '0.003959927', '0.006070768', '0.008412983', '0.026896827', '0.011501766', '0.006399868', '0.005756814', '0.010048486', '0.004847136', '0.006184712', '0.009377903', '0.001659957', '0.014716038', '0.002566795', '0.004131029', '0.008034841', '0.004120864', '0.003545648', '0.008683957', '0.001508236', '0.015607041', '0.015712675', '0.006587471', '0.007633263', '0.021703299', '0.033637598', '0.007650394', '0.001720497', '0.008183416', '0.004384091', '0.007893665', '0.012872980', '0.015573410', '0.038613040', '0.011791823', '0.001792422', '0.005185975', '0.030522093', '0.014324161', '0.001391215', '0.008082378', '0.007879180', '0.006844406', '0.010299925', '0.007994145', '0.005828920', '0.002885091', '0.001435109', '0.000913444', '0.013819696', '0.030933650', '0.009476166', '0.003967679', '0.014759099', '0.014805345', '0.014928835', '0.011859068', '0.008696564', '0.001323435', '0.004079702', '0.034640398', '0.009596753', '0.003585049', '0.002276558', '0.012285146', '0.005677885', '0.033072129', '0.004162317', '0.002700966', '0.001311108', '0.010753280', '0.012651502', '0.008051437', '0.000591439', '0.005420739', '0.000690456', '0.001807489', '0.004922139'], ['0.006497707', '0.015857246', '0.012525736', '0.001881082', '0.017156454', '0.001168118', '0.018827219', '0.017650740', '0.016280921', '0.014060012', '0.023343217', '0.002619301', '0.007675627', '0.019253936', '0.010244120', '0.002001593', '0.012344536', '0.001059538', '0.018734969', '0.012510802', '0.005197410', '0.018510392', '0.001516449', '0.009693407', '0.013900151', '0.001582499', '0.001933675', '0.016924303', '0.010796459', '0.010909458', '0.019639224', '0.007705259', '0.016253183', '0.002115478', '0.001692857', '0.002825444', '0.017046560', '0.015302338', '0.001204636', '0.016727842', '0.014951183', '0.025465112', '0.010543811', '0.006266957', '0.019025547', '0.017417544', '0.008478485', '0.002279829', '0.012679758', '0.026797935', '0.010175872', '0.020065565', '0.014950944', '0.005741859', '0.001185730', '0.003620418', '0.014499223', '0.002216189', '0.006332270', '0.001178418', '0.009418086', '0.003985947', '0.014888412', '0.013269860', '0.015432277', '0.007790233', '0.004211848', '0.018940134', '0.006225394', '0.007580908', '0.001732756', '0.004067801', '0.003693748', '0.014481928', '0.001222901', '0.007148997', '0.001783413', '0.012078569', '0.017561695', '0.014356343', '0.000767438', '0.011982439', '0.000759448', '0.006395947', '0.019411756', '0.014168169', '0.014935305', '0.019057859', '0.001035248', '0.016313836', '0.020618448', '0.003087887', '0.015543037', '0.000952720', '0.015894981', '0.007525585', '0.002648092', '0.000541309', '0.000492216', '0.000954451']]" "['0.144091398', '0.313593477', '0.239628196', '0.302686870']"
6 DIS View1 0.326 0.349 1.000 0.195 0.306 0.157 nan 1120.0 11201.0 "['0.006375463', '0.004925967', '0.005150346', '0.012612794', '0.005186834', '0.005177908', '0.004992461', '0.003007007', '0.008783929', '0.005534701', '0.004973111', '0.012418168', '0.006375463', '0.008783929', '0.019696118', '0.005030703', '0.012612794', '0.017213302', '0.015864920', '0.021434950', '0.012530419', '0.016916471', '0.006564357', '0.015876018', '0.019696118', '0.012712185', '0.012898732', '0.005251206', '0.005337194', '0.015878655', '0.005202885', '0.006004481', '0.016916471', '0.006619943', '0.012556273', '0.015876018', '0.004421804', '0.015655449', '0.015864920', '0.005167529', '0.013321588', '0.005273319', '0.003007007', '0.007858600', '0.006004481', '0.018570691', '0.005210375', '0.004644176', '0.005202885', '0.004644176', '0.020043623', '0.005202885', '0.004992461', '0.012898732', '0.011811888', '0.004421804', '0.010547250', '0.006584677', '0.012478618', '0.006375463', '0.006004481', '0.007092885', '0.004469551', '0.005534701', '0.017606344', '0.005981176', '0.005186834', '0.003007007', '0.002940111', '0.006584677', '0.018083967', '0.019696118', '0.018314723', '0.009350835', '0.016916471', '0.016916471', '0.004992461', '0.016916471', '0.004979566', '0.021434950', '0.011410349', '0.005135035', '0.009350835', '0.004966858', '0.018314723', '0.005186834', '0.016916471', '0.019696118', '0.017466104', '0.005024803', '0.005236227', '0.011567626', '0.021434950', '0.006584677', '0.007858600', '0.006909729', '0.006239332', '0.006135905', '0.012798807', '0.006563603']" 
6 DIS View2 0.113 0.164 0.481 0.069 0.206 1.075 nan 1120.0 11201.0 "['0.017429903', '0.000684243', '0.018485107', '0.038089346', '0.000709720', '0.035373762', '0.035373762', '0.000709720', '0.000689475', '0.000677751', '0.036604494', '0.018392995', '0.000717629', '0.018304070', '0.007794261', '0.000668549', '0.018326210', '0.017899448', '0.000679608', '0.000679608', '0.018304070', '0.000690317', '0.010333729', '0.000697255', '0.007794261', '0.000691517', '0.000697380', '0.006231632', '0.036604494', '0.007861545', '0.007861545', '0.018425308', '0.000671919', '0.000717629', '0.018086463', '0.000705237', '0.018484036', '0.000694097', '0.000695285', '0.000688032', '0.018425308', '0.000689331', '0.040194713', '0.000694160', '0.000668786', '0.043201286', '0.000689387', '0.008793992', '0.018429065', '0.000681995', '0.017664354', '0.000683753', '0.018425308', '0.021775795', '0.000699098', '0.000685622', '0.010333729', '0.008793992', '0.000708140', '0.000688687', '0.005812730', '0.018163029', '0.008730776', '0.000671659', '0.000702992', '0.000696732', '0.000692690', '0.000680389', '0.008730776', '0.000697255', '0.005987258', '0.000707246', '0.007794261', '0.000709720', '0.000694160', '0.035373762', '0.000681709', '0.029551091', '0.000694081', '0.018498925', '0.000687496', '0.008730776', '0.000717629', '0.018569792', '0.020401224', '0.000688687', '0.058212433', '0.000689331', '0.010332917', '0.000691851', '0.007484009', '0.033749551', '0.008245816', '0.018085225', '0.000673206', '0.000697255', '0.007484009', '0.000681709', '0.000683071', '0.018070832']" 
6 DIS View3 0.125 0.203 0.582 0.092 0.238 0.627 nan 1120.0 11201.0 "['0.001707334', '0.001648178', '0.017437082', '0.001683359', '0.001660333', '0.001659221', '0.001689551', '0.001660333', '0.001647710', '0.011045822', '0.017567199', '0.015844543', '0.018123044', '0.001650780', '0.016245298', '0.009867341', '0.034436408', '0.017816553', '0.001672196', '0.001638971', '0.001661802', '0.001649833', '0.001642631', '0.019310411', '0.001654305', '0.018544810', '0.018501939', '0.001660333', '0.001664222', '0.018625293', '0.001642631', '0.001650780', '0.018019207', '0.007730562', '0.001744662', '0.018020447', '0.001678113', '0.001671713', '0.031310037', '0.018544810', '0.018624583', '0.011045822', '0.017119046', '0.001669528', '0.016943244', '0.001738469', '0.001670975', '0.001729822', '0.001660312', '0.001680800', '0.031310037', '0.011216435', '0.017863480', '0.001673557', '0.001639941', '0.018373469', '0.001643011', '0.011216435', '0.001620691', '0.001679046', '0.001657828', '0.001675642', '0.017009709', '0.010919480', '0.011045822', '0.017525522', '0.012461122', '0.001664256', '0.018149439', '0.018123044', '0.018534798', '0.019085925', '0.001699671', '0.001658366', '0.017334139', '0.033090044', '0.001706299', '0.001735476', '0.018976405', '0.001658727', '0.001680727', '0.037346724', '0.001664729', '0.009726748', '0.001699671', '0.018976405', '0.018624583', '0.025295990', '0.001640399', '0.001638343', '0.014210437', '0.011045822', '0.044354226', '0.018976405', '0.001723713', '0.017281108', '0.001658727', '0.007698426', '0.001641249', '0.001655397']" 
6 DIS View4 0.108 0.169 0.525 0.078 0.199 1.632 nan 1120.0 11201.0 "['0.000258320', '0.027501862', '0.028990775', '0.000265207', '0.009577405', '0.000263377', '0.029172296', '0.000264280', '0.000265202', '0.032278277', '0.039527625', '0.006067889', '0.000271739', '0.033042584', '0.000269275', '0.000262991', '0.007019328', '0.031043058', '0.000264420', '0.000265202', '0.039527625', '0.000264429', '0.000270262', '0.003559465', '0.000261809', '0.028893044', '0.003660972', '0.020654971', '0.000263242', '0.026838228', '0.000266167', '0.000261814', '0.031387154', '0.000270788', '0.007874380', '0.030694418', '0.000260711', '0.031507850', '0.028967161', '0.030046908', '0.031828959', '0.000273453', '0.000272464', '0.015659781', '0.000273083', '0.000272760', '0.009583284', '0.000265202', '0.000264429', '0.009974030', '0.029037448', '0.000276593', '0.028309302', '0.000275142', '0.029037448', '0.000268523', '0.000268523', '0.000265246', '0.000264230', '0.006262084', '0.000264346', '0.013744335', '0.015291600', '0.008780678', '0.000266872', '0.029030146', '0.028632870', '0.000262747', '0.000264448', '0.000270165', '0.003997226', '0.000263289', '0.000262607', '0.030754574', '0.008780678', '0.000272335', '0.028791960', '0.000263709', '0.000273003', '0.006067889', '0.000271472', '0.000275765', '0.028990775', '0.000273538', '0.000262773', '0.000273083', '0.000265386', '0.006067889', '0.000271134', '0.003488793', '0.005958213', '0.000266578', '0.013744335', '0.000267232', '0.000270362', '0.003110447', '0.030183200', '0.003559465', '0.029863128', '0.000266426']" 
6 DIS Concatenated 0.077 0.168 0.442 0.062 0.230 0.447 nan 1120.0 11201.0 "['0.002755910', '0.013142067', '0.012525514', '0.032446265', '0.014274284', '0.031401612', '0.002530420', '0.002791326', '0.002830985', '0.002933145', '0.002736921', '0.002839453', '0.002655314', '0.032841828', '0.002934994', '0.002906262', '0.002660533', '0.002612851', '0.009815362', '0.010509592', '0.015282033', '0.017405806', '0.007565358', '0.023070062', '0.002805808', '0.023323989', '0.023284927', '0.033212483', '0.009304376', '0.010510723', '0.002779276', '0.010692048', '0.023323989', '0.002998729', '0.002808061', '0.018410318', '0.022703625', '0.024316810', '0.011353635', '0.002963114', '0.002836186', '0.012525514', '0.024775654', '0.002830943', '0.002808398', '0.002718422', '0.010245406', '0.002636980', '0.029229302', '0.009464125', '0.002963114', '0.011235612', '0.002864962', '0.002673194', '0.031420693', '0.002899701', '0.002988243', '0.012448757', '0.026026506', '0.002633736', '0.029174432', '0.002571665', '0.017405806', '0.002990768', '0.008445882', '0.002938807', '0.002830943', '0.013601790', '0.002896637', '0.002855115', '0.002885211', '0.002845787', '0.011570183', '0.002518794', '0.012538745', '0.002994873', '0.012836815', '0.032461803', '0.037380017', '0.002922957', '0.002714379', '0.002676787', '0.002501540', '0.002969140', '0.002683346', '0.002808435', '0.012319275', '0.019619528', '0.010928934', '0.012820142', '0.002988243', '0.002823291', '0.002683969', '0.002660533', '0.002782237', '0.010634149', '0.002407203', '0.002989744', '0.012493095', '0.002343706']" 
6 DIS Multiview 0.096 0.183 0.495 0.074 0.237 0.410 0.164 1120.0 11201.0 "[['0.003826268', '0.003670210', '0.003652876', '0.027317738', '0.003699731', '0.003504663', '0.003705558', '0.002264054', '0.014279135', '0.003310846', '0.003495186', '0.018768553', '0.003672895', '0.005579219', '0.017021408', '0.003692343', '0.008122833', '0.016061595', '0.014365065', '0.013489501', '0.018486151', '0.013759732', '0.003597259', '0.029529780', '0.012888364', '0.010554481', '0.016420346', '0.003598162', '0.003741855', '0.010910613', '0.003512214', '0.004477186', '0.017198930', '0.003588263', '0.018100776', '0.013285413', '0.003242227', '0.015621980', '0.008752684', '0.003531344', '0.009590687', '0.003405128', '0.003783588', '0.011340235', '0.048379246', '0.016212337', '0.003505428', '0.003424813', '0.003614872', '0.003470680', '0.012961356', '0.003523246', '0.003478172', '0.022045869', '0.017094823', '0.003908330', '0.010011682', '0.003816630', '0.014389947', '0.003710813', '0.005120886', '0.003884338', '0.003833843', '0.016174018', '0.017916543', '0.003337732', '0.003510594', '0.003631832', '0.004335480', '0.003668004', '0.005037657', '0.013508105', '0.013096005', '0.018669300', '0.013942702', '0.016924420', '0.003441084', '0.013323434', '0.003516564', '0.019839142', '0.016749175', '0.003465673', '0.008116307', '0.003683489', '0.017600121', '0.003754357', '0.018661298', '0.020826835', '0.017807290', '0.007143003', '0.003500264', '0.015272809', '0.018124441', '0.003783890', '0.047065500', '0.003644308', '0.003527591', '0.003412902', '0.003860873', '0.003322868'], ['0.019128261', '0.004998203', '0.009991969', '0.022393154', '0.017246563', '0.003026485', '0.003254578', '0.003900431', '0.015588606', '0.001414970', '0.002596143', '0.018133106', '0.002796244', '0.002682063', '0.005391221', '0.009250397', '0.002850152', '0.010932399', '0.007889708', '0.008020581', '0.004199767', '0.003139565', '0.003855527', '0.021724895', '0.003043388', '0.003885357', '0.003892566', '0.005102695', '0.003390476', '0.010347188', '0.002410805', '0.003108633', '0.042480316', '0.002939354', '0.015418300', '0.003345477', '0.003189150', '0.010790957', '0.002943974', '0.002928953', '0.003429460', '0.002692797', '0.009209488', '0.013079653', '0.050298430', '0.042001169', '0.002760528', '0.010175213', '0.009573476', '0.010261725', '0.003792730', '0.001565531', '0.005879917', '0.023298206', '0.014787073', '0.013686270', '0.007251558', '0.003076390', '0.002939075', '0.003539851', '0.010930262', '0.003271939', '0.012224645', '0.005245818', '0.017491061', '0.002852636', '0.003001783', '0.005425845', '0.003371283', '0.003153055', '0.008646827', '0.002944986', '0.002800634', '0.018956462', '0.003129452', '0.016018128', '0.002753313', '0.003025576', '0.002812294', '0.030849639', '0.005117470', '0.002815261', '0.011787736', '0.011928550', '0.003173492', '0.013850779', '0.021815181', '0.048289038', '0.019707400', '0.006782310', '0.002803290', '0.032155346', '0.017294900', '0.005356858', '0.049891278', '0.001925490', '0.002962888', '0.002730115', '0.010080727', '0.013705214'], ['0.020173803', '0.003315725', '0.013285789', '0.057035711', '0.018617496', '0.008458229', '0.011690825', '0.002261470', '0.003930235', '0.003111632', '0.007678468', '0.022255205', '0.003085725', '0.003109331', '0.017701710', '0.003598993', '0.003143958', '0.019979784', '0.009850319', '0.003271475', '0.018429326', '0.003115937', '0.003037869', '0.028510248', '0.014264245', '0.003442880', '0.018572001', '0.003281290', '0.008656461', '0.003537910', '0.002874288', '0.003264134', '0.025492433', '0.004546347', '0.018002840', '0.003499791', '0.002212130', '0.016198475', '0.002858706', '0.001560737', '0.005082661', '0.002252990', '0.013860682', '0.012520522', '0.027368680', '0.020139026', '0.003247840', '0.003232655', '0.013165844', '0.003181784', '0.010562997', '0.003173485', '0.003192788', '0.022147039', '0.007444149', '0.016010005', '0.004042036', '0.006076598', '0.002862241', '0.011304678', '0.003311690', '0.010639659', '0.009446938', '0.017912393', '0.003748078', '0.002808877', '0.012352959', '0.003390559', '0.012009059', '0.002801141', '0.003480952', '0.011820744', '0.003205685', '0.003805143', '0.006997022', '0.017468845', '0.008054621', '0.003113169', '0.003213588', '0.026969150', '0.003958324', '0.004223042', '0.003494795', '0.009036816', '0.017733568', '0.007455579', '0.003878769', '0.019431852', '0.004221188', '0.003726864', '0.005452989', '0.027124515', '0.004226868', '0.013380510', '0.046953984', '0.003263208', '0.011785473', '0.002946274', '0.014084043', '0.015288457'], ['0.019841878', '0.005861533', '0.003345170', '0.040903851', '0.018844076', '0.002295448', '0.008355943', '0.002949397', '0.015583690', '0.002306263', '0.003088695', '0.008741206', '0.009186574', '0.003046890', '0.015959734', '0.011715643', '0.002230765', '0.005521113', '0.005458609', '0.003050356', '0.017657734', '0.005129798', '0.003037128', '0.037773136', '0.003333778', '0.011721238', '0.017737258', '0.005619055', '0.006159262', '0.003273487', '0.005645530', '0.008068189', '0.038570028', '0.002524610', '0.004704500', '0.010000465', '0.002136831', '0.003547969', '0.002307287', '0.003602418', '0.002302473', '0.001798152', '0.003339211', '0.003959385', '0.031505678', '0.028896734', '0.008926926', '0.003122221', '0.003368789', '0.002637435', '0.003387831', '0.002719535', '0.002179326', '0.027739191', '0.015220363', '0.004287198', '0.002760276', '0.002084863', '0.001945694', '0.003134387', '0.003290428', '0.009077153', '0.003806320', '0.018178627', '0.017856078', '0.002776103', '0.003032283', '0.007799314', '0.011916761', '0.003190231', '0.010197273', '0.003117413', '0.002586974', '0.019351168', '0.002971869', '0.003693374', '0.003155767', '0.001766465', '0.004191795', '0.041890543', '0.004267153', '0.002842464', '0.003267238', '0.003139527', '0.017032731', '0.005583224', '0.021710802', '0.029674292', '0.016405571', '0.011959994', '0.003105668', '0.027110025', '0.018289546', '0.003027689', '0.054828599', '0.010559083', '0.003197660', '0.002946307', '0.003555289', '0.047499001']]" "['0.067582853', '0.317066163', '0.318972647', '0.296378314']"
6 DIS_inv View1 0.333 0.365 1.037 0.191 0.347 0.005 nan 1120.0 11201.0 "['0.011196221', '0.009040823', '0.008989465', '0.009440264', '0.008992475', '0.008881907', '0.009111334', '0.009365203', '0.009336237', '0.009302648', '0.009137342', '0.011939527', '0.011196221', '0.009336237', '0.009939033', '0.008980515', '0.009440264', '0.009844041', '0.009609578', '0.010374055', '0.011918620', '0.009802601', '0.011223963', '0.011587261', '0.009939033', '0.009464820', '0.009450132', '0.008912213', '0.009933651', '0.009606959', '0.008919933', '0.009346459', '0.009802601', '0.011229802', '0.011912681', '0.011587261', '0.009278042', '0.009611129', '0.009609578', '0.009053204', '0.009503582', '0.008979434', '0.009365203', '0.009321296', '0.009346459', '0.010229466', '0.008758258', '0.009570559', '0.008919933', '0.009570559', '0.009962501', '0.008919933', '0.009111334', '0.009450132', '0.013564528', '0.009278042', '0.009398784', '0.011306508', '0.011927480', '0.011196221', '0.009346459', '0.011287658', '0.009673588', '0.009302648', '0.009722464', '0.011153816', '0.008992475', '0.009365203', '0.009417364', '0.011306508', '0.011407436', '0.009939033', '0.010129421', '0.009367686', '0.009802601', '0.009802601', '0.009111334', '0.009802601', '0.009339000', '0.010374055', '0.012832456', '0.009000004', '0.009367686', '0.009361400', '0.010129421', '0.008992475', '0.009802601', '0.009939033', '0.009893349', '0.009296535', '0.008960508', '0.013218678', '0.010374055', '0.011306508', '0.009321296', '0.011266129', '0.011176107', '0.011180405', '0.011388643', '0.011225196']" 
6 DIS_inv View2 0.119 0.165 0.484 0.069 0.206 0.877 nan 1120.0 11201.0 "['0.015153729', '0.001017000', '0.016163798', '0.037197389', '0.001038123', '0.037178546', '0.037178546', '0.001038123', '0.001013452', '0.001004277', '0.038044065', '0.016166354', '0.001027077', '0.016108032', '0.007276959', '0.001014471', '0.016189681', '0.015586759', '0.001015345', '0.001015345', '0.016108032', '0.001014341', '0.012781969', '0.001018970', '0.007276959', '0.001015135', '0.001019087', '0.001051773', '0.038044065', '0.010998606', '0.010998606', '0.016106201', '0.014439519', '0.001027077', '0.016004724', '0.001022775', '0.016187208', '0.001017217', '0.001017764', '0.015526221', '0.016106201', '0.001037350', '0.040274009', '0.001017945', '0.000998240', '0.036589652', '0.001031658', '0.008301215', '0.016180687', '0.001010213', '0.015958456', '0.015493472', '0.016106201', '0.018874748', '0.001021512', '0.001030974', '0.012781969', '0.008301215', '0.001037863', '0.001012958', '0.001052788', '0.016138593', '0.007501437', '0.001015334', '0.001021019', '0.001019172', '0.001016998', '0.001017778', '0.007501437', '0.001018970', '0.001050199', '0.001036752', '0.007276959', '0.001038123', '0.001017945', '0.037178546', '0.001010873', '0.036165603', '0.001025650', '0.016210092', '0.001012487', '0.007501437', '0.001027077', '0.016042134', '0.028396863', '0.001012958', '0.038135201', '0.001037350', '0.009828510', '0.001019064', '0.006770521', '0.035082217', '0.010114327', '0.015737548', '0.001006445', '0.001018970', '0.006770521', '0.001010873', '0.001014483', '0.015876880']" 
6 DIS_inv View3 0.129 0.200 0.595 0.095 0.225 0.547 nan 1120.0 11201.0 "['0.002188065', '0.002106103', '0.014294405', '0.002152798', '0.002119336', '0.002121216', '0.002164087', '0.002119336', '0.002105535', '0.012346474', '0.014197644', '0.013381872', '0.022599483', '0.002105606', '0.014897306', '0.012002788', '0.051360153', '0.014325673', '0.002142647', '0.002092771', '0.002124332', '0.002117231', '0.002101060', '0.028069107', '0.002128459', '0.014927017', '0.014894464', '0.002119336', '0.002123764', '0.014956354', '0.002101060', '0.002105606', '0.014783316', '0.002280438', '0.002256220', '0.014490718', '0.002148230', '0.002136115', '0.046625234', '0.014927017', '0.014956294', '0.012346474', '0.013984899', '0.002142400', '0.013835810', '0.002247534', '0.002135114', '0.002239908', '0.002119024', '0.002153136', '0.046625234', '0.012586634', '0.014364395', '0.002139004', '0.002093791', '0.014781346', '0.002102738', '0.012586634', '0.002086911', '0.002149712', '0.002120291', '0.002151644', '0.013968207', '0.017681068', '0.012346474', '0.014272636', '0.020176591', '0.002126188', '0.014568982', '0.022599483', '0.014895796', '0.023447040', '0.002174473', '0.002119764', '0.014060844', '0.012501686', '0.002184566', '0.002249145', '0.023791805', '0.002115550', '0.002157145', '0.021328805', '0.002130193', '0.010519743', '0.002174473', '0.023791805', '0.014956294', '0.043422058', '0.002093901', '0.002091494', '0.013056678', '0.012346474', '0.017604129', '0.023791805', '0.002235858', '0.014223419', '0.002115550', '0.002266820', '0.002105396', '0.002120351']" 
6 DIS_inv View4 0.104 0.175 0.510 0.075 0.216 1.031 nan 1120.0 11201.0 "['0.018108245', '0.016160490', '0.026885562', '0.000829127', '0.000879362', '0.015663164', '0.021454807', '0.000832176', '0.000856905', '0.018118501', '0.024712682', '0.020874234', '0.000851791', '0.023122728', '0.000849167', '0.016024290', '0.000869596', '0.017119799', '0.016902469', '0.000856905', '0.024712682', '0.000837845', '0.000855953', '0.000848499', '0.000857076', '0.026444748', '0.000849138', '0.026186910', '0.000847969', '0.017326795', '0.017118905', '0.000855342', '0.017277775', '0.000867800', '0.000875444', '0.018102108', '0.016755996', '0.017241983', '0.027142262', '0.017715232', '0.018363733', '0.000853784', '0.000870529', '0.048268367', '0.000865645', '0.000838677', '0.000874282', '0.000856905', '0.000837845', '0.025980182', '0.026641022', '0.000848923', '0.036376800', '0.000868066', '0.026641022', '0.000857141', '0.000857141', '0.000842317', '0.000848956', '0.000871241', '0.016822007', '0.015412418', '0.016169269', '0.000871903', '0.000827770', '0.027395235', '0.017248403', '0.000843765', '0.000837452', '0.000849020', '0.000851185', '0.000839471', '0.000854868', '0.017737024', '0.000871903', '0.000823633', '0.026055507', '0.000836890', '0.000839351', '0.020874234', '0.000837801', '0.000856692', '0.026885562', '0.000860490', '0.000849918', '0.000865645', '0.018054061', '0.020874234', '0.018158600', '0.000848670', '0.000862102', '0.000851202', '0.015412418', '0.000871729', '0.016757540', '0.000845850', '0.017898627', '0.000848499', '0.017885240', '0.000858795']" 
6 DIS_inv Concatenated 0.070 0.175 0.461 0.064 0.239 0.866 nan 1120.0 11201.0 "['0.000928393', '0.011343040', '0.009860351', '0.018789705', '0.017438848', '0.019245353', '0.000907876', '0.000957296', '0.000940734', '0.000927793', '0.000917438', '0.018111698', '0.000913189', '0.022720683', '0.000936356', '0.000928630', '0.000928225', '0.000911317', '0.000962002', '0.000966433', '0.025409026', '0.017671974', '0.000939892', '0.018273598', '0.017365841', '0.018864805', '0.018895000', '0.018997541', '0.000953097', '0.000967448', '0.000920373', '0.000968406', '0.018864805', '0.000934913', '0.017167946', '0.043138243', '0.049616557', '0.019025855', '0.007432296', '0.000931170', '0.000930217', '0.009860351', '0.018224642', '0.016678488', '0.000936451', '0.016295258', '0.017242471', '0.000923412', '0.019368405', '0.000954924', '0.000931170', '0.007303093', '0.017536271', '0.000913973', '0.019578205', '0.000928576', '0.000933957', '0.011291976', '0.018722218', '0.000947026', '0.019367024', '0.000923623', '0.017671974', '0.000934614', '0.000944782', '0.000937646', '0.016678488', '0.012085169', '0.025378169', '0.000922956', '0.017575417', '0.017106865', '0.009046362', '0.000907084', '0.009929665', '0.000933917', '0.011841349', '0.019107729', '0.019182339', '0.000927096', '0.017424036', '0.018074624', '0.017259864', '0.000931055', '0.018129261', '0.000929440', '0.009648419', '0.029584760', '0.000971900', '0.010412797', '0.000933957', '0.049329553', '0.000914616', '0.000928225', '0.000920817', '0.000967245', '0.000901032', '0.000938421', '0.010024627', '0.000897904']" 
6 DIS_inv Multiview 0.111 0.187 0.518 0.079 0.234 0.192 0.335 1120.0 11201.0 "[['0.012578502', '0.003971666', '0.004741636', '0.006183918', '0.004437593', '0.004586693', '0.004179067', '0.004092826', '0.004294343', '0.004112500', '0.004382480', '0.017041052', '0.012496408', '0.004083599', '0.013349446', '0.003795261', '0.004189867', '0.005827677', '0.004374006', '0.005899211', '0.016740136', '0.005700348', '0.012585273', '0.013378179', '0.007823595', '0.004464698', '0.004954457', '0.003988300', '0.006973323', '0.004909229', '0.003919558', '0.004168508', '0.052053172', '0.012497067', '0.020264203', '0.012957560', '0.004008096', '0.004651734', '0.004442292', '0.003919848', '0.004199783', '0.003924815', '0.004409249', '0.004093756', '0.004772643', '0.041537095', '0.004297758', '0.004203376', '0.004545389', '0.012416367', '0.048127279', '0.004181098', '0.003979530', '0.004188050', '0.021705003', '0.006478547', '0.004200472', '0.012248362', '0.015459481', '0.012317323', '0.004573973', '0.013054071', '0.004140610', '0.007658526', '0.011078385', '0.005295584', '0.004116077', '0.004393791', '0.004494806', '0.011858895', '0.012291791', '0.005662780', '0.007528223', '0.005019650', '0.006518485', '0.030325152', '0.003895672', '0.049425293', '0.004251598', '0.013345945', '0.020765519', '0.003895496', '0.004627999', '0.003999672', '0.044851340', '0.004163851', '0.013516996', '0.015971603', '0.014846103', '0.004081902', '0.004134605', '0.022027289', '0.013295204', '0.008187797', '0.004339529', '0.010077742', '0.012101946', '0.003963484', '0.016054332', '0.011865539'], ['0.014563570', '0.005593266', '0.015338567', '0.027383965', '0.016392710', '0.011729683', '0.005247046', '0.005480859', '0.009862686', '0.005431643', '0.011144256', '0.017310377', '0.013634900', '0.005057028', '0.013145606', '0.015742818', '0.004846600', '0.005509901', '0.005409535', '0.005712501', '0.008959741', '0.005259176', '0.014088623', '0.015789937', '0.004476090', '0.008397651', '0.005821571', '0.007187617', '0.013224760', '0.011972710', '0.005370417', '0.004648723', '0.010327653', '0.013175260', '0.016910680', '0.012439066', '0.005397780', '0.005430084', '0.005113468', '0.004978823', '0.005166781', '0.005108688', '0.007798726', '0.005580164', '0.005954186', '0.008288564', '0.009284948', '0.010961310', '0.013557393', '0.035398461', '0.015500505', '0.008738690', '0.007578428', '0.007238258', '0.006862895', '0.017545959', '0.005578928', '0.013015207', '0.005337279', '0.013744043', '0.013697882', '0.009565598', '0.008924049', '0.012651078', '0.014879239', '0.004714232', '0.004944381', '0.007103820', '0.005541862', '0.013488386', '0.014104110', '0.005246772', '0.005170062', '0.014731761', '0.004782956', '0.024390947', '0.005023882', '0.005090473', '0.005618493', '0.014772670', '0.013261815', '0.005315651', '0.015340246', '0.008597283', '0.003004815', '0.013041275', '0.014091164', '0.008807117', '0.014851870', '0.005251164', '0.012292880', '0.006227150', '0.016522903', '0.005992327', '0.007079741', '0.012319311', '0.007150246', '0.004897993', '0.015708111', '0.014057553'], ['0.016483661', '0.003787890', '0.012626841', '0.013714907', '0.025134245', '0.012136552', '0.007410880', '0.004110551', '0.004047599', '0.003848446', '0.008876147', '0.015514308', '0.013387204', '0.003504650', '0.013836625', '0.011294432', '0.003834951', '0.009915051', '0.004333855', '0.004175330', '0.023986930', '0.002574790', '0.012973908', '0.015002788', '0.013739605', '0.004063919', '0.016223945', '0.004146072', '0.013972305', '0.005798589', '0.004170771', '0.004399811', '0.022693207', '0.014028490', '0.026873615', '0.008866702', '0.004097867', '0.007126756', '0.004255564', '0.004234341', '0.004299968', '0.004145023', '0.010667353', '0.004407757', '0.009729571', '0.030418027', '0.004126869', '0.003785119', '0.011578066', '0.004713754', '0.022599559', '0.003964006', '0.003717066', '0.004902258', '0.014394233', '0.014757602', '0.004315202', '0.010725624', '0.004722165', '0.014815789', '0.003618730', '0.016952895', '0.004659036', '0.014955396', '0.004520038', '0.004073179', '0.010415384', '0.004278229', '0.007275238', '0.007495874', '0.006627970', '0.004584293', '0.004036487', '0.004275394', '0.004602178', '0.022747474', '0.004562009', '0.016764017', '0.003740062', '0.015370782', '0.009984912', '0.004399006', '0.007396379', '0.004414238', '0.043322183', '0.004493505', '0.012287927', '0.027534189', '0.012303077', '0.004011092', '0.013567950', '0.005475429', '0.009017495', '0.013203466', '0.004684009', '0.003487174', '0.019782171', '0.003604490', '0.021865191', '0.017622354'], ['0.014505260', '0.007333171', '0.005122401', '0.015319928', '0.017147347', '0.005995912', '0.009316060', '0.004843758', '0.008709007', '0.006619910', '0.005162378', '0.008725474', '0.014447150', '0.004848588', '0.013406339', '0.017880326', '0.005383200', '0.005373130', '0.005252707', '0.005160514', '0.015631532', '0.010509606', '0.012314256', '0.014047599', '0.005194837', '0.011424574', '0.013254538', '0.008904892', '0.014060229', '0.005442788', '0.007971577', '0.008558279', '0.016581303', '0.013042863', '0.007499136', '0.014040207', '0.005101898', '0.004648914', '0.005309655', '0.006760539', '0.005332309', '0.008323341', '0.005389598', '0.004968662', '0.016015150', '0.018858200', '0.015526817', '0.004957673', '0.005649086', '0.039263152', '0.006322183', '0.011769608', '0.005447456', '0.005239127', '0.005992192', '0.013482087', '0.005423128', '0.012880716', '0.011100380', '0.012955694', '0.005290695', '0.014461545', '0.005485824', '0.014070219', '0.015766744', '0.005107732', '0.005131757', '0.008644458', '0.010639314', '0.013209859', '0.014173702', '0.004958130', '0.005313664', '0.012502136', '0.004906855', '0.005119869', '0.004459010', '0.016638154', '0.011028531', '0.013982311', '0.012897619', '0.005168481', '0.005089179', '0.004971333', '0.019424636', '0.007605149', '0.014625927', '0.015952874', '0.010844041', '0.005327766', '0.013121145', '0.014847369', '0.014024316', '0.005563447', '0.007932064', '0.015406717', '0.012807790', '0.004691380', '0.009790361', '0.013269573']]" "['0.044645827', '0.232870549', '0.540529072', '0.181954503']"
6 Cbound View1 0.273 0.342 0.897 0.157 0.372 0.489 nan 1120.0 1120.0 "['0.002738339', '0.002531939', '0.002520962', '0.004195692', '0.002520658', '0.002508048', '0.002537969', '0.002620457', '0.002668715', '0.002632231', '0.002542222', '0.022555230', '0.002738339', '0.002668715', '0.025811478', '0.002522275', '0.004195692', '0.010931642', '0.007012667', '0.025865596', '0.022542715', '0.009476713', '0.020556223', '0.022257106', '0.025811478', '0.002776687', '0.004649143', '0.002508018', '0.002576189', '0.007589110', '0.002511831', '0.002643823', '0.009476713', '0.020641223', '0.022528350', '0.022257106', '0.002576085', '0.007956817', '0.007012667', '0.002526839', '0.004258458', '0.002514569', '0.002620457', '0.002654287', '0.002643823', '0.027912105', '0.002496033', '0.002603236', '0.002511831', '0.002603236', '0.025787272', '0.002511831', '0.002537969', '0.004649143', '0.023203248', '0.002576085', '0.002703330', '0.021523427', '0.022540716', '0.002738339', '0.002643823', '0.021320432', '0.002621704', '0.002632231', '0.026527340', '0.002762260', '0.002520658', '0.002620457', '0.002641199', '0.021523427', '0.021779908', '0.025811478', '0.028283758', '0.002679871', '0.009476713', '0.009476713', '0.002537969', '0.009476713', '0.002565394', '0.025865596', '0.022961698', '0.002522437', '0.002679871', '0.002568362', '0.028283758', '0.002520658', '0.009476713', '0.025811478', '0.011375014', '0.002627859', '0.002514645', '0.023120422', '0.025865596', '0.021523427', '0.002654287', '0.021161852', '0.002695978', '0.002696973', '0.021715699', '0.020672571']" 
6 Cbound View2 0.085 0.178 0.577 0.072 0.212 1.647 nan 1120.0 1120.0 "['0.032608535', '0.000328680', '0.032214981', '0.034459487', '0.000343874', '0.009227926', '0.009227926', '0.000343874', '0.000327459', '0.000321645', '0.009667896', '0.031871740', '0.000345365', '0.031909902', '0.002853909', '0.000330204', '0.031935442', '0.032486323', '0.000328262', '0.000328262', '0.031909902', '0.000329324', '0.000345620', '0.000336306', '0.002853909', '0.000331468', '0.000334035', '0.000346435', '0.009667896', '0.000343436', '0.000343436', '0.032261513', '0.000341114', '0.000345365', '0.031827766', '0.000341620', '0.032056890', '0.000334345', '0.000336191', '0.031136362', '0.032261513', '0.000333359', '0.010666708', '0.000330946', '0.000319140', '0.033203915', '0.000345083', '0.003084675', '0.031915110', '0.000323079', '0.030827502', '0.030628333', '0.032261513', '0.032667886', '0.000334481', '0.000331075', '0.000345620', '0.003084675', '0.000345375', '0.000326912', '0.005939263', '0.031363726', '0.004495777', '0.000327170', '0.000339681', '0.000331727', '0.000329940', '0.000329037', '0.004495777', '0.000336306', '0.000348355', '0.000341649', '0.002853909', '0.000343874', '0.000330946', '0.009227926', '0.000322914', '0.033146422', '0.000334537', '0.032010131', '0.000326304', '0.004495777', '0.000345365', '0.032707389', '0.032963578', '0.000326912', '0.034579836', '0.000333359', '0.003604215', '0.000335162', '0.002806803', '0.009275804', '0.000346419', '0.032464102', '0.000321579', '0.000336306', '0.002806803', '0.000322914', '0.000327562', '0.031903252']" 
6 Cbound View3 0.143 0.205 0.661 0.099 0.212 1.426 nan 1120.0 1120.0 "['0.002885673', '0.000440885', '0.030550927', '0.001648242', '0.000445635', '0.000446934', '0.000483089', '0.000445635', '0.000440802', '0.004159040', '0.028612917', '0.000451470', '0.008015114', '0.000439233', '0.032154422', '0.005995813', '0.032531522', '0.028597767', '0.000460742', '0.000437948', '0.000451339', '0.000442273', '0.000439371', '0.032409336', '0.000442747', '0.031950228', '0.031843156', '0.000445635', '0.000449746', '0.031955030', '0.000439371', '0.000439233', '0.031928193', '0.003620318', '0.031709764', '0.030176705', '0.000469252', '0.000462517', '0.031591747', '0.031950228', '0.031958032', '0.004159040', '0.028914193', '0.000451922', '0.000461647', '0.031582341', '0.000461490', '0.000476965', '0.000445100', '0.000464518', '0.031591747', '0.004221763', '0.029183729', '0.000468329', '0.000437825', '0.031438813', '0.000439907', '0.004221763', '0.000437775', '0.000467462', '0.000451667', '0.000453109', '0.000471003', '0.000481771', '0.004159040', '0.029941617', '0.000484701', '0.000451917', '0.030313807', '0.008015114', '0.031794336', '0.007828991', '0.002659470', '0.000446169', '0.000468243', '0.000462842', '0.002939714', '0.000479064', '0.008168266', '0.000442674', '0.000467016', '0.031303942', '0.000452146', '0.003886483', '0.002659470', '0.008168266', '0.031958032', '0.031342573', '0.000437793', '0.000437752', '0.000452507', '0.004159040', '0.032196835', '0.008168266', '0.000477097', '0.030536583', '0.000442674', '0.005112745', '0.000439746', '0.000443137']" 
6 Cbound View4 0.095 0.177 0.584 0.075 0.205 1.736 nan 1120.0 1120.0 "['0.032442339', '0.003864850', '0.010349329', '0.000186533', '0.004660015', '0.000194311', '0.005168443', '0.000187194', '0.000188274', '0.034491587', '0.032731336', '0.005119851', '0.000189755', '0.008549850', '0.000188558', '0.000192932', '0.000194162', '0.033564590', '0.032344423', '0.000188274', '0.032731336', '0.000187103', '0.000188995', '0.003276065', '0.000189759', '0.007967009', '0.003906421', '0.008428569', '0.000192078', '0.033657547', '0.000188581', '0.000188892', '0.034364916', '0.000189571', '0.000193701', '0.033887077', '0.000190781', '0.033565670', '0.008660163', '0.033381600', '0.034319974', '0.000189599', '0.000189796', '0.032417350', '0.000189641', '0.000190148', '0.004607924', '0.000188274', '0.000187103', '0.031619009', '0.008871024', '0.000191239', '0.031270839', '0.000194016', '0.008871024', '0.000192756', '0.000192756', '0.000190349', '0.000187382', '0.000193612', '0.032746632', '0.004484463', '0.005303686', '0.005705241', '0.000186858', '0.032721538', '0.033291329', '0.000187878', '0.000189656', '0.000188015', '0.003814507', '0.000189503', '0.000190360', '0.033396464', '0.005705241', '0.000187182', '0.005691221', '0.000188565', '0.000191204', '0.005119851', '0.000190276', '0.031303246', '0.010349329', '0.000189810', '0.000187168', '0.000189641', '0.033909906', '0.005119851', '0.033945277', '0.003673530', '0.005177039', '0.000190754', '0.004484463', '0.000191570', '0.032861803', '0.002343280', '0.033805329', '0.003276065', '0.033754721', '0.000191292']" 
6 Cbound Concatenated 0.080 0.172 0.551 0.063 0.218 1.853 nan 1120.0 1120.0 "['0.000232017', '0.003869499', '0.003073776', '0.028596656', '0.000234709', '0.029739384', '0.000217706', '0.000229040', '0.000233331', '0.000228142', '0.000223991', '0.000233020', '0.000220914', '0.030392176', '0.000234532', '0.000226896', '0.000230724', '0.000220152', '0.030614872', '0.000237678', '0.030146627', '0.000237022', '0.000233392', '0.028584024', '0.028069429', '0.029945089', '0.029821439', '0.029129939', '0.002805744', '0.000232866', '0.000223324', '0.000237678', '0.029945089', '0.000231436', '0.028338114', '0.029844359', '0.029910078', '0.030127348', '0.002657164', '0.000230474', '0.000232505', '0.003073776', '0.029308718', '0.000229323', '0.000230514', '0.027912578', '0.029279999', '0.000229340', '0.030119987', '0.002967816', '0.000230474', '0.002862012', '0.028326502', '0.000222162', '0.030286698', '0.000225633', '0.000229019', '0.032637842', '0.029308807', '0.000226547', '0.030126829', '0.000223383', '0.000237022', '0.000229734', '0.002703819', '0.000234403', '0.000229323', '0.003055091', '0.029048942', '0.000224803', '0.028984174', '0.028235778', '0.007508948', '0.000223165', '0.003293274', '0.000231839', '0.029032316', '0.029413247', '0.029162247', '0.000226903', '0.000232279', '0.000234823', '0.000226809', '0.000229932', '0.000235479', '0.000227128', '0.003150398', '0.031921554', '0.000239709', '0.003079357', '0.000229019', '0.000227808', '0.000221760', '0.000230724', '0.000221896', '0.024323648', '0.000217277', '0.000236257', '0.002891871', '0.000216880']" 
6 Cbound Multiview 0.103 0.206 0.597 0.081 0.256 0.041 0.029 1120.0 1120.0 "[['0.007564887', '0.007403982', '0.007415096', '0.013320432', '0.007472211', '0.007382479', '0.007406569', '0.007140554', '0.012334135', '0.007355953', '0.007347146', '0.013226784', '0.007371511', '0.009287836', '0.013154020', '0.007415119', '0.011460257', '0.013135622', '0.013028651', '0.013000360', '0.013224958', '0.013026127', '0.007367912', '0.013357800', '0.012936589', '0.011991696', '0.013078546', '0.007417488', '0.007404429', '0.012513376', '0.007382558', '0.008049371', '0.013247659', '0.007361716', '0.013221122', '0.013038480', '0.007276965', '0.013114572', '0.011838812', '0.007365488', '0.011529919', '0.007359932', '0.007248784', '0.011344743', '0.010389463', '0.013255622', '0.007396892', '0.007292069', '0.007415015', '0.007355328', '0.012933570', '0.007390507', '0.007349257', '0.013301282', '0.013208481', '0.007368874', '0.011167860', '0.007413032', '0.013110861', '0.007401037', '0.009659314', '0.007391660', '0.007349147', '0.010076878', '0.013167209', '0.007287359', '0.007376206', '0.007231321', '0.007214998', '0.007308393', '0.013338889', '0.012910240', '0.012974340', '0.013016306', '0.013054390', '0.013176222', '0.007349147', '0.012994521', '0.007340754', '0.013290503', '0.013218795', '0.007359875', '0.011032348', '0.007379702', '0.013203495', '0.007455853', '0.013208793', '0.013183957', '0.013198144', '0.007292920', '0.007378628', '0.013246343', '0.013198431', '0.007303819', '0.013496713', '0.007345993', '0.007374503', '0.007352339', '0.007144535', '0.007445219'], ['0.012821627', '0.011534714', '0.012636990', '0.012888409', '0.012802152', '0.006964930', '0.006980497', '0.010118090', '0.012814313', '0.007009568', '0.006790241', '0.012835423', '0.006822536', '0.006908282', '0.007350203', '0.012623572', '0.006954643', '0.012715048', '0.012830990', '0.012541533', '0.007123214', '0.006995769', '0.011040914', '0.012891522', '0.007020822', '0.006856683', '0.007095748', '0.011939541', '0.007002023', '0.012705186', '0.006789212', '0.006999840', '0.013067507', '0.006937688', '0.012830056', '0.007028864', '0.009495775', '0.012767331', '0.006960896', '0.006949688', '0.006844582', '0.006922617', '0.012566761', '0.012786311', '0.009105004', '0.013155639', '0.006850939', '0.012640044', '0.012609380', '0.012718914', '0.006873785', '0.008116142', '0.011911132', '0.012883377', '0.012833714', '0.012753895', '0.011636151', '0.011348577', '0.006965302', '0.010256001', '0.012713398', '0.006998328', '0.012718290', '0.007160715', '0.012856641', '0.006959573', '0.006975752', '0.011740058', '0.006998207', '0.011184530', '0.012879554', '0.006824241', '0.006933419', '0.012858849', '0.007010135', '0.012829287', '0.006925638', '0.006983812', '0.006928006', '0.012933066', '0.012972319', '0.006926049', '0.012735670', '0.012730550', '0.007039451', '0.012852179', '0.012867323', '0.008061362', '0.012872557', '0.010224782', '0.006920822', '0.012981738', '0.012837844', '0.011088093', '0.013068551', '0.007904457', '0.006961430', '0.006930112', '0.012596783', '0.012796009'], ['0.012919866', '0.007047111', '0.012816134', '0.013167695', '0.012912804', '0.012480535', '0.012755974', '0.006868216', '0.007089665', '0.006988098', '0.012295933', '0.012922243', '0.006884453', '0.007026655', '0.012914643', '0.007050054', '0.007017721', '0.012947488', '0.012768026', '0.006974747', '0.012927387', '0.007074308', '0.006956907', '0.013004893', '0.012864892', '0.007054196', '0.012930313', '0.007018928', '0.012561622', '0.006998700', '0.006945072', '0.006939556', '0.013002348', '0.011233473', '0.012927776', '0.007048142', '0.006865412', '0.012907332', '0.006943089', '0.007187308', '0.009949365', '0.006886183', '0.012840708', '0.012808305', '0.012898834', '0.012980723', '0.007028371', '0.007042553', '0.012811332', '0.007044287', '0.012701001', '0.007026142', '0.007030575', '0.012956580', '0.007423441', '0.012835968', '0.006878945', '0.012397330', '0.006861859', '0.012765382', '0.007065877', '0.012680567', '0.012441454', '0.012869054', '0.007101750', '0.006953997', '0.012790904', '0.007015967', '0.012741252', '0.006917822', '0.007108693', '0.012711836', '0.007028557', '0.007113339', '0.012264985', '0.012922969', '0.012303756', '0.006909040', '0.007047150', '0.013002848', '0.007171042', '0.010084113', '0.007030109', '0.012392762', '0.012922060', '0.012532766', '0.007127155', '0.012924497', '0.007135081', '0.006951524', '0.011671572', '0.013020719', '0.007133284', '0.012827961', '0.013100049', '0.007042035', '0.012763434', '0.007002575', '0.012841837', '0.012926039'], ['0.013062048', '0.012631251', '0.007114030', '0.013200436', '0.013070977', '0.006928853', '0.012797019', '0.007064638', '0.013069878', '0.006914084', '0.007077340', '0.007629459', '0.012789499', '0.007071280', '0.013111961', '0.012960562', '0.006923550', '0.007312212', '0.007904014', '0.007066833', '0.013079909', '0.012754304', '0.007063810', '0.013190731', '0.007117031', '0.012953564', '0.013085335', '0.012582926', '0.012628998', '0.007093341', '0.012193327', '0.012665264', '0.013215141', '0.006956370', '0.007244932', '0.012951143', '0.006951212', '0.007157619', '0.006959725', '0.010372891', '0.006871458', '0.007801419', '0.007074906', '0.007174453', '0.013072217', '0.013172468', '0.012793846', '0.007082063', '0.007077971', '0.009748158', '0.007121511', '0.010656587', '0.006896118', '0.013170001', '0.013095906', '0.007019672', '0.006872966', '0.009491825', '0.009321754', '0.007023115', '0.007095942', '0.012852076', '0.006944065', '0.013048973', '0.013084842', '0.007030697', '0.007065224', '0.012779684', '0.012946337', '0.011307945', '0.013101040', '0.007062580', '0.007005572', '0.013125885', '0.007087755', '0.007175409', '0.007106034', '0.008409373', '0.012085357', '0.013208915', '0.013350701', '0.007038183', '0.007108567', '0.007082015', '0.013218441', '0.013245305', '0.013095045', '0.013099441', '0.013180327', '0.012811389', '0.007060503', '0.013162771', '0.013105896', '0.006970755', '0.013391086', '0.012890493', '0.007074513', '0.007067819', '0.007101508', '0.012965629']]" "['0.156398132', '0.282464355', '0.279134572', '0.282002926']"
6 C_TND View1 0.313 0.358 0.948 0.173 0.371 0.049 nan 1120.0 1120.0 "['0.012224252', '0.007277912', '0.007025305', '0.008556927', '0.006981241', '0.006855829', '0.007307182', '0.008098640', '0.008269439', '0.008141732', '0.007354538', '0.016329709', '0.012224252', '0.008269439', '0.009496425', '0.007137235', '0.008556927', '0.009669281', '0.008760078', '0.009945971', '0.015844587', '0.009537412', '0.013523742', '0.013022756', '0.009496425', '0.008495953', '0.008587988', '0.006759489', '0.007963433', '0.008767027', '0.006861215', '0.008196772', '0.009537412', '0.013490223', '0.016362561', '0.013022756', '0.007763291', '0.009120877', '0.008760078', '0.007082278', '0.008580617', '0.006808430', '0.008098640', '0.008223588', '0.008196772', '0.010242935', '0.006607696', '0.008084887', '0.006861215', '0.008084887', '0.009501083', '0.006861215', '0.007307182', '0.008587988', '0.022102291', '0.007763291', '0.008367899', '0.012881827', '0.016359882', '0.012224252', '0.008196772', '0.013733279', '0.008274340', '0.008141732', '0.009094919', '0.011563656', '0.006981241', '0.008098640', '0.008223755', '0.012881827', '0.015387332', '0.009496425', '0.010133576', '0.008307973', '0.009537412', '0.009537412', '0.007307182', '0.009537412', '0.007623984', '0.009945971', '0.028952170', '0.007056187', '0.008307973', '0.007664564', '0.010133576', '0.006981241', '0.009537412', '0.009496425', '0.009730189', '0.008122372', '0.006856725', '0.023382055', '0.009945971', '0.012881827', '0.008223588', '0.013692047', '0.012728456', '0.013255563', '0.015657529', '0.012964033']" 
6 C_TND View2 0.108 0.168 0.525 0.071 0.194 0.006 nan 1120.0 1120.0 "['0.010621564', '0.008912858', '0.011878803', '0.010914760', '0.009595012', '0.011258839', '0.011258839', '0.009595012', '0.008742298', '0.008160219', '0.011226316', '0.011419379', '0.009520384', '0.011546258', '0.010437498', '0.009303017', '0.012782038', '0.010906665', '0.008925964', '0.008925964', '0.011546258', '0.008885169', '0.009677798', '0.009262528', '0.010437498', '0.009022764', '0.009151234', '0.009584229', '0.011226316', '0.009633781', '0.009633781', '0.011926758', '0.010008208', '0.009520384', '0.011524753', '0.009444575', '0.011507519', '0.009179837', '0.009263996', '0.010882106', '0.011926758', '0.009268329', '0.011351365', '0.008989916', '0.007450596', '0.010253349', '0.009786352', '0.010481788', '0.011431827', '0.008344991', '0.010701939', '0.010479995', '0.011926758', '0.010570862', '0.009180530', '0.009128436', '0.009677798', '0.010481788', '0.009651719', '0.008700199', '0.010047099', '0.011272216', '0.010360206', '0.008930546', '0.009374713', '0.009027625', '0.008928357', '0.008987470', '0.010360206', '0.009262528', '0.009634889', '0.009526707', '0.010437498', '0.009595012', '0.008989916', '0.011258839', '0.008322429', '0.010636909', '0.009248642', '0.011483420', '0.008657428', '0.010360206', '0.009520384', '0.011181625', '0.010452067', '0.008700199', '0.011260842', '0.009268329', '0.010628299', '0.009261367', '0.010380334', '0.011199250', '0.009702143', '0.011059230', '0.008149115', '0.009262528', '0.010380334', '0.008322429', '0.008822503', '0.010709653']" 
6 C_TND View3 0.149 0.203 0.655 0.100 0.206 0.018 nan 1120.0 1120.0 "['0.009894362', '0.007934045', '0.010549422', '0.009657027', '0.008466452', '0.008560449', '0.009617665', '0.008466452', '0.007919648', '0.011116705', '0.009983352', '0.008863617', '0.011491640', '0.007633165', '0.011529529', '0.010430556', '0.010975156', '0.010093728', '0.009205855', '0.007137709', '0.008825118', '0.008101957', '0.007637801', '0.010433233', '0.008150822', '0.014643718', '0.014537433', '0.008466452', '0.008734193', '0.015804371', '0.007637801', '0.007633165', '0.012760635', '0.010665705', '0.009939182', '0.011404034', '0.009399059', '0.009219445', '0.010417441', '0.014643718', '0.015754096', '0.011116705', '0.009955305', '0.008862237', '0.009388131', '0.009915291', '0.009192527', '0.009626130', '0.008423957', '0.009291289', '0.010417441', '0.011138698', '0.010404404', '0.009360288', '0.007015954', '0.013982786', '0.007745796', '0.011138698', '0.006973390', '0.009358683', '0.008848929', '0.008918755', '0.009619986', '0.009708923', '0.011116705', '0.010287000', '0.009749647', '0.008848694', '0.011617515', '0.011491640', '0.014937134', '0.011807231', '0.009979973', '0.008504244', '0.009622441', '0.009340595', '0.010000939', '0.009663928', '0.011508689', '0.008193362', '0.009387955', '0.010417871', '0.008865932', '0.010903845', '0.009979973', '0.011508689', '0.015754096', '0.010223265', '0.006963648', '0.006784216', '0.008919396', '0.011116705', '0.011389584', '0.011508689', '0.009660582', '0.010522192', '0.008193362', '0.010573280', '0.007692370', '0.008224389']" 
6 C_TND View4 0.088 0.180 0.540 0.071 0.219 0.002 nan 1120.0 1120.0 "['0.010555497', '0.009951186', '0.010826942', '0.008657066', '0.010451969', '0.009956360', '0.010531688', '0.009004770', '0.009255388', '0.011465738', '0.010799759', '0.009973207', '0.009471797', '0.010671993', '0.009313798', '0.009840530', '0.009832339', '0.010675577', '0.010137731', '0.009255388', '0.010799759', '0.009014804', '0.009375541', '0.010100857', '0.009476100', '0.010745043', '0.010174868', '0.010133039', '0.009823591', '0.010738101', '0.009100514', '0.009324151', '0.011196213', '0.009450752', '0.009810805', '0.011002718', '0.009628925', '0.010696718', '0.010716344', '0.010510531', '0.011606313', '0.009452785', '0.009477868', '0.010189448', '0.009458730', '0.009512048', '0.010264233', '0.009255388', '0.009014804', '0.010109253', '0.010808271', '0.009620474', '0.010246001', '0.009861932', '0.010808271', '0.009780807', '0.009780807', '0.009549467', '0.009077629', '0.009809112', '0.010287657', '0.010282099', '0.010578974', '0.010331914', '0.008651399', '0.010877956', '0.010453726', '0.009104910', '0.009463002', '0.009232158', '0.010165252', '0.009430643', '0.009570315', '0.010499339', '0.010331914', '0.008413424', '0.010607182', '0.009288803', '0.009617184', '0.009973207', '0.009527002', '0.010070414', '0.010826942', '0.009478232', '0.008991542', '0.009458730', '0.011439594', '0.009973207', '0.011374705', '0.010104604', '0.010192622', '0.009592820', '0.010282099', '0.009680979', '0.010289588', '0.009936365', '0.010881988', '0.010100857', '0.010852293', '0.009652566']" 
6 C_TND Concatenated 0.083 0.173 0.512 0.066 0.215 0.007 nan 1120.0 1120.0 "['0.009597274', '0.010895954', '0.010777355', '0.011509490', '0.009712187', '0.012801279', '0.007586082', '0.009380638', '0.009628407', '0.009105726', '0.008792048', '0.009728715', '0.008351138', '0.011407686', '0.009560487', '0.009024539', '0.009628642', '0.008213056', '0.009861186', '0.009695780', '0.010742391', '0.009836724', '0.009438391', '0.011710603', '0.010233422', '0.010563359', '0.011280595', '0.012674317', '0.010031260', '0.009473852', '0.008689779', '0.009695780', '0.010563359', '0.009310190', '0.010540829', '0.010624141', '0.011072172', '0.010570584', '0.010446741', '0.009266957', '0.009534930', '0.010777355', '0.010233172', '0.009391580', '0.009446319', '0.010498047', '0.010611442', '0.009519369', '0.012034932', '0.010079004', '0.009266957', '0.010359609', '0.010098516', '0.008554297', '0.012655875', '0.008906836', '0.009151634', '0.010618215', '0.011893809', '0.009274824', '0.011990920', '0.008854130', '0.009836724', '0.009203510', '0.009906195', '0.009553540', '0.009391580', '0.010723945', '0.010624879', '0.008827153', '0.010396355', '0.010065636', '0.010514415', '0.008806652', '0.010830717', '0.009334882', '0.010760673', '0.012613323', '0.014245767', '0.009004941', '0.009783694', '0.010112323', '0.009495087', '0.009223450', '0.010159601', '0.009132457', '0.010594225', '0.010733301', '0.009673266', '0.010825603', '0.009151634', '0.009252319', '0.008490057', '0.009628642', '0.008484771', '0.010175769', '0.007394527', '0.009590328', '0.010483701', '0.007199526']" 
6 C_TND Multiview 0.081 0.175 0.542 0.068 0.224 0.346 0.489 1120.0 1120.0 "[['0.000062173', '0.000010910', '0.000009257', '0.000016332', '0.000008653', '0.000008975', '0.000011429', '0.000015181', '0.000011915', '0.000012565', '0.000008881', '0.355915517', '0.000065723', '0.000016958', '0.000018348', '0.000007955', '0.000022575', '0.000019930', '0.000027309', '0.000044363', '0.000063024', '0.000046186', '0.000093832', '0.000065807', '0.000061602', '0.000016916', '0.000032537', '0.000009402', '0.000014294', '0.000013560', '0.000009727', '0.000015539', '0.000031057', '0.000085622', '0.000421920', '0.000081001', '0.000014452', '0.000040827', '0.000020938', '0.000012431', '0.000021114', '0.000010233', '0.000018015', '0.000014816', '0.000018800', '0.000057259', '0.000009524', '0.000018073', '0.000009619', '0.000024974', '0.000040452', '0.000010742', '0.000010553', '0.000022889', '0.000108960', '0.000013885', '0.000016108', '0.000059167', '0.000080897', '0.000043023', '0.000017392', '0.000071519', '0.000022854', '0.000017784', '0.000025045', '0.000040916', '0.000012607', '0.000021487', '0.000024987', '0.000060862', '0.000078741', '0.000049107', '0.000055466', '0.000023771', '0.000053481', '0.000043472', '0.000021992', '0.000045320', '0.000016681', '0.000042075', '0.640460372', '0.000013983', '0.000018731', '0.000014996', '0.000067590', '0.000011593', '0.000054373', '0.000029955', '0.000045021', '0.000016249', '0.000012380', '0.000064149', '0.000048776', '0.000060111', '0.000019667', '0.000051801', '0.000054715', '0.000026359', '0.000063769', '0.000044993'], ['0.007663733', '0.010345572', '0.013276871', '0.011733444', '0.005702634', '0.017398933', '0.002867322', '0.011563733', '0.013445475', '0.010657190', '0.014158529', '0.000098866', '0.007040866', '0.012854112', '0.013691272', '0.013581144', '0.006493563', '0.001620754', '0.009990937', '0.012595608', '0.004639412', '0.009364977', '0.009879583', '0.012979113', '0.001269575', '0.013316518', '0.007343357', '0.010113230', '0.013815163', '0.017388580', '0.007822982', '0.003733492', '0.007637834', '0.013140321', '0.009590451', '0.015541331', '0.010913679', '0.007542938', '0.017609401', '0.007807775', '0.007775410', '0.006473304', '0.008502029', '0.010873660', '0.007671726', '0.006368187', '0.009656142', '0.016273523', '0.012565290', '0.013163845', '0.013749278', '0.009921292', '0.012585748', '0.012331543', '0.009394901', '0.004777367', '0.008812440', '0.009174740', '0.006162689', '0.002970512', '0.021080514', '0.012153016', '0.012881932', '0.010658320', '0.012836662', '0.003611139', '0.005296924', '0.008884444', '0.013258855', '0.011770830', '0.012953648', '0.009154507', '0.006678291', '0.012820151', '0.010126032', '0.012977597', '0.008952739', '0.004792779', '0.008847779', '0.014281256', '0.000033290', '0.011323770', '0.011497457', '0.016083047', '0.002886516', '0.018552357', '0.010343897', '0.007943972', '0.015212906', '0.009167149', '0.011060680', '0.008786554', '0.013154053', '0.008189639', '0.009247164', '0.010162065', '0.007033628', '0.012332863', '0.008657605', '0.006880008'], ['0.014712264', '0.002675456', '0.013382350', '0.010423470', '0.013939642', '0.012167528', '0.012943532', '0.006786292', '0.002648929', '0.005587474', '0.010467814', '0.000124649', '0.006414273', '0.001923328', '0.008515520', '0.004856345', '0.007612979', '0.038384110', '0.006966700', '0.008232340', '0.015909174', '0.000598964', '0.011394243', '0.004617405', '0.025625363', '0.003171959', '0.018844841', '0.003886967', '0.007525507', '0.008792251', '0.003513210', '0.008505820', '0.011648384', '0.009653823', '0.010936118', '0.003862466', '0.005060471', '0.020871477', '0.008295136', '0.004738289', '0.009125182', '0.002512857', '0.019902654', '0.014356984', '0.007719235', '0.010581167', '0.002646843', '0.006222147', '0.011863357', '0.001526804', '0.013086713', '0.002419338', '0.002699937', '0.013666159', '0.011223666', '0.036448516', '0.009626958', '0.008345671', '0.007236285', '0.035146423', '0.003177055', '0.008114804', '0.007679670', '0.010254203', '0.002424576', '0.012047887', '0.023774151', '0.003195817', '0.007207796', '0.002677581', '0.002429941', '0.015991125', '0.015232700', '0.004008352', '0.016996926', '0.017117469', '0.017829709', '0.015217736', '0.002664795', '0.009241691', '0.000039608', '0.009117049', '0.020471962', '0.008719280', '0.016651774', '0.002864181', '0.003350992', '0.010276973', '0.011664916', '0.002210622', '0.008898608', '0.009203727', '0.003570647', '0.021669114', '0.008323825', '0.001837232', '0.021828493', '0.002585337', '0.016854879', '0.020003058'], ['0.010532026', '0.014657383', '0.004253158', '0.010895633', '0.012514486', '0.002611678', '0.014031627', '0.008809081', '0.014183714', '0.011679319', '0.006793637', '0.000081690', '0.015677039', '0.011426377', '0.009292946', '0.012993779', '0.013621828', '0.001306162', '0.011901815', '0.008620397', '0.011734993', '0.017180305', '0.006438363', '0.014092044', '0.004121717', '0.014045250', '0.007573265', '0.014883671', '0.009598156', '0.005840899', '0.017486438', '0.016512891', '0.012277712', '0.006549285', '0.008733450', '0.011679866', '0.010787058', '0.002083192', '0.003515183', '0.014911503', '0.011474363', '0.021292085', '0.004588400', '0.003943953', '0.017046625', '0.014766137', '0.018315326', '0.005759961', '0.006560785', '0.018946849', '0.003656453', '0.016793735', '0.012344710', '0.004172237', '0.009539537', '0.002142329', '0.011277732', '0.011180185', '0.014504415', '0.001568678', '0.006462397', '0.009646019', '0.009119885', '0.010733093', '0.015578122', '0.011718729', '0.004335265', '0.017371614', '0.011413804', '0.015316262', '0.014303190', '0.002844723', '0.007571349', '0.013136414', '0.002029402', '0.001994985', '0.001078093', '0.010530896', '0.019605329', '0.009961502', '0.000031765', '0.007960915', '0.001188801', '0.003116000', '0.011063357', '0.009930301', '0.019017013', '0.015556123', '0.004737739', '0.016300572', '0.011537033', '0.013492905', '0.014613027', '0.002939099', '0.012005592', '0.020742092', '0.004319323', '0.007470527', '0.006766592', '0.006656558']]" "['0.016192617', '0.370887130', '0.260801226', '0.352118999']"
7 Uniform View1 0.331 0.352 0.815 0.198 0.308 0.000 nan 1120.0 1120.0 "['0.010000000', '0.010000000', '0.010000000', '0.010000000', '0.010000000', '0.010000000', '0.010000000', '0.010000000', '0.010000000', '0.010000000', '0.010000000', '0.010000000', '0.010000000', '0.010000000', '0.010000000', '0.010000000', '0.010000000', '0.010000000', '0.010000000', '0.010000000', '0.010000000', '0.010000000', '0.010000000', '0.010000000', '0.010000000', '0.010000000', '0.010000000', '0.010000000', '0.010000000', '0.010000000', '0.010000000', '0.010000000', '0.010000000', '0.010000000', '0.010000000', '0.010000000', '0.010000000', '0.010000000', '0.010000000', '0.010000000', '0.010000000', '0.010000000', '0.010000000', '0.010000000', '0.010000000', '0.010000000', '0.010000000', '0.010000000', '0.010000000', '0.010000000', '0.010000000', '0.010000000', '0.010000000', '0.010000000', '0.010000000', '0.010000000', '0.010000000', '0.010000000', '0.010000000', '0.010000000', '0.010000000', '0.010000000', '0.010000000', '0.010000000', '0.010000000', '0.010000000', '0.010000000', '0.010000000', '0.010000000', '0.010000000', '0.010000000', '0.010000000', '0.010000000', '0.010000000', '0.010000000', '0.010000000', '0.010000000', '0.010000000', '0.010000000', '0.010000000', '0.010000000', '0.010000000', '0.010000000', '0.010000000', '0.010000000', '0.010000000', '0.010000000', '0.010000000', '0.010000000', '0.010000000', '0.010000000', '0.010000000', '0.010000000', '0.010000000', '0.010000000', '0.010000000', '0.010000000', '0.010000000', '0.010000000', '0.010000000']" 
7 Uniform View2 0.127 0.173 0.437 0.080 0.185 0.000 nan 1120.0 1120.0 "['0.010000000', '0.010000000', '0.010000000', '0.010000000', '0.010000000', '0.010000000', '0.010000000', '0.010000000', '0.010000000', '0.010000000', '0.010000000', '0.010000000', '0.010000000', '0.010000000', '0.010000000', '0.010000000', '0.010000000', '0.010000000', '0.010000000', '0.010000000', '0.010000000', '0.010000000', '0.010000000', '0.010000000', '0.010000000', '0.010000000', '0.010000000', '0.010000000', '0.010000000', '0.010000000', '0.010000000', '0.010000000', '0.010000000', '0.010000000', '0.010000000', '0.010000000', '0.010000000', '0.010000000', '0.010000000', '0.010000000', '0.010000000', '0.010000000', '0.010000000', '0.010000000', '0.010000000', '0.010000000', '0.010000000', '0.010000000', '0.010000000', '0.010000000', '0.010000000', '0.010000000', '0.010000000', '0.010000000', '0.010000000', '0.010000000', '0.010000000', '0.010000000', '0.010000000', '0.010000000', '0.010000000', '0.010000000', '0.010000000', '0.010000000', '0.010000000', '0.010000000', '0.010000000', '0.010000000', '0.010000000', '0.010000000', '0.010000000', '0.010000000', '0.010000000', '0.010000000', '0.010000000', '0.010000000', '0.010000000', '0.010000000', '0.010000000', '0.010000000', '0.010000000', '0.010000000', '0.010000000', '0.010000000', '0.010000000', '0.010000000', '0.010000000', '0.010000000', '0.010000000', '0.010000000', '0.010000000', '0.010000000', '0.010000000', '0.010000000', '0.010000000', '0.010000000', '0.010000000', '0.010000000', '0.010000000', '0.010000000']" 
7 Uniform View3 0.181 0.200 0.496 0.108 0.184 0.000 nan 1120.0 1120.0 "['0.010000000', '0.010000000', '0.010000000', '0.010000000', '0.010000000', '0.010000000', '0.010000000', '0.010000000', '0.010000000', '0.010000000', '0.010000000', '0.010000000', '0.010000000', '0.010000000', '0.010000000', '0.010000000', '0.010000000', '0.010000000', '0.010000000', '0.010000000', '0.010000000', '0.010000000', '0.010000000', '0.010000000', '0.010000000', '0.010000000', '0.010000000', '0.010000000', '0.010000000', '0.010000000', '0.010000000', '0.010000000', '0.010000000', '0.010000000', '0.010000000', '0.010000000', '0.010000000', '0.010000000', '0.010000000', '0.010000000', '0.010000000', '0.010000000', '0.010000000', '0.010000000', '0.010000000', '0.010000000', '0.010000000', '0.010000000', '0.010000000', '0.010000000', '0.010000000', '0.010000000', '0.010000000', '0.010000000', '0.010000000', '0.010000000', '0.010000000', '0.010000000', '0.010000000', '0.010000000', '0.010000000', '0.010000000', '0.010000000', '0.010000000', '0.010000000', '0.010000000', '0.010000000', '0.010000000', '0.010000000', '0.010000000', '0.010000000', '0.010000000', '0.010000000', '0.010000000', '0.010000000', '0.010000000', '0.010000000', '0.010000000', '0.010000000', '0.010000000', '0.010000000', '0.010000000', '0.010000000', '0.010000000', '0.010000000', '0.010000000', '0.010000000', '0.010000000', '0.010000000', '0.010000000', '0.010000000', '0.010000000', '0.010000000', '0.010000000', '0.010000000', '0.010000000', '0.010000000', '0.010000000', '0.010000000', '0.010000000']" 
7 Uniform View4 0.108 0.184 0.462 0.078 0.212 0.000 nan 1120.0 1120.0 "['0.010000000', '0.010000000', '0.010000000', '0.010000000', '0.010000000', '0.010000000', '0.010000000', '0.010000000', '0.010000000', '0.010000000', '0.010000000', '0.010000000', '0.010000000', '0.010000000', '0.010000000', '0.010000000', '0.010000000', '0.010000000', '0.010000000', '0.010000000', '0.010000000', '0.010000000', '0.010000000', '0.010000000', '0.010000000', '0.010000000', '0.010000000', '0.010000000', '0.010000000', '0.010000000', '0.010000000', '0.010000000', '0.010000000', '0.010000000', '0.010000000', '0.010000000', '0.010000000', '0.010000000', '0.010000000', '0.010000000', '0.010000000', '0.010000000', '0.010000000', '0.010000000', '0.010000000', '0.010000000', '0.010000000', '0.010000000', '0.010000000', '0.010000000', '0.010000000', '0.010000000', '0.010000000', '0.010000000', '0.010000000', '0.010000000', '0.010000000', '0.010000000', '0.010000000', '0.010000000', '0.010000000', '0.010000000', '0.010000000', '0.010000000', '0.010000000', '0.010000000', '0.010000000', '0.010000000', '0.010000000', '0.010000000', '0.010000000', '0.010000000', '0.010000000', '0.010000000', '0.010000000', '0.010000000', '0.010000000', '0.010000000', '0.010000000', '0.010000000', '0.010000000', '0.010000000', '0.010000000', '0.010000000', '0.010000000', '0.010000000', '0.010000000', '0.010000000', '0.010000000', '0.010000000', '0.010000000', '0.010000000', '0.010000000', '0.010000000', '0.010000000', '0.010000000', '0.010000000', '0.010000000', '0.010000000', '0.010000000']" 
7 Uniform Concatenated 0.098 0.179 0.451 0.070 0.218 0.000 nan 1120.0 1120.0 "['0.010000000', '0.010000000', '0.010000000', '0.010000000', '0.010000000', '0.010000000', '0.010000000', '0.010000000', '0.010000000', '0.010000000', '0.010000000', '0.010000000', '0.010000000', '0.010000000', '0.010000000', '0.010000000', '0.010000000', '0.010000000', '0.010000000', '0.010000000', '0.010000000', '0.010000000', '0.010000000', '0.010000000', '0.010000000', '0.010000000', '0.010000000', '0.010000000', '0.010000000', '0.010000000', '0.010000000', '0.010000000', '0.010000000', '0.010000000', '0.010000000', '0.010000000', '0.010000000', '0.010000000', '0.010000000', '0.010000000', '0.010000000', '0.010000000', '0.010000000', '0.010000000', '0.010000000', '0.010000000', '0.010000000', '0.010000000', '0.010000000', '0.010000000', '0.010000000', '0.010000000', '0.010000000', '0.010000000', '0.010000000', '0.010000000', '0.010000000', '0.010000000', '0.010000000', '0.010000000', '0.010000000', '0.010000000', '0.010000000', '0.010000000', '0.010000000', '0.010000000', '0.010000000', '0.010000000', '0.010000000', '0.010000000', '0.010000000', '0.010000000', '0.010000000', '0.010000000', '0.010000000', '0.010000000', '0.010000000', '0.010000000', '0.010000000', '0.010000000', '0.010000000', '0.010000000', '0.010000000', '0.010000000', '0.010000000', '0.010000000', '0.010000000', '0.010000000', '0.010000000', '0.010000000', '0.010000000', '0.010000000', '0.010000000', '0.010000000', '0.010000000', '0.010000000', '0.010000000', '0.010000000', '0.010000000', '0.010000000']" 
7 Uniform Multiview 0.133 0.229 0.557 0.090 0.279 0.000 0.000 1120.0 1120.0 "[['0.010000000', '0.010000000', '0.010000000', '0.010000000', '0.010000000', '0.010000000', '0.010000000', '0.010000000', '0.010000000', '0.010000000', '0.010000000', '0.010000000', '0.010000000', '0.010000000', '0.010000000', '0.010000000', '0.010000000', '0.010000000', '0.010000000', '0.010000000', '0.010000000', '0.010000000', '0.010000000', '0.010000000', '0.010000000', '0.010000000', '0.010000000', '0.010000000', '0.010000000', '0.010000000', '0.010000000', '0.010000000', '0.010000000', '0.010000000', '0.010000000', '0.010000000', '0.010000000', '0.010000000', '0.010000000', '0.010000000', '0.010000000', '0.010000000', '0.010000000', '0.010000000', '0.010000000', '0.010000000', '0.010000000', '0.010000000', '0.010000000', '0.010000000', '0.010000000', '0.010000000', '0.010000000', '0.010000000', '0.010000000', '0.010000000', '0.010000000', '0.010000000', '0.010000000', '0.010000000', '0.010000000', '0.010000000', '0.010000000', '0.010000000', '0.010000000', '0.010000000', '0.010000000', '0.010000000', '0.010000000', '0.010000000', '0.010000000', '0.010000000', '0.010000000', '0.010000000', '0.010000000', '0.010000000', '0.010000000', '0.010000000', '0.010000000', '0.010000000', '0.010000000', '0.010000000', '0.010000000', '0.010000000', '0.010000000', '0.010000000', '0.010000000', '0.010000000', '0.010000000', '0.010000000', '0.010000000', '0.010000000', '0.010000000', '0.010000000', '0.010000000', '0.010000000', '0.010000000', '0.010000000', '0.010000000', '0.010000000'], ['0.010000000', '0.010000000', '0.010000000', '0.010000000', '0.010000000', '0.010000000', '0.010000000', '0.010000000', '0.010000000', '0.010000000', '0.010000000', '0.010000000', '0.010000000', '0.010000000', '0.010000000', '0.010000000', '0.010000000', '0.010000000', '0.010000000', '0.010000000', '0.010000000', '0.010000000', '0.010000000', '0.010000000', '0.010000000', '0.010000000', '0.010000000', '0.010000000', '0.010000000', '0.010000000', '0.010000000', '0.010000000', '0.010000000', '0.010000000', '0.010000000', '0.010000000', '0.010000000', '0.010000000', '0.010000000', '0.010000000', '0.010000000', '0.010000000', '0.010000000', '0.010000000', '0.010000000', '0.010000000', '0.010000000', '0.010000000', '0.010000000', '0.010000000', '0.010000000', '0.010000000', '0.010000000', '0.010000000', '0.010000000', '0.010000000', '0.010000000', '0.010000000', '0.010000000', '0.010000000', '0.010000000', '0.010000000', '0.010000000', '0.010000000', '0.010000000', '0.010000000', '0.010000000', '0.010000000', '0.010000000', '0.010000000', '0.010000000', '0.010000000', '0.010000000', '0.010000000', '0.010000000', '0.010000000', '0.010000000', '0.010000000', '0.010000000', '0.010000000', '0.010000000', '0.010000000', '0.010000000', '0.010000000', '0.010000000', '0.010000000', '0.010000000', '0.010000000', '0.010000000', '0.010000000', '0.010000000', '0.010000000', '0.010000000', '0.010000000', '0.010000000', '0.010000000', '0.010000000', '0.010000000', '0.010000000', '0.010000000'], ['0.010000000', '0.010000000', '0.010000000', '0.010000000', '0.010000000', '0.010000000', '0.010000000', '0.010000000', '0.010000000', '0.010000000', '0.010000000', '0.010000000', '0.010000000', '0.010000000', '0.010000000', '0.010000000', '0.010000000', '0.010000000', '0.010000000', '0.010000000', '0.010000000', '0.010000000', '0.010000000', '0.010000000', '0.010000000', '0.010000000', '0.010000000', '0.010000000', '0.010000000', '0.010000000', '0.010000000', '0.010000000', '0.010000000', '0.010000000', '0.010000000', '0.010000000', '0.010000000', '0.010000000', '0.010000000', '0.010000000', '0.010000000', '0.010000000', '0.010000000', '0.010000000', '0.010000000', '0.010000000', '0.010000000', '0.010000000', '0.010000000', '0.010000000', '0.010000000', '0.010000000', '0.010000000', '0.010000000', '0.010000000', '0.010000000', '0.010000000', '0.010000000', '0.010000000', '0.010000000', '0.010000000', '0.010000000', '0.010000000', '0.010000000', '0.010000000', '0.010000000', '0.010000000', '0.010000000', '0.010000000', '0.010000000', '0.010000000', '0.010000000', '0.010000000', '0.010000000', '0.010000000', '0.010000000', '0.010000000', '0.010000000', '0.010000000', '0.010000000', '0.010000000', '0.010000000', '0.010000000', '0.010000000', '0.010000000', '0.010000000', '0.010000000', '0.010000000', '0.010000000', '0.010000000', '0.010000000', '0.010000000', '0.010000000', '0.010000000', '0.010000000', '0.010000000', '0.010000000', '0.010000000', '0.010000000', '0.010000000'], ['0.010000000', '0.010000000', '0.010000000', '0.010000000', '0.010000000', '0.010000000', '0.010000000', '0.010000000', '0.010000000', '0.010000000', '0.010000000', '0.010000000', '0.010000000', '0.010000000', '0.010000000', '0.010000000', '0.010000000', '0.010000000', '0.010000000', '0.010000000', '0.010000000', '0.010000000', '0.010000000', '0.010000000', '0.010000000', '0.010000000', '0.010000000', '0.010000000', '0.010000000', '0.010000000', '0.010000000', '0.010000000', '0.010000000', '0.010000000', '0.010000000', '0.010000000', '0.010000000', '0.010000000', '0.010000000', '0.010000000', '0.010000000', '0.010000000', '0.010000000', '0.010000000', '0.010000000', '0.010000000', '0.010000000', '0.010000000', '0.010000000', '0.010000000', '0.010000000', '0.010000000', '0.010000000', '0.010000000', '0.010000000', '0.010000000', '0.010000000', '0.010000000', '0.010000000', '0.010000000', '0.010000000', '0.010000000', '0.010000000', '0.010000000', '0.010000000', '0.010000000', '0.010000000', '0.010000000', '0.010000000', '0.010000000', '0.010000000', '0.010000000', '0.010000000', '0.010000000', '0.010000000', '0.010000000', '0.010000000', '0.010000000', '0.010000000', '0.010000000', '0.010000000', '0.010000000', '0.010000000', '0.010000000', '0.010000000', '0.010000000', '0.010000000', '0.010000000', '0.010000000', '0.010000000', '0.010000000', '0.010000000', '0.010000000', '0.010000000', '0.010000000', '0.010000000', '0.010000000', '0.010000000', '0.010000000', '0.010000000']]" "['0.250000000', '0.250000000', '0.250000000', '0.250000000']"
7 PBkl View1 0.312 0.314 0.738 0.188 0.251 0.429 nan 1120.0 1120.0 "['0.002562250', '0.002561142', '0.002563162', '0.024294969', '0.002561631', '0.002690814', '0.002560835', '0.017576905', '0.006384992', '0.002615566', '0.002561640', '0.014938217', '0.002561240', '0.015674505', '0.011588488', '0.002600970', '0.008478776', '0.023196574', '0.020456353', '0.015674505', '0.013749313', '0.008478776', '0.005673001', '0.013749313', '0.006384992', '0.002561640', '0.022604294', '0.003687185', '0.013749313', '0.005041342', '0.002573700', '0.021118701', '0.002575585', '0.020456353', '0.002563499', '0.002564824', '0.022604294', '0.020456353', '0.002560882', '0.013333622', '0.002562250', '0.002561535', '0.014552463', '0.013749313', '0.002561120', '0.024314061', '0.002636817', '0.002561295', '0.004537944', '0.002561731', '0.002636817', '0.005673001', '0.017292060', '0.002564708', '0.002562380', '0.002562808', '0.021235310', '0.011588488', '0.002564503', '0.017576905', '0.023327531', '0.002690814', '0.002561535', '0.022604294', '0.002586661', '0.002561295', '0.002569369', '0.002562514', '0.022539590', '0.013749313', '0.002560908', '0.002561142', '0.002615566', '0.019632014', '0.023196574', '0.002561535', '0.024275525', '0.002562250', '0.002561250', '0.002561535', '0.023150446', '0.018358512', '0.003687185', '0.002560835', '0.021118701', '0.021118701', '0.024235532', '0.002562250', '0.002568272', '0.017576905', '0.002566472', '0.002586661', '0.024235532', '0.002562284', '0.022539590', '0.020456353', '0.002561142', '0.016994491', '0.024235532', '0.012037393']" 
7 PBkl View2 0.143 0.151 0.399 0.106 0.091 1.384 nan 1120.0 1120.0 "['0.082431071', '0.046673875', '0.000824784', '0.000690271', '0.000666453', '0.002758886', '0.002337129', '0.075668007', '0.001280757', '0.003950192', '0.000690271', '0.001212373', '0.000786750', '0.000923635', '0.001212373', '0.079379708', '0.001047045', '0.000654560', '0.000923635', '0.000670783', '0.001047045', '0.001738973', '0.002337129', '0.000682337', '0.001237674', '0.000670783', '0.002758886', '0.000749651', '0.000725664', '0.004782753', '0.000923635', '0.005829849', '0.046673875', '0.000740576', '0.004782753', '0.001738973', '0.000674137', '0.002758886', '0.000657799', '0.000803949', '0.029285673', '0.007145338', '0.008791742', '0.002758886', '0.079379708', '0.007145338', '0.001177297', '0.001738973', '0.007145338', '0.001738973', '0.053040802', '0.000674137', '0.000882576', '0.000672408', '0.053040802', '0.003287461', '0.008791742', '0.005829849', '0.001280757', '0.000704506', '0.002337129', '0.000663945', '0.079379708', '0.001178831', '0.001536875', '0.007145338', '0.003287461', '0.001136717', '0.075668007', '0.002758886', '0.000977023', '0.002758886', '0.000674137', '0.010838675', '0.000651822', '0.000760127', '0.000713944', '0.000923635', '0.053040802', '0.000693372', '0.007145338', '0.001237674', '0.003950192', '0.046673875', '0.000923635', '0.000732647', '0.007145338', '0.000803949', '0.002337129', '0.002337129', '0.001738973', '0.003287461', '0.000772344', '0.000652466', '0.001212373', '0.000882576', '0.000677955', '0.005829849', '0.001536875', '0.001386743']" 
7 PBkl View3 0.176 0.182 0.461 0.111 0.144 0.442 nan 1120.0 1120.0 "['0.004790659', '0.018422145', '0.019022573', '0.003675133', '0.018937802', '0.019022573', '0.016069276', '0.001335257', '0.015416615', '0.001852690', '0.017003499', '0.001871665', '0.001747312', '0.001674668', '0.001892516', '0.018422145', '0.001674668', '0.012767961', '0.003675133', '0.019022573', '0.016069276', '0.015416615', '0.014057139', '0.001763689', '0.015023273', '0.014057139', '0.014573762', '0.018937802', '0.011030044', '0.007430733', '0.001690157', '0.019022573', '0.015416615', '0.011030044', '0.001887524', '0.018084643', '0.018084643', '0.001589575', '0.001830610', '0.011030044', '0.011963301', '0.001886732', '0.001809029', '0.015416615', '0.018084643', '0.018740101', '0.017496455', '0.016069276', '0.001335257', '0.001867681', '0.001589575', '0.001871665', '0.018422145', '0.013460304', '0.001875260', '0.016341994', '0.015023273', '0.015762797', '0.001881504', '0.018177850', '0.018177850', '0.001794920', '0.001866257', '0.001335257', '0.018264757', '0.018346006', '0.001799933', '0.014057139', '0.018084643', '0.018422145', '0.004790659', '0.001892516', '0.015416615', '0.001863248', '0.012767961', '0.014573762', '0.014573762', '0.013460304', '0.001804626', '0.001727750', '0.001804626', '0.012767961', '0.001864780', '0.018346006', '0.015762797', '0.001799933', '0.001852690', '0.001335257', '0.017183218', '0.001830610', '0.009957030', '0.016341994', '0.001892516', '0.001727750', '0.001888294', '0.018264757', '0.011030044', '0.014057139', '0.018084643', '0.001789553']" 
7 PBkl View4 0.116 0.177 0.446 0.082 0.189 0.172 nan 1120.0 1120.0 "['0.004715681', '0.004778923', '0.004766934', '0.016890155', '0.004756590', '0.004808472', '0.016890155', '0.016595308', '0.004778923', '0.004782227', '0.016962662', '0.004028629', '0.004576892', '0.016909918', '0.004762049', '0.004438680', '0.015671538', '0.015671538', '0.015671538', '0.015270926', '0.004795203', '0.013583910', '0.004778923', '0.004762049', '0.015823366', '0.014999124', '0.016962662', '0.004775307', '0.016890155', '0.014201861', '0.014201861', '0.004726378', '0.011291886', '0.004521532', '0.004715681', '0.014201861', '0.015270926', '0.004726378', '0.014999124', '0.013583910', '0.004795203', '0.016869137', '0.004646217', '0.016928524', '0.004301155', '0.014999124', '0.016909918', '0.004766934', '0.015270926', '0.004762049', '0.004521532', '0.015270926', '0.004576892', '0.015490487', '0.004832329', '0.014999124', '0.004735549', '0.008828851', '0.013583910', '0.004782227', '0.014654090', '0.013583910', '0.014999124', '0.004735549', '0.015490487', '0.015490487', '0.004521532', '0.016962662', '0.004646217', '0.004028629', '0.016962662', '0.016962662', '0.004802667', '0.004743498', '0.004576892', '0.004766934', '0.016769694', '0.003826795', '0.015270926', '0.016890155', '0.003240371', '0.016160423', '0.014201861', '0.011291886', '0.015270926', '0.004726378', '0.004669356', '0.004438680', '0.004735549', '0.004785255', '0.015490487', '0.015270926', '0.014201861', '0.004669356', '0.004807144', '0.012690556', '0.003826795', '0.014201861', '0.004785255', '0.004438680']" 
7 PBkl Concatenated 0.139 0.154 0.405 0.088 0.133 1.481 nan 1120.0 1120.0 "['0.003418870', '0.056187410', '0.002515797', '0.000661602', '0.001086954', '0.004018934', '0.000661602', '0.009700365', '0.000652999', '0.000804551', '0.016925151', '0.000688240', '0.009700365', '0.068024553', '0.050185714', '0.002924361', '0.000671308', '0.024183458', '0.000659237', '0.044367846', '0.002515797', '0.000645741', '0.003418870', '0.001114573', '0.001010846', '0.000734265', '0.091168799', '0.000708498', '0.068024553', '0.000995188', '0.016925151', '0.001041928', '0.000702336', '0.000673466', '0.001041928', '0.000671308', '0.000995188', '0.000645741', '0.000664337', '0.000641667', '0.000702336', '0.002515797', '0.000715684', '0.001041928', '0.001483417', '0.000724155', '0.005641926', '0.024183458', '0.001086954', '0.000697000', '0.000651004', '0.000678458', '0.001010846', '0.073192798', '0.000658170', '0.000761556', '0.002515797', '0.000708498', '0.020287873', '0.000878410', '0.091168799', '0.033496995', '0.000673466', '0.002178029', '0.011681611', '0.000995188', '0.001483417', '0.008069682', '0.001114573', '0.000982788', '0.006733788', '0.004749567', '0.084409289', '0.000655350', '0.000669338', '0.073192798', '0.000669338', '0.000684607', '0.000995188', '0.004018934', '0.001041928', '0.000982788', '0.001670339', '0.001483417', '0.000780417', '0.001210519', '0.004749567', '0.006733788', '0.000804551', '0.000995188', '0.001114573', '0.000649839', '0.001670339', '0.000667531', '0.008069682', '0.001210519', '0.000702336', '0.000662918', '0.002178029', '0.001483417']" 
7 PBkl Multiview 0.141 0.156 0.414 0.087 0.151 1.566 0.818 1120.0 1120.0 "[['0.001477343', '0.001508220', '0.001461338', '0.040644810', '0.001589244', '0.001130075', '0.001549258', '0.013810304', '0.002234342', '0.001235319', '0.001491564', '0.009204174', '0.001504277', '0.010333988', '0.005171024', '0.001269311', '0.002992758', '0.033509076', '0.021409130', '0.010333988', '0.007579238', '0.002992758', '0.002029281', '0.007579238', '0.002234342', '0.001491564', '0.030297607', '0.001323532', '0.007579238', '0.001847004', '0.001370774', '0.023765054', '0.001360483', '0.021409130', '0.001632232', '0.001654487', '0.030297607', '0.021409130', '0.001554255', '0.007063089', '0.001477343', '0.001586067', '0.008651520', '0.007579238', '0.001569760', '0.040784150', '0.001196825', '0.001577444', '0.001686598', '0.001592286', '0.001196825', '0.002029281', '0.013229694', '0.001652691', '0.001609219', '0.001618672', '0.024211254', '0.005171024', '0.001443192', '0.013810304', '0.034274764', '0.001130075', '0.001586067', '0.030297607', '0.001313036', '0.001577444', '0.001398563', '0.001472222', '0.029970337', '0.007579238', '0.001556652', '0.001508220', '0.001235319', '0.018847700', '0.033509076', '0.001586067', '0.040503379', '0.001477343', '0.001575593', '0.001586067', '0.033244178', '0.015535746', '0.001323532', '0.001549258', '0.023765054', '0.023765054', '0.040213950', '0.001477343', '0.001406919', '0.013810304', '0.001422457', '0.001313036', '0.040213950', '0.001606893', '0.029970337', '0.021409130', '0.001508220', '0.012647976', '0.040213950', '0.005615016'], ['0.000640018', '0.001142734', '0.000803715', '0.003541120', '0.001142734', '0.000980911', '0.000589335', '0.006251054', '0.081514992', '0.000619102', '0.037007552', '0.000741340', '0.000648847', '0.000769156', '0.000658921', '0.004227207', '0.002578757', '0.004227207', '0.001964757', '0.076095320', '0.000683982', '0.030250764', '0.024326798', '0.000566038', '0.000556603', '0.000683982', '0.001552666', '0.001142734', '0.000569124', '0.024326798', '0.000900925', '0.000640018', '0.001552666', '0.068738051', '0.001394396', '0.024326798', '0.001394396', '0.000648847', '0.000670514', '0.000603953', '0.001142734', '0.000769156', '0.005109659', '0.000570812', '0.002239258', '0.000640018', '0.000670514', '0.000608511', '0.000718627', '0.001258750', '0.037007552', '0.002239258', '0.000563292', '0.024326798', '0.037007552', '0.001258750', '0.004227207', '0.076095320', '0.000900925', '0.037007552', '0.000718627', '0.000539610', '0.000563292', '0.003003663', '0.005109659', '0.000576574', '0.003003663', '0.000658921', '0.000547687', '0.000683982', '0.001394396', '0.001739813', '0.000718627', '0.081514992', '0.001258750', '0.003003663', '0.037007552', '0.001027482', '0.000718627', '0.000699805', '0.081514992', '0.081514992', '0.000718627', '0.003541120', '0.000625296', '0.000608511', '0.000967032', '0.003541120', '0.001552666', '0.000625296', '0.024326798', '0.000640018', '0.000769156', '0.003541120', '0.000847032', '0.001258750', '0.000554778', '0.000741340', '0.000683982', '0.000900925'], ['0.011738638', '0.000643486', '0.005902354', '0.004463194', '0.000699264', '0.034839924', '0.003893759', '0.008984928', '0.001854303', '0.010290823', '0.000678947', '0.000700134', '0.036695924', '0.000703757', '0.005128546', '0.000680255', '0.041837905', '0.000754154', '0.005902354', '0.003407804', '0.034839924', '0.000674575', '0.041837905', '0.010290823', '0.000698807', '0.000678947', '0.000683797', '0.054307707', '0.000661054', '0.000651066', '0.003893759', '0.005128546', '0.003407804', '0.011738638', '0.002078492', '0.000754154', '0.007821522', '0.000656212', '0.000682675', '0.000646068', '0.000689504', '0.000682675', '0.011738638', '0.003407804', '0.000754154', '0.000693227', '0.000699705', '0.006796560', '0.000892710', '0.008984928', '0.000700134', '0.000693227', '0.026887298', '0.041837905', '0.000817189', '0.000692543', '0.041837905', '0.005902354', '0.000699705', '0.055219401', '0.024827883', '0.003407804', '0.000697340', '0.002337997', '0.000680255', '0.000702079', '0.007821522', '0.056082681', '0.000676112', '0.040198110', '0.007821522', '0.000697847', '0.034839924', '0.041837905', '0.000648499', '0.008984928', '0.000676112', '0.000700949', '0.000754154', '0.000667491', '0.055219401', '0.000646068', '0.001659202', '0.005128546', '0.008984928', '0.003407804', '0.000705215', '0.000709009', '0.001854303', '0.005128546', '0.000705484', '0.038483467', '0.000700134', '0.000702079', '0.000704655', '0.005902354', '0.055219401', '0.000683797', '0.000705484', '0.005128546'], ['0.084320895', '0.000609439', '0.001685884', '0.000625551', '0.000625551', '0.000746918', '0.001308966', '0.047620684', '0.000600875', '0.000599626', '0.001685884', '0.000618390', '0.036359511', '0.000599080', '0.000759202', '0.001685884', '0.002558366', '0.000746918', '0.036359511', '0.000595409', '0.001685884', '0.000905168', '0.000613257', '0.001925420', '0.064488828', '0.001685884', '0.000607885', '0.004886233', '0.059012864', '0.000652048', '0.074170955', '0.000600875', '0.001925420', '0.064488828', '0.010198424', '0.000599080', '0.064488828', '0.000652048', '0.001685884', '0.000606515', '0.000678208', '0.000697258', '0.000595954', '0.000613257', '0.001156182', '0.000652048', '0.001685884', '0.000600222', '0.000905168', '0.000905168', '0.000611215', '0.000597288', '0.001685884', '0.000596919', '0.000652048', '0.041918822', '0.000611215', '0.000618390', '0.001308966', '0.041918822', '0.000611215', '0.000604220', '0.000595674', '0.001308966', '0.002978624', '0.000597288', '0.000625551', '0.000600222', '0.001685884', '0.001685884', '0.000663463', '0.000905168', '0.000607885', '0.078125440', '0.002558366', '0.000592365', '0.001925420', '0.001925420', '0.000625551', '0.001685884', '0.001156182', '0.001021254', '0.001308966', '0.001308966', '0.021914523', '0.000697258', '0.001925420', '0.000663463', '0.000595954', '0.001925420', '0.036359511', '0.000635990', '0.064488828', '0.002558366', '0.000621655', '0.001685884', '0.000604220', '0.001925420', '0.081484653', '0.000607885']]" "['0.013043530', '0.644928336', '0.063212231', '0.278815895']"
7 PBkl_inv View1 0.241 0.271 0.659 0.164 0.213 1.786 nan 1120.0 1120.0 "['0.000494281', '0.000504768', '0.000489185', '0.091830581', '0.000536861', '0.000422029', '0.000520133', '0.002829465', '0.000706991', '0.000436533', '0.000499003', '0.001764457', '0.000503380', '0.001980629', '0.001130716', '0.000442461', '0.000824220', '0.045204509', '0.006830398', '0.001980629', '0.001488410', '0.000824220', '0.000672092', '0.001488410', '0.000706991', '0.000499003', '0.026904654', '0.000522580', '0.001488410', '0.000639010', '0.000464094', '0.009447557', '0.000461611', '0.006830398', '0.000557037', '0.000568497', '0.026904654', '0.006830398', '0.000522125', '0.001407573', '0.000494281', '0.000535463', '0.001666450', '0.001488410', '0.000528480', '0.092298925', '0.000430549', '0.000531732', '0.000607729', '0.000538211', '0.000430549', '0.000672092', '0.002663486', '0.000567544', '0.000545937', '0.000550413', '0.010080741', '0.001130716', '0.000483657', '0.002829465', '0.050559137', '0.000422029', '0.000535463', '0.026904654', '0.000451031', '0.000531732', '0.000471154', '0.000492625', '0.025454033', '0.001488410', '0.000523090', '0.000504768', '0.000436533', '0.004954332', '0.045204509', '0.000535463', '0.091340311', '0.000494281', '0.000530942', '0.000535463', '0.043434918', '0.003399817', '0.000522580', '0.000520133', '0.009447557', '0.009447557', '0.090287305', '0.000494281', '0.000473383', '0.002829465', '0.000477661', '0.000451031', '0.090287305', '0.000544854', '0.025454033', '0.006830398', '0.000504768', '0.002508237', '0.090287305', '0.001193581']" 
7 PBkl_inv View2 0.143 0.151 0.399 0.107 0.090 1.460 nan 1120.0 1120.0 "['0.081066683', '0.048249952', '0.000697486', '0.000630060', '0.000618441', '0.002679245', '0.002240620', '0.075155906', '0.001119056', '0.003938370', '0.000630060', '0.001026588', '0.000678162', '0.000748822', '0.001026588', '0.078398459', '0.000816637', '0.000612699', '0.000748822', '0.000620543', '0.000816637', '0.001623047', '0.002240620', '0.000626173', '0.000944073', '0.000620543', '0.002679245', '0.000659499', '0.000647535', '0.004827621', '0.000748822', '0.005949861', '0.048249952', '0.000654963', '0.004827621', '0.001623047', '0.000622174', '0.002679245', '0.000614258', '0.000686873', '0.030852342', '0.007362075', '0.009131126', '0.002679245', '0.078398459', '0.007362075', '0.000964879', '0.001623047', '0.007362075', '0.001623047', '0.054463904', '0.000622174', '0.000727271', '0.000621332', '0.054463904', '0.003234979', '0.009131126', '0.005949861', '0.001119056', '0.000637063', '0.002240620', '0.000617226', '0.078398459', '0.000935202', '0.001410223', '0.007362075', '0.003234979', '0.000871081', '0.075155906', '0.002679245', '0.000777478', '0.002679245', '0.000622174', '0.011331772', '0.000611384', '0.000664751', '0.000641727', '0.000748822', '0.054463904', '0.000631581', '0.007362075', '0.000944073', '0.003938370', '0.048249952', '0.000748822', '0.000651009', '0.007362075', '0.000686873', '0.002240620', '0.002240620', '0.001623047', '0.003234979', '0.000670894', '0.000611693', '0.001026588', '0.000727271', '0.000624034', '0.005949861', '0.001410223', '0.001245037']" 
7 PBkl_inv View3 0.185 0.169 0.439 0.122 0.094 1.437 nan 1120.0 1120.0 "['0.000801075', '0.035743553', '0.066015311', '0.000749682', '0.062755451', '0.066015311', '0.003864515', '0.000637719', '0.002914760', '0.000527067', '0.007007743', '0.000527118', '0.000531591', '0.000538852', '0.000527516', '0.035743553', '0.000538852', '0.001543795', '0.000749682', '0.066015311', '0.003864515', '0.002914760', '0.001963556', '0.000530394', '0.002544711', '0.001963556', '0.002230491', '0.062755451', '0.001240230', '0.000935009', '0.000537045', '0.066015311', '0.002914760', '0.001240230', '0.000527387', '0.022589281', '0.022589281', '0.000551137', '0.000527362', '0.001240230', '0.001379753', '0.000527369', '0.000528001', '0.002914760', '0.022589281', '0.053271223', '0.011067938', '0.003864515', '0.000637719', '0.000527083', '0.000551137', '0.000527118', '0.035743553', '0.001736685', '0.000527161', '0.004469966', '0.002544711', '0.003350737', '0.000527260', '0.025618959', '0.025618959', '0.000528597', '0.000527074', '0.000637719', '0.028840218', '0.032223675', '0.000528369', '0.001963556', '0.022589281', '0.035743553', '0.000801075', '0.000527516', '0.002914760', '0.000527060', '0.001543795', '0.002230491', '0.002230491', '0.001736685', '0.000528172', '0.000533238', '0.000528172', '0.001543795', '0.000527066', '0.032223675', '0.003350737', '0.000528369', '0.000527067', '0.000637719', '0.008161805', '0.000527362', '0.001121559', '0.004469966', '0.000527516', '0.000533238', '0.000527406', '0.028840218', '0.001240230', '0.001963556', '0.022589281', '0.000528859']" 
7 PBkl_inv View4 0.173 0.157 0.414 0.107 0.101 1.829 nan 1120.0 1120.0 "['0.000572876', '0.000578919', '0.000577139', '0.057462655', '0.000575880', '0.000585088', '0.057462655', '0.013564636', '0.000578919', '0.000579475', '0.078752235', '0.000610259', '0.000575395', '0.063331865', '0.000576515', '0.000584499', '0.002341805', '0.002341805', '0.002341805', '0.001724825', '0.000581969', '0.000965486', '0.000578919', '0.000576515', '0.002732049', '0.001483499', '0.078752235', '0.000578344', '0.057462655', '0.001107946', '0.001107946', '0.000573399', '0.000756034', '0.000578752', '0.000572876', '0.001107946', '0.001724825', '0.000573399', '0.001483499', '0.000965486', '0.000581969', '0.051619269', '0.000572548', '0.068997808', '0.000594187', '0.001483499', '0.063331865', '0.000577139', '0.001724825', '0.000576515', '0.000578752', '0.001724825', '0.000575395', '0.002008742', '0.000592469', '0.001483499', '0.000573984', '0.000685942', '0.000965486', '0.000579475', '0.001279368', '0.000965486', '0.001483499', '0.000573984', '0.002008742', '0.002008742', '0.000578752', '0.078752235', '0.000572548', '0.000610259', '0.078752235', '0.078752235', '0.000583644', '0.000574604', '0.000575395', '0.000577139', '0.030481309', '0.000643812', '0.001724825', '0.057462655', '0.000633857', '0.004356952', '0.001107946', '0.000756034', '0.001724825', '0.000573399', '0.000572179', '0.000584499', '0.000573984', '0.000580012', '0.002008742', '0.001724825', '0.001107946', '0.000572179', '0.000584746', '0.000848933', '0.000643812', '0.001107946', '0.000580012', '0.000584499']" 
7 PBkl_inv Concatenated 0.138 0.154 0.405 0.088 0.133 1.557 nan 1120.0 1120.0 "['0.003386481', '0.057351161', '0.002448987', '0.000610393', '0.000812364', '0.004017197', '0.000610393', '0.010075874', '0.000608340', '0.000666037', '0.017784303', '0.000618415', '0.010075874', '0.068417534', '0.051510818', '0.002871108', '0.000613068', '0.025422566', '0.000609796', '0.045796655', '0.002448987', '0.000606904', '0.003386481', '0.000984660', '0.000768366', '0.000635671', '0.088831216', '0.000625627', '0.068417534', '0.000833750', '0.017784303', '0.000898380', '0.000623357', '0.000613706', '0.000898380', '0.000613068', '0.000833750', '0.000606904', '0.000611112', '0.000606245', '0.000623357', '0.002448987', '0.000628345', '0.000898380', '0.001386608', '0.000631633', '0.005739516', '0.025422566', '0.000812364', '0.000621443', '0.000607916', '0.000615234', '0.000768366', '0.073023438', '0.000609534', '0.000647055', '0.002448987', '0.000625627', '0.021341529', '0.000700672', '0.088831216', '0.034972165', '0.000613706', '0.002102342', '0.012194557', '0.000833750', '0.001386608', '0.008331861', '0.000984660', '0.000793131', '0.006904302', '0.004790466', '0.082862698', '0.000608867', '0.000612498', '0.073023438', '0.000612498', '0.000617206', '0.000833750', '0.004017197', '0.000898380', '0.000793131', '0.001581352', '0.001386608', '0.000655249', '0.001092943', '0.004790466', '0.006904302', '0.000666037', '0.000833750', '0.000984660', '0.000607677', '0.001581352', '0.000611987', '0.008331861', '0.001092943', '0.000623357', '0.000610736', '0.002102342', '0.001386608']" 
7 PBkl_inv Multiview 0.143 0.155 0.413 0.088 0.145 1.682 0.922 1120.0 1120.0 "[['0.001276387', '0.001304435', '0.001261986', '0.042968366', '0.001379714', '0.000989132', '0.001342257', '0.013037929', '0.001934807', '0.001069947', '0.001289262', '0.008178622', '0.001300835', '0.009335271', '0.004335239', '0.001097375', '0.002517475', '0.035178229', '0.021534298', '0.009335271', '0.006569418', '0.002517475', '0.001779838', '0.006569418', '0.001934807', '0.001289262', '0.031593699', '0.001223122', '0.006569418', '0.001641674', '0.001182414', '0.024208473', '0.001173586', '0.021534298', '0.001420599', '0.001442032', '0.031593699', '0.021534298', '0.001346909', '0.006073907', '0.001276387', '0.001376714', '0.007623536', '0.006569418', '0.001361392', '0.043117739', '0.001039608', '0.001368601', '0.001518599', '0.001382586', '0.001039608', '0.001779838', '0.012407312', '0.001440296', '0.001398624', '0.001407629', '0.024715094', '0.004335239', '0.001245779', '0.013037929', '0.036026157', '0.000989132', '0.001376714', '0.031593699', '0.001133460', '0.001368601', '0.001206486', '0.001271769', '0.031226495', '0.006569418', '0.001349141', '0.001304435', '0.001069947', '0.018637061', '0.035178229', '0.001376714', '0.042816617', '0.001276387', '0.001366861', '0.001376714', '0.034884125', '0.014933638', '0.001223122', '0.001342257', '0.024208473', '0.024208473', '0.042505696', '0.001276387', '0.001213786', '0.013037929', '0.001227428', '0.001133460', '0.042505696', '0.001396414', '0.031226495', '0.021534298', '0.001304435', '0.011779760', '0.042505696', '0.004731262'], ['0.000541317', '0.000968745', '0.000687062', '0.003263488', '0.000968745', '0.000851092', '0.000499579', '0.005797943', '0.083819106', '0.000523859', '0.036894754', '0.000629912', '0.000548787', '0.000655160', '0.000557377', '0.003916114', '0.002328122', '0.003916114', '0.001721431', '0.079450913', '0.000579033', '0.029459838', '0.023187852', '0.000480989', '0.000473519', '0.000579033', '0.001322064', '0.000968745', '0.000483436', '0.023187852', '0.000780968', '0.000541317', '0.001322064', '0.073047087', '0.001177041', '0.023187852', '0.001177041', '0.000548787', '0.000567348', '0.000511422', '0.000968745', '0.000655160', '0.004742613', '0.000484778', '0.001992842', '0.000541317', '0.000567348', '0.000515146', '0.000609567', '0.001060556', '0.036894754', '0.001992842', '0.000478810', '0.023187852', '0.036894754', '0.001060556', '0.003916114', '0.079450913', '0.000780968', '0.036894754', '0.000609567', '0.000460096', '0.000478810', '0.002744179', '0.004742613', '0.000489365', '0.002744179', '0.000557377', '0.000466475', '0.000579033', '0.001177041', '0.001501081', '0.000609567', '0.083819106', '0.001060556', '0.002744179', '0.036894754', '0.000913676', '0.000609567', '0.000592901', '0.083819106', '0.083819106', '0.000609567', '0.003263488', '0.000528995', '0.000515146', '0.000824252', '0.003263488', '0.001322064', '0.000528995', '0.023187852', '0.000541317', '0.000655160', '0.003263488', '0.000728032', '0.001060556', '0.000472075', '0.000629912', '0.000579033', '0.000780968'], ['0.012334970', '0.000601275', '0.005918308', '0.004366375', '0.000635499', '0.035628073', '0.003764915', '0.009308177', '0.001725616', '0.010747038', '0.000616855', '0.000636334', '0.037346404', '0.000639846', '0.005079266', '0.000617999', '0.042019192', '0.000750692', '0.005918308', '0.003259869', '0.035628073', '0.000613093', '0.042019192', '0.010747038', '0.000635061', '0.000616855', '0.000621142', '0.052967388', '0.000602235', '0.000595430', '0.003764915', '0.005079266', '0.003259869', '0.012334970', '0.001936348', '0.000750692', '0.008024751', '0.000598745', '0.000620140', '0.000592984', '0.000626321', '0.000620140', '0.012334970', '0.003259869', '0.000750692', '0.000629776', '0.000635923', '0.006896708', '0.000883225', '0.009308177', '0.000636334', '0.000629776', '0.028041229', '0.042019192', '0.000814111', '0.000629137', '0.042019192', '0.005918308', '0.000635923', '0.053754844', '0.026009085', '0.003259869', '0.000633660', '0.002185915', '0.000617999', '0.000638214', '0.008024751', '0.054499473', '0.000614405', '0.040541891', '0.008024751', '0.000634142', '0.035628073', '0.042019192', '0.000594026', '0.009308177', '0.000614405', '0.000637120', '0.000750692', '0.000607238', '0.053754844', '0.000592984', '0.001546704', '0.005079266', '0.009308177', '0.003259869', '0.000641273', '0.000645021', '0.001725616', '0.005079266', '0.000641538', '0.038984843', '0.000636334', '0.000638214', '0.000640724', '0.005918308', '0.053754844', '0.000621142', '0.000641538', '0.005079266'], ['0.085334003', '0.000523439', '0.001530455', '0.000535696', '0.000535696', '0.000670824', '0.001146848', '0.047860928', '0.000517560', '0.000516757', '0.001530455', '0.000530094', '0.035786599', '0.000516412', '0.000674854', '0.001530455', '0.002435465', '0.000670824', '0.035786599', '0.000514206', '0.001530455', '0.000794356', '0.000526223', '0.001781032', '0.066033147', '0.001530455', '0.000522331', '0.004711961', '0.060216941', '0.000558331', '0.075780556', '0.000517560', '0.001781032', '0.066033147', '0.009683791', '0.000516412', '0.066033147', '0.000558331', '0.001530455', '0.000521369', '0.000583557', '0.000604099', '0.000514520', '0.000526223', '0.001003468', '0.000558331', '0.001530455', '0.000517135', '0.000794356', '0.000794356', '0.000524724', '0.000515309', '0.001530455', '0.000515088', '0.000558331', '0.041710310', '0.000524724', '0.000530094', '0.001146848', '0.041710310', '0.000524724', '0.000519784', '0.000514357', '0.001146848', '0.002859648', '0.000515309', '0.000535696', '0.000517135', '0.001530455', '0.001530455', '0.000568966', '0.000794356', '0.000522331', '0.079565771', '0.002435465', '0.000512583', '0.001781032', '0.001781032', '0.000535696', '0.001530455', '0.001003468', '0.000886976', '0.001146848', '0.001146848', '0.020942410', '0.000604099', '0.001781032', '0.000568966', '0.000514520', '0.001781032', '0.035786599', '0.000544273', '0.066033147', '0.002435465', '0.000532622', '0.001530455', '0.000519784', '0.001781032', '0.082714088', '0.000522331']]" "['0.010857929', '0.675725222', '0.050593190', '0.262823701']"
7 TND_DIS View1 0.314 0.350 0.820 0.181 0.340 0.013 nan 1120.0 11201.0 "['0.012419812', '0.008434664', '0.011890655', '0.012604930', '0.007956232', '0.008971745', '0.014280627', '0.009621693', '0.009643994', '0.010005734', '0.008732258', '0.010276137', '0.008454927', '0.009498775', '0.009540334', '0.009669946', '0.011292445', '0.010200698', '0.009674381', '0.009498775', '0.009273942', '0.011208998', '0.009161187', '0.009250066', '0.009643994', '0.008732258', '0.009785340', '0.009026416', '0.009250066', '0.009635022', '0.009196310', '0.009852411', '0.009095666', '0.009674381', '0.013493752', '0.013991331', '0.009785340', '0.009674381', '0.008360016', '0.014234259', '0.012419812', '0.007967143', '0.013212505', '0.009250066', '0.008631400', '0.013405111', '0.008811691', '0.008443811', '0.010982319', '0.008348084', '0.008811691', '0.009161187', '0.009604298', '0.007321787', '0.008236391', '0.008052423', '0.010019929', '0.009540334', '0.009152119', '0.009621693', '0.010270326', '0.009615973', '0.007967143', '0.009785340', '0.011263222', '0.012630451', '0.009046875', '0.014045896', '0.009773190', '0.009250066', '0.008820862', '0.009465110', '0.008688769', '0.009578780', '0.010200698', '0.007967143', '0.012650774', '0.012419812', '0.008098983', '0.008879094', '0.010179146', '0.009432813', '0.009026416', '0.008818333', '0.009997559', '0.009852411', '0.011989039', '0.012419812', '0.008824506', '0.009621693', '0.008716501', '0.011263222', '0.012222678', '0.007900191', '0.009773190', '0.009674381', '0.008434664', '0.009364610', '0.011989039', '0.014093570']" 
7 TND_DIS View2 0.135 0.169 0.437 0.086 0.174 0.048 nan 1120.0 11201.0 "['0.012070430', '0.011825340', '0.007475330', '0.011528296', '0.004412107', '0.010322137', '0.011753745', '0.011445548', '0.010562541', '0.012283555', '0.005204330', '0.010568506', '0.008584041', '0.006592063', '0.010568506', '0.011231708', '0.011342991', '0.004662231', '0.007056779', '0.004697773', '0.010282987', '0.010668141', '0.012661854', '0.005497258', '0.008602500', '0.005913129', '0.012841384', '0.009010795', '0.004759300', '0.010756831', '0.006592063', '0.012584530', '0.011825340', '0.007103781', '0.012591438', '0.010628753', '0.004598967', '0.010858755', '0.004624034', '0.010609305', '0.009395910', '0.014072758', '0.012653654', '0.010351272', '0.011231708', '0.014072758', '0.010539642', '0.012416165', '0.014072758', '0.010302042', '0.010662954', '0.008146564', '0.011276101', '0.005109231', '0.010662954', '0.012822898', '0.012633359', '0.014080238', '0.009820554', '0.005436105', '0.013286266', '0.004783371', '0.011803498', '0.011230193', '0.010737719', '0.012360211', '0.012910177', '0.010896970', '0.010707092', '0.010351272', '0.011350097', '0.010912807', '0.004952021', '0.012067646', '0.005069924', '0.010457374', '0.006479831', '0.010345147', '0.010662954', '0.005324413', '0.014072758', '0.010728243', '0.012680707', '0.011798904', '0.007056779', '0.010713702', '0.014072758', '0.011071068', '0.010549866', '0.012661854', '0.010628753', '0.010276735', '0.011258887', '0.004392045', '0.009957502', '0.010376506', '0.008376364', '0.012584530', '0.011044863', '0.012049411']" 
7 TND_DIS View3 0.179 0.198 0.504 0.109 0.190 0.002 nan 1120.0 11201.0 "['0.010154590', '0.010869854', '0.010994041', '0.009954868', '0.010932148', '0.010994041', '0.010405118', '0.009843240', '0.010339929', '0.008996773', '0.010498436', '0.008983085', '0.009454627', '0.009870335', '0.008336292', '0.010879801', '0.009826637', '0.010135525', '0.009942459', '0.010994041', '0.010425042', '0.010023433', '0.010117860', '0.009528006', '0.010284915', '0.010234660', '0.010331104', '0.010932148', '0.010188233', '0.010117329', '0.009830726', '0.010994041', '0.010323473', '0.010265410', '0.008869567', '0.010675274', '0.010675274', '0.009860757', '0.009392283', '0.010187505', '0.010147049', '0.008593453', '0.009387439', '0.010339929', '0.010573884', '0.010849549', '0.010500188', '0.010401229', '0.009843240', '0.009040458', '0.009858187', '0.008888777', '0.010869854', '0.010152048', '0.008845736', '0.010420208', '0.010315166', '0.010369188', '0.009004397', '0.010782107', '0.010639510', '0.009534486', '0.008387424', '0.010054904', '0.010669826', '0.010643215', '0.009407563', '0.010117860', '0.010675274', '0.010869854', '0.010099527', '0.008361340', '0.010346926', '0.009076175', '0.010140429', '0.010277125', '0.010133213', '0.010181533', '0.009471475', '0.009696352', '0.009595560', '0.010207559', '0.009055761', '0.010857064', '0.010369188', '0.009259044', '0.008996773', '0.010048280', '0.010427905', '0.009234108', '0.010156310', '0.010412451', '0.008392406', '0.009678834', '0.008561039', '0.010701437', '0.010115264', '0.010112992', '0.010692909', '0.009496170']" 
7 TND_DIS View4 0.101 0.185 0.467 0.076 0.227 0.017 nan 1120.0 11201.0 "['0.009236980', '0.011072381', '0.012055200', '0.011491985', '0.009301616', '0.010373615', '0.011491985', '0.010251647', '0.011649426', '0.010521804', '0.010454847', '0.006861317', '0.010405823', '0.008859337', '0.010007833', '0.006719911', '0.007255733', '0.008760437', '0.007255733', '0.012892328', '0.010159409', '0.009153165', '0.012068575', '0.014004323', '0.013182883', '0.010465818', '0.009679079', '0.012465781', '0.011491985', '0.009770224', '0.008772726', '0.012493953', '0.007224259', '0.010711356', '0.011981454', '0.008772726', '0.009025018', '0.009134757', '0.008449716', '0.010865594', '0.012120076', '0.011733487', '0.009893370', '0.010463147', '0.010925842', '0.006854347', '0.008859337', '0.008317013', '0.012892328', '0.009972758', '0.008723452', '0.006845573', '0.009994913', '0.013834339', '0.009147018', '0.008449716', '0.011326967', '0.010525331', '0.010073061', '0.009529030', '0.010830523', '0.010741860', '0.010465818', '0.009971738', '0.012717073', '0.007217627', '0.009458299', '0.010458361', '0.011044323', '0.006775541', '0.010458361', '0.009793431', '0.010968549', '0.011148087', '0.010119729', '0.010362566', '0.008595871', '0.012452804', '0.010902369', '0.009481763', '0.012676704', '0.010363233', '0.008772726', '0.010101987', '0.008431341', '0.009137915', '0.012378256', '0.006719911', '0.012766722', '0.012996062', '0.007888129', '0.006885448', '0.009808376', '0.008048928', '0.010767827', '0.008632069', '0.006823702', '0.008772726', '0.010069519', '0.006719911']" 
7 TND_DIS Concatenated 0.094 0.179 0.456 0.070 0.230 0.007 nan 1120.0 11201.0 "['0.011325808', '0.009250819', '0.010450719', '0.008457558', '0.008833479', '0.009805160', '0.011105783', '0.011316115', '0.008407617', '0.009861892', '0.011307800', '0.009909469', '0.011711231', '0.009410806', '0.008929318', '0.009730538', '0.008853261', '0.011402822', '0.008216753', '0.008889108', '0.011311028', '0.010851414', '0.011325878', '0.011012896', '0.009906285', '0.009060973', '0.008671406', '0.009085329', '0.009081074', '0.009253451', '0.011179549', '0.010702724', '0.010963064', '0.009766666', '0.011171987', '0.008754953', '0.011394652', '0.011618199', '0.007363927', '0.006979003', '0.009148284', '0.010200248', '0.009047849', '0.011171987', '0.009610114', '0.008716732', '0.011025157', '0.009849970', '0.009445206', '0.009340810', '0.011332496', '0.009471422', '0.009241171', '0.009183848', '0.011965104', '0.011241208', '0.011311028', '0.009093444', '0.009399458', '0.011037887', '0.008694470', '0.011512497', '0.009766666', '0.011309133', '0.011326159', '0.011163366', '0.010692004', '0.010133814', '0.010153668', '0.011072071', '0.009390082', '0.011328739', '0.008942872', '0.007139892', '0.008823601', '0.009251911', '0.008154605', '0.010022947', '0.009218483', '0.011213857', '0.009250010', '0.010808342', '0.009571031', '0.011203039', '0.011273418', '0.010476156', '0.011309778', '0.009791444', '0.011156400', '0.009445434', '0.011026996', '0.007145090', '0.009622876', '0.008790169', '0.011150826', '0.010651596', '0.009148284', '0.011349993', '0.010464551', '0.009589838']" 
7 TND_DIS Multiview 0.130 0.199 0.516 0.085 0.250 0.222 0.048 1120.0 11201.0 "[['0.002426904', '0.006258940', '0.002715336', '0.012843672', '0.006464032', '0.007657923', '0.003003191', '0.012405368', '0.006980420', '0.004304409', '0.003741308', '0.011624272', '0.002627853', '0.025299069', '0.022605360', '0.002403806', '0.002604703', '0.019452490', '0.017213084', '0.013120878', '0.011090207', '0.002617939', '0.006506633', '0.019920675', '0.024901420', '0.009195217', '0.021582237', '0.006003121', '0.024373008', '0.007375452', '0.002344997', '0.025391139', '0.003336015', '0.009863951', '0.002796460', '0.002908152', '0.013204637', '0.024349809', '0.006492319', '0.005474045', '0.003917065', '0.006851836', '0.003564117', '0.023356270', '0.002829340', '0.018670423', '0.015317306', '0.008620257', '0.003650074', '0.003288029', '0.015374095', '0.020849649', '0.017788436', '0.002878799', '0.003385216', '0.003712777', '0.010372878', '0.009177392', '0.013106213', '0.006513692', '0.020073676', '0.010389243', '0.010039227', '0.012722322', '0.002594989', '0.005164552', '0.002297106', '0.002782207', '0.027647188', '0.009490023', '0.002400296', '0.009775745', '0.004092851', '0.007002604', '0.017341809', '0.004452260', '0.013048242', '0.003597502', '0.005083277', '0.006332099', '0.009260875', '0.010069198', '0.013510763', '0.002670625', '0.006759201', '0.019874988', '0.013190865', '0.004198783', '0.012033355', '0.018765528', '0.002733894', '0.004456956', '0.014954288', '0.006276719', '0.023119288', '0.008243441', '0.010733710', '0.022836849', '0.007661001', '0.003618112'], ['0.002552066', '0.015423104', '0.008569126', '0.007058807', '0.018118771', '0.004657462', '0.005305523', '0.011795166', '0.017946683', '0.003439025', '0.022217480', '0.017234802', '0.002504081', '0.011467069', '0.004203560', '0.021942262', '0.007918539', '0.008759278', '0.008594725', '0.015694190', '0.004585679', '0.021541065', '0.007148634', '0.002637381', '0.002846611', '0.006816653', '0.008590962', '0.005510939', '0.002499429', '0.016836459', '0.002533007', '0.006104419', '0.013596935', '0.008181042', '0.015304456', '0.017554179', '0.005415167', '0.002552036', '0.010902113', '0.005929660', '0.016937930', '0.013555876', '0.015198418', '0.002507123', '0.022939889', '0.006584420', '0.010389754', '0.007660390', '0.003879061', '0.010285972', '0.020335400', '0.016101979', '0.002616291', '0.017684225', '0.020962434', '0.012579067', '0.007485743', '0.021409966', '0.013603420', '0.009389323', '0.003879081', '0.003375430', '0.007213360', '0.009050399', '0.026859049', '0.008022578', '0.018522490', '0.012021983', '0.002717908', '0.005227564', '0.016672695', '0.012511563', '0.007899511', '0.008566144', '0.005805206', '0.015840238', '0.009275254', '0.008953949', '0.006319692', '0.011232194', '0.011060607', '0.014197193', '0.003921087', '0.019252436', '0.004185439', '0.003353423', '0.002694942', '0.013941131', '0.008904525', '0.003188838', '0.020787368', '0.007960979', '0.002793344', '0.014011201', '0.009907277', '0.009283096', '0.004043474', '0.002421731', '0.002918673', '0.006611639'], ['0.018771632', '0.012723230', '0.005889467', '0.007538034', '0.004703206', '0.015534247', '0.010604259', '0.004468948', '0.008709285', '0.021518543', '0.006226131', '0.003403234', '0.020825347', '0.002669971', '0.005265162', '0.002538612', '0.019457784', '0.006265766', '0.004442556', '0.009004509', '0.014261968', '0.002680267', '0.015761312', '0.011756825', '0.002766538', '0.010596332', '0.004228963', '0.018622324', '0.002530452', '0.005104074', '0.019357571', '0.004746294', '0.012724811', '0.009322020', '0.007077067', '0.009794481', '0.008377397', '0.014054008', '0.009242224', '0.007765584', '0.005189604', '0.004895125', '0.017611952', '0.014560004', '0.008292342', '0.002788731', '0.005747886', '0.010492496', '0.006428582', '0.019686034', '0.003218003', '0.003302692', '0.017060166', '0.018488582', '0.006225951', '0.006506090', '0.014095422', '0.004231866', '0.005154890', '0.012816037', '0.018481694', '0.019773213', '0.009618189', '0.007043095', '0.002647333', '0.005930175', '0.017762437', '0.021896858', '0.004492065', '0.017096870', '0.018390771', '0.005659449', '0.023621339', '0.011748019', '0.006149100', '0.020157784', '0.003797838', '0.006160473', '0.016147522', '0.011725717', '0.012709795', '0.004702239', '0.014651585', '0.005778694', '0.013324196', '0.005056731', '0.002996996', '0.003346438', '0.017966278', '0.004218083', '0.002618773', '0.023477208', '0.002751497', '0.003484423', '0.003800450', '0.010964729', '0.022836084', '0.002409409', '0.002892848', '0.023590745'], ['0.019822443', '0.007785865', '0.020734962', '0.005985145', '0.009008101', '0.007960399', '0.017576121', '0.007344905', '0.004188288', '0.011104835', '0.006635847', '0.004259009', '0.018739529', '0.002644405', '0.005592358', '0.014656759', '0.009503559', '0.004317619', '0.007626867', '0.002912574', '0.008329209', '0.010747277', '0.004720061', '0.009440195', '0.016826570', '0.015367092', '0.004430006', '0.010473589', '0.019646296', '0.005303738', '0.021734701', '0.003007232', '0.011758721', '0.008004214', '0.015641758', '0.007960761', '0.008426212', '0.003110612', '0.014315000', '0.010292960', '0.015027631', '0.013458582', '0.002914676', '0.002545729', '0.004365380', '0.005543771', '0.011214925', '0.005938557', '0.024370495', '0.009799574', '0.005850785', '0.002584365', '0.007679739', '0.002631925', '0.011665926', '0.022575170', '0.004182809', '0.002967840', '0.014238058', '0.008663111', '0.002710290', '0.008414963', '0.009735388', '0.005322719', '0.007658854', '0.012368681', '0.002544851', '0.004615780', '0.009133214', '0.005123476', '0.002507903', '0.016329473', '0.002917649', '0.012246446', '0.005413233', '0.002836542', '0.008818119', '0.023301763', '0.013188614', '0.012026067', '0.004525763', '0.008268041', '0.012284357', '0.013158165', '0.012338213', '0.007593139', '0.025262188', '0.015335134', '0.002924719', '0.017610818', '0.015496904', '0.003480129', '0.022411117', '0.022189017', '0.008695752', '0.007614083', '0.004591448', '0.021845398', '0.027919060', '0.003087722']]" "['0.137590662', '0.320159465', '0.291141778', '0.251108140']"
7 TND_DIS_inv View1 0.321 0.349 0.818 0.190 0.321 0.004 nan 1120.0 11201.0 "['0.010703009', '0.009052171', '0.010664633', '0.012268797', '0.008594208', '0.009450936', '0.010792557', '0.010022528', '0.009902451', '0.009790021', '0.009171148', '0.010759053', '0.009067549', '0.009944341', '0.009857615', '0.009704425', '0.010767612', '0.010858946', '0.010115748', '0.009944341', '0.009793675', '0.010740295', '0.009618129', '0.009785453', '0.009902451', '0.009171148', '0.010540642', '0.009555672', '0.009785453', '0.009877216', '0.009394868', '0.010386770', '0.009406649', '0.010115748', '0.010130445', '0.009941396', '0.010540642', '0.010115748', '0.008876401', '0.011540371', '0.010703009', '0.008608563', '0.011439168', '0.009785453', '0.009037809', '0.012529310', '0.009400681', '0.008874331', '0.010676745', '0.008804413', '0.009400681', '0.009618129', '0.010016787', '0.007973763', '0.008659719', '0.008461242', '0.010408058', '0.009857615', '0.009347103', '0.010022528', '0.010909776', '0.009828850', '0.008608563', '0.010540642', '0.010796019', '0.010389400', '0.009336179', '0.010975147', '0.010526877', '0.009785453', '0.009103286', '0.009246735', '0.009368693', '0.010052968', '0.010858946', '0.008608563', '0.012252397', '0.010703009', '0.008684047', '0.009023151', '0.010833818', '0.009951424', '0.009555672', '0.009007349', '0.010403887', '0.010386770', '0.012087268', '0.010703009', '0.009308697', '0.010022528', '0.009275749', '0.010796019', '0.012139456', '0.008483128', '0.010526877', '0.010115748', '0.009052171', '0.009882814', '0.012087268', '0.011505267']" 
7 TND_DIS_inv View2 0.127 0.172 0.442 0.081 0.191 0.001 nan 1120.0 11201.0 "['0.010829382', '0.010678612', '0.009764905', '0.009425290', '0.009094828', '0.010237860', '0.010146207', '0.010809730', '0.010088176', '0.010241901', '0.009642644', '0.010058327', '0.009703130', '0.009815366', '0.010058327', '0.010878976', '0.009967485', '0.009069396', '0.009888973', '0.009332450', '0.009810688', '0.010318615', '0.010068111', '0.009542382', '0.010231148', '0.009407705', '0.010207149', '0.009727137', '0.009705382', '0.010322575', '0.009815366', '0.010202499', '0.010678612', '0.009584473', '0.010131507', '0.010103507', '0.009394437', '0.010139081', '0.009203511', '0.009733476', '0.010554008', '0.010198396', '0.010272124', '0.010224780', '0.010878976', '0.010198396', '0.010045371', '0.010113869', '0.010198396', '0.010184221', '0.010648428', '0.009283336', '0.009934490', '0.009305203', '0.010648428', '0.010256873', '0.010269914', '0.010177831', '0.010197361', '0.009524530', '0.010028894', '0.009274556', '0.010724298', '0.009961762', '0.010043083', '0.010271739', '0.010243827', '0.009946681', '0.010849892', '0.010224780', '0.009902252', '0.010214490', '0.009421289', '0.010270677', '0.008910532', '0.009679738', '0.009437100', '0.009743727', '0.010648428', '0.009470986', '0.010198396', '0.009959181', '0.010184666', '0.010706411', '0.009888973', '0.009835823', '0.010198396', '0.009740157', '0.010170625', '0.010068111', '0.010103507', '0.010258181', '0.009545377', '0.009016557', '0.010200440', '0.009721573', '0.009307461', '0.010202499', '0.010218296', '0.010032437']" 
7 TND_DIS_inv View3 0.178 0.198 0.505 0.109 0.190 0.002 nan 1120.0 11201.0 "['0.010159340', '0.010860606', '0.010965822', '0.009902669', '0.010905967', '0.010965822', '0.010351243', '0.009796124', '0.010274060', '0.008953010', '0.010479071', '0.008960043', '0.009428590', '0.009860052', '0.008521517', '0.010873026', '0.009853642', '0.010093945', '0.009892173', '0.010965822', '0.010360518', '0.010157803', '0.010234645', '0.009494727', '0.010224993', '0.010285706', '0.010297681', '0.010905967', '0.010171135', '0.010077264', '0.009821979', '0.010965822', '0.010282689', '0.010258966', '0.008821724', '0.010622937', '0.010622937', '0.009861354', '0.009435206', '0.010198057', '0.010214353', '0.008709561', '0.009367392', '0.010274060', '0.010504802', '0.010817449', '0.010445666', '0.010373480', '0.009796124', '0.009019919', '0.009811914', '0.008863152', '0.010860606', '0.010108208', '0.009000862', '0.010388617', '0.010273348', '0.010331555', '0.009012440', '0.010759903', '0.010576962', '0.009549979', '0.008792615', '0.010085256', '0.010613970', '0.010578610', '0.009387743', '0.010234645', '0.010622937', '0.010860606', '0.010078100', '0.008539118', '0.010280548', '0.009046018', '0.010097589', '0.010218819', '0.010250035', '0.010238690', '0.009479651', '0.009718421', '0.009626456', '0.010148538', '0.009030422', '0.010845947', '0.010331555', '0.009221292', '0.008953010', '0.010044144', '0.010361237', '0.009408007', '0.010136712', '0.010370785', '0.008691369', '0.009705796', '0.008671047', '0.010653428', '0.010075936', '0.010229610', '0.010645547', '0.009500787']" 
7 TND_DIS_inv View4 0.106 0.184 0.466 0.078 0.221 0.001 nan 1120.0 11201.0 "['0.009688815', '0.009751970', '0.009928515', '0.010834952', '0.009575186', '0.009361122', '0.010834952', '0.010580243', '0.009717586', '0.009568336', '0.010765268', '0.009778212', '0.009721763', '0.010769752', '0.009566758', '0.009715191', '0.010003299', '0.010132858', '0.010003299', '0.010140965', '0.009524560', '0.009981061', '0.009848864', '0.009754281', '0.010228440', '0.010039728', '0.010807649', '0.009883002', '0.010834952', '0.010013456', '0.010080478', '0.010029571', '0.009843136', '0.009821379', '0.009824149', '0.010080478', '0.010110993', '0.009640794', '0.010127618', '0.010309441', '0.009515231', '0.010771043', '0.009851022', '0.010723902', '0.010099588', '0.009928556', '0.010769752', '0.009541921', '0.010140965', '0.009568626', '0.009781157', '0.009934058', '0.009820542', '0.010231996', '0.008791801', '0.010127618', '0.009839546', '0.010152441', '0.010153667', '0.009239778', '0.010215492', '0.010039493', '0.010039728', '0.009507987', '0.010179570', '0.009987882', '0.009840875', '0.010779100', '0.009877327', '0.009770902', '0.010779100', '0.010803422', '0.009478550', '0.009893444', '0.009878108', '0.009354064', '0.010576485', '0.010017642', '0.010318221', '0.010764894', '0.010020584', '0.010304629', '0.010080478', '0.009975949', '0.010114463', '0.009639201', '0.009880686', '0.009715191', '0.010034254', '0.009393507', '0.010070449', '0.009942131', '0.010186262', '0.009878781', '0.009658088', '0.009950633', '0.009785444', '0.010080478', '0.009265069', '0.009715191']" 
7 TND_DIS_inv Concatenated 0.096 0.178 0.455 0.070 0.229 0.001 nan 1120.0 11201.0 "['0.010309096', '0.010705502', '0.010433444', '0.009385888', '0.009827869', '0.010384318', '0.009302817', '0.010358616', '0.009330765', '0.009678937', '0.010437945', '0.009692410', '0.010458270', '0.010806276', '0.010756767', '0.010339012', '0.009536226', '0.010550885', '0.009262565', '0.010748459', '0.010211741', '0.008887362', '0.010295641', '0.009959481', '0.009926204', '0.009653348', '0.010928783', '0.009635251', '0.010841609', '0.009962874', '0.010364287', '0.010002910', '0.009546982', '0.009872258', '0.010121471', '0.009414552', '0.010192724', '0.008832349', '0.009109182', '0.008667197', '0.009688966', '0.010422824', '0.009625200', '0.010121471', '0.009993192', '0.009696037', '0.010221523', '0.010494544', '0.009990774', '0.009600655', '0.009247932', '0.009525830', '0.009966635', '0.010816721', '0.009395150', '0.009811471', '0.010211741', '0.009643582', '0.010657108', '0.009788505', '0.010921219', '0.010629063', '0.009872258', '0.010205875', '0.010367406', '0.009963552', '0.009996003', '0.010474533', '0.010369370', '0.010157820', '0.010429251', '0.010348268', '0.010960276', '0.009038861', '0.009572111', '0.010776442', '0.009391258', '0.009781962', '0.009891569', '0.010285803', '0.010014754', '0.009895646', '0.010162879', '0.010128434', '0.009678137', '0.010021546', '0.010368559', '0.010378663', '0.009938485', '0.010007970', '0.009956020', '0.009046309', '0.010154668', '0.009504115', '0.010350628', '0.010036669', '0.009688966', '0.009355925', '0.010106660', '0.010119961']" 
7 TND_DIS_inv Multiview 0.116 0.190 0.511 0.081 0.249 0.748 0.048 1120.0 11201.0 "[['0.000284655', '0.000456656', '0.000312948', '0.040797278', '0.000395483', '0.000333888', '0.000477188', '0.001122568', '0.000608455', '0.000449564', '0.000313872', '0.044917900', '0.000327198', '0.045381527', '0.002206980', '0.000309137', '0.000556081', '0.039626982', '0.004946144', '0.000865790', '0.001113914', '0.000358230', '0.000513327', '0.002405264', '0.018654734', '0.000569920', '0.036296193', '0.000493004', '0.039574053', '0.000800318', '0.000295223', '0.043323573', '0.000420042', '0.001159708', '0.000408464', '0.000384002', '0.004071966', '0.042875249', '0.000466577', '0.042367768', '0.000838706', '0.000447354', '0.003106051', '0.044028148', '0.000377451', '0.053420831', '0.001285398', '0.000587182', '0.001354557', '0.000382684', '0.000442317', '0.002267856', '0.004844935', '0.000371364', '0.000347112', '0.000352168', '0.001442201', '0.000617840', '0.000674438', '0.000674265', '0.050076228', '0.000900579', '0.001021835', '0.005541705', '0.000461045', '0.001161697', '0.000328766', '0.000448387', '0.049978115', '0.000827262', '0.000344924', '0.000625339', '0.000318797', '0.000827572', '0.025996424', '0.000549408', '0.052710865', '0.001024973', '0.000775039', '0.000556197', '0.001757163', '0.001411917', '0.000866600', '0.000364790', '0.000816724', '0.004388418', '0.054992102', '0.000846907', '0.001492962', '0.005553386', '0.000335393', '0.001117051', '0.046282243', '0.000465428', '0.051316395', '0.000882385', '0.000470559', '0.043736950', '0.002821645', '0.046501175'], ['0.000920065', '0.020381341', '0.002797791', '0.002707593', '0.028007548', '0.002164670', '0.001845619', '0.009195188', '0.030195219', '0.001631885', '0.031910479', '0.001429475', '0.001214979', '0.001476881', '0.005318969', '0.023138512', '0.003242805', '0.002859915', '0.005065565', '0.030326765', '0.002997684', '0.031148978', '0.012525083', '0.001341159', '0.001270475', '0.005806929', '0.003824093', '0.002201639', '0.001065584', '0.028005596', '0.001572802', '0.001219767', '0.009386937', '0.015247775', '0.008153506', '0.027681872', '0.005739407', '0.001359933', '0.005997690', '0.001270396', '0.025422947', '0.008227297', '0.010309951', '0.000833549', '0.020812999', '0.000953759', '0.008423791', '0.003980896', '0.004017754', '0.008926975', '0.033880692', '0.026662048', '0.001268899', '0.013136069', '0.031710435', '0.005936169', '0.004606150', '0.030420212', '0.011833341', '0.006016371', '0.000796823', '0.001312287', '0.011392865', '0.010918452', '0.021611795', '0.012746738', '0.018626178', '0.002302898', '0.000663613', '0.004205062', '0.020662222', '0.020645469', '0.002947627', '0.010645430', '0.003132086', '0.021521222', '0.001530779', '0.013808844', '0.009983455', '0.007546649', '0.011191565', '0.029633854', '0.005268438', '0.023114040', '0.003370632', '0.002813149', '0.000462313', '0.022877142', '0.019660795', '0.002165923', '0.009273429', '0.002675204', '0.000851841', '0.017973986', '0.000750026', '0.013930161', '0.002981367', '0.000847928', '0.001457657', '0.000671178'], ['0.003041187', '0.006326321', '0.014485097', '0.003376484', '0.001941189', '0.029463939', '0.014906214', '0.004951606', '0.003694424', '0.027113946', '0.001589184', '0.001257948', '0.018132593', '0.001218984', '0.012860197', '0.001603339', '0.026772965', '0.002989294', '0.006979272', '0.004217723', '0.021570651', '0.001419083', '0.021238480', '0.023340937', '0.001434963', '0.002774317', '0.002513365', '0.030239314', '0.001549798', '0.003190194', '0.002959199', '0.003109893', '0.014766046', '0.005607571', '0.006907572', '0.004966429', '0.006397611', '0.002135482', '0.003217416', '0.002278115', '0.002433008', '0.002661061', '0.021622365', '0.002420447', '0.005059520', '0.000789485', '0.001887458', '0.025423320', '0.012573958', '0.020506805', '0.001008882', '0.001927132', '0.028841110', '0.023487965', '0.002477936', '0.001089049', '0.030571353', '0.003936676', '0.001453557', '0.024934679', '0.002049703', '0.031756531', '0.006399841', '0.010140300', '0.001580380', '0.002139613', '0.014205853', '0.036254864', '0.000739161', '0.026182123', '0.013273100', '0.001532866', '0.033516735', '0.016629459', '0.004397651', '0.013366594', '0.000725120', '0.001522523', '0.015614225', '0.003807814', '0.024080211', '0.002921119', '0.009247308', '0.007705275', '0.008031066', '0.023616226', '0.000566041', '0.001003603', '0.012567436', '0.021089504', '0.001111399', '0.034011595', '0.000732999', '0.001104327', '0.000634336', '0.012485662', '0.035119005', '0.001167356', '0.001083222', '0.002243739'], ['0.034767743', '0.008895051', '0.019841034', '0.003147482', '0.005585132', '0.007013647', '0.019694796', '0.022957940', '0.003386134', '0.008404933', '0.003968758', '0.001490268', '0.019422121', '0.001137741', '0.016563937', '0.011890953', '0.008525332', '0.002375581', '0.021489216', '0.002296378', '0.012665189', '0.004712014', '0.004247658', '0.011104985', '0.016374579', '0.027086189', '0.002653808', '0.007105751', '0.004017168', '0.005415850', '0.033894077', '0.001193034', '0.011968967', '0.016580505', '0.022071937', '0.003893807', '0.022902254', '0.001741799', '0.027111650', '0.001790093', '0.007177886', '0.025013130', '0.002681552', '0.001026618', '0.010059891', '0.001380333', '0.024697550', '0.006479997', '0.018696561', '0.006996883', '0.001770594', '0.004908022', '0.003902251', '0.001409178', '0.002615920', '0.030654879', '0.002661304', '0.003140799', '0.022165051', '0.008176981', '0.000787339', '0.003147441', '0.014410926', '0.011113876', '0.013233163', '0.018072205', '0.003457724', '0.001178703', '0.001524779', '0.007061962', '0.002258657', '0.013210437', '0.001919760', '0.010849967', '0.007122639', '0.001169684', '0.000962407', '0.019429490', '0.009321478', '0.024586182', '0.002306044', '0.003612116', '0.021276237', '0.005545094', '0.026212808', '0.007009793', '0.001239162', '0.011628011', '0.001976105', '0.008790803', '0.027547844', '0.001171482', '0.003962396', '0.016645193', '0.000878966', '0.009627584', '0.001216468', '0.002706534', '0.034009814', '0.000817827']]" "['0.134623021', '0.307281107', '0.269677848', '0.288418025']"
7 TND View1 0.284 0.352 0.836 0.164 0.377 0.071 nan 1120.0 1120.0 "['0.014697059', '0.006293304', '0.013083985', '0.012917236', '0.005406496', '0.007758815', '0.026278164', '0.009177340', '0.008423726', '0.010070127', '0.007132441', '0.010237050', '0.006340585', '0.009141572', '0.009198390', '0.010069027', '0.011669017', '0.009990038', '0.009112455', '0.009141572', '0.008602137', '0.011542398', '0.008326655', '0.008524618', '0.008423726', '0.007132441', '0.008732649', '0.007877076', '0.008524618', '0.008423971', '0.008623605', '0.010052963', '0.008251659', '0.009112455', '0.023144998', '0.030546313', '0.008732649', '0.009112455', '0.006184297', '0.021498851', '0.014697059', '0.005421732', '0.016318996', '0.008524618', '0.006889481', '0.014706453', '0.007232828', '0.006415182', '0.011217568', '0.006189110', '0.007232828', '0.008326655', '0.009192502', '0.004700101', '0.005975229', '0.005644579', '0.009664554', '0.009198390', '0.008506451', '0.009177340', '0.010197074', '0.008875762', '0.005421732', '0.008732649', '0.011595794', '0.016225444', '0.008131158', '0.022995245', '0.008668221', '0.008524618', '0.007498553', '0.009096078', '0.006853061', '0.009197072', '0.009990038', '0.005421732', '0.013049304', '0.014697059', '0.005654459', '0.007784304', '0.009927196', '0.008998925', '0.007877076', '0.007568755', '0.009577429', '0.010052963', '0.011805671', '0.014697059', '0.007346480', '0.009177340', '0.007004816', '0.011595794', '0.012217046', '0.005343254', '0.008668221', '0.009112455', '0.006293304', '0.008842366', '0.011805671', '0.020738220']" 
7 TND View2 0.119 0.174 0.449 0.078 0.193 0.013 nan 1120.0 1120.0 "['0.010525575', '0.008963053', '0.010044227', '0.010461936', '0.012945720', '0.009686792', '0.008477906', '0.011490374', '0.010643108', '0.008637108', '0.013177813', '0.009881278', '0.009419084', '0.011323871', '0.009881278', '0.010956275', '0.010650150', '0.010997295', '0.011296333', '0.012902036', '0.009337173', '0.010651937', '0.007569297', '0.011512368', '0.012208078', '0.009817166', '0.008025623', '0.009434246', '0.015778894', '0.011225948', '0.011323871', '0.008160430', '0.008963053', '0.009564598', '0.007829730', '0.010562240', '0.014145322', '0.009492152', '0.012245946', '0.009730845', '0.010569530', '0.007377011', '0.008565784', '0.010576371', '0.010956275', '0.007377011', '0.009713504', '0.007866440', '0.007377011', '0.009462511', '0.011581594', '0.009886066', '0.010289081', '0.010813382', '0.011581594', '0.008343796', '0.008565784', '0.007298625', '0.009494307', '0.011547762', '0.007157753', '0.011905746', '0.009374157', '0.010512357', '0.010646179', '0.008792305', '0.008202648', '0.009805089', '0.010540658', '0.010576371', '0.010001324', '0.009894731', '0.012410055', '0.009037492', '0.009738347', '0.010079646', '0.009473935', '0.010646856', '0.011581594', '0.011463069', '0.007377011', '0.009058559', '0.008004365', '0.009075887', '0.011296333', '0.010277899', '0.007377011', '0.010277439', '0.010281334', '0.007569297', '0.010562240', '0.009660243', '0.009166214', '0.012344927', '0.009419900', '0.010554127', '0.009886066', '0.008160430', '0.010866030', '0.007760826']" 
7 TND View3 0.161 0.201 0.555 0.101 0.199 0.042 nan 1120.0 1120.0 "['0.009243160', '0.008989745', '0.007879962', '0.008065159', '0.009880853', '0.007879962', '0.009611451', '0.007801937', '0.008490195', '0.006063815', '0.007974132', '0.008848188', '0.006919191', '0.009836877', '0.009447773', '0.009155123', '0.009555452', '0.008412290', '0.008065159', '0.007879962', '0.009262781', '0.022933707', '0.021552663', '0.006610921', '0.008397342', '0.012092815', '0.009769042', '0.009880853', '0.009827381', '0.008219321', '0.009813874', '0.007879962', '0.009609854', '0.008185274', '0.009327030', '0.009837153', '0.009837153', '0.008054801', '0.009721149', '0.009615998', '0.013263921', '0.009731431', '0.007177452', '0.008490195', '0.009699922', '0.009836975', '0.009697662', '0.009819355', '0.007801937', '0.009643381', '0.008076667', '0.007871691', '0.008989745', '0.008421267', '0.015858317', '0.009797527', '0.009540393', '0.009772177', '0.011133694', '0.009029108', '0.009759719', '0.008604690', '0.019678840', '0.009513790', '0.009777577', '0.009784712', '0.007253717', '0.021552663', '0.009837153', '0.008989745', '0.009785895', '0.009446318', '0.008490195', '0.008508401', '0.008343642', '0.008409303', '0.021556135', '0.012376805', '0.007888246', '0.008286810', '0.009634648', '0.007804654', '0.008541221', '0.008967141', '0.009772177', '0.006275473', '0.006063815', '0.008833362', '0.009088011', '0.021742778', '0.009805460', '0.009768379', '0.014317726', '0.008787614', '0.009383512', '0.009828808', '0.008296099', '0.021524908', '0.009852795', '0.009784739']" 
7 TND View4 0.104 0.185 0.443 0.077 0.216 0.005 nan 1120.0 1120.0 "['0.009907310', '0.010987264', '0.011384190', '0.011014742', '0.009299541', '0.010735589', '0.011014742', '0.010567463', '0.011257772', '0.009976888', '0.009445689', '0.008634912', '0.010061393', '0.009726250', '0.009734298', '0.008520969', '0.008803071', '0.009062285', '0.008803071', '0.011613453', '0.010600979', '0.009192939', '0.011401928', '0.012197072', '0.011688387', '0.009600386', '0.009622497', '0.011527515', '0.011014742', '0.009335000', '0.009072731', '0.011512741', '0.008813435', '0.009939864', '0.011373854', '0.009072731', '0.009769245', '0.009855657', '0.008996096', '0.009934056', '0.011473253', '0.011123589', '0.009381739', '0.009450873', '0.010871771', '0.008592878', '0.009726250', '0.009046436', '0.011613453', '0.009737307', '0.009112432', '0.008583733', '0.010452713', '0.011949004', '0.009401813', '0.008996096', '0.011090090', '0.010014959', '0.010494978', '0.009393486', '0.010822019', '0.009966235', '0.009600386', '0.010459921', '0.011559253', '0.008792533', '0.009293451', '0.009452379', '0.010955879', '0.008561650', '0.009452379', '0.009608842', '0.010988777', '0.010999413', '0.010175033', '0.009495827', '0.009837050', '0.011501998', '0.009923714', '0.009649524', '0.011568258', '0.009429573', '0.009072731', '0.009669121', '0.008993922', '0.009826377', '0.011500914', '0.008520969', '0.011591957', '0.011769441', '0.008909744', '0.008615300', '0.009321044', '0.008951429', '0.010866283', '0.009061264', '0.008601922', '0.009072731', '0.009460120', '0.008520969']" 
7 TND Concatenated 0.088 0.179 0.404 0.069 0.221 0.006 nan 1120.0 1120.0 "['0.009099053', '0.009734862', '0.011247223', '0.010590672', '0.008479215', '0.009645888', '0.010097824', '0.009254725', '0.010686387', '0.008804712', '0.009356239', '0.011721238', '0.011744010', '0.009548983', '0.010150116', '0.009632677', '0.010642361', '0.011548461', '0.008681865', '0.010109589', '0.009196080', '0.009848133', '0.009130654', '0.009744938', '0.008700944', '0.010815332', '0.009690297', '0.010981617', '0.009631570', '0.010547616', '0.008835690', '0.011747150', '0.009930211', '0.011464367', '0.009014327', '0.008714382', '0.011866015', '0.010306887', '0.008427356', '0.008681865', '0.011015060', '0.011098051', '0.010882736', '0.009014327', '0.008606493', '0.010106990', '0.008836508', '0.009560488', '0.010971273', '0.011471107', '0.009986844', '0.008800554', '0.010652203', '0.010290962', '0.014526487', '0.009329559', '0.009196080', '0.010981617', '0.010470222', '0.009730431', '0.009690297', '0.011532674', '0.011464367', '0.009180677', '0.009011723', '0.009136872', '0.008826906', '0.010995570', '0.011126542', '0.011772723', '0.010011535', '0.009206604', '0.010126275', '0.008332483', '0.010471569', '0.009650266', '0.008582551', '0.011692596', '0.010636692', '0.009531657', '0.010645184', '0.008967083', '0.010108291', '0.009041820', '0.009448694', '0.008759916', '0.009276401', '0.009794312', '0.009544369', '0.010952580', '0.009705366', '0.008324969', '0.010044154', '0.010643774', '0.008826906', '0.011703836', '0.011015060', '0.009821890', '0.008732205', '0.010083167']" 
7 TND Multiview 0.068 0.215 0.451 0.077 0.277 0.401 0.029 1120.0 1120.0 "[['0.037934303', '0.001335951', '0.020421807', '0.028705008', '0.001074234', '0.001065557', '0.060670629', '0.000749454', '0.001315383', '0.002975931', '0.001139968', '0.012427595', '0.001236236', '0.001709310', '0.000976854', '0.003184256', '0.023581116', '0.002680205', '0.000744335', '0.002435101', '0.001860730', '0.015001006', '0.001408543', '0.000961719', '0.000974132', '0.001441494', '0.001415307', '0.001649731', '0.002257989', '0.001813632', '0.001318387', '0.001394880', '0.002164334', '0.002906496', '0.055761248', '0.071764342', '0.003395680', '0.001932823', '0.001520630', '0.053039055', '0.041608054', '0.001092149', '0.041067343', '0.000868880', '0.001490412', '0.031834107', '0.001900530', '0.001025168', '0.015354361', '0.001928319', '0.001569212', '0.001660199', '0.002272048', '0.001405985', '0.001785354', '0.002156878', '0.001859871', '0.001341388', '0.001758153', '0.002719326', '0.003023947', '0.002129998', '0.001489801', '0.003440825', '0.008958059', '0.047682855', '0.001656805', '0.061255813', '0.001581680', '0.001149907', '0.002156941', '0.002274729', '0.001621210', '0.003406714', '0.001338983', '0.001592595', '0.027674301', '0.042266801', '0.002355626', '0.002214008', '0.004354846', '0.003372139', '0.002010442', '0.002214636', '0.002403548', '0.001361150', '0.016066071', '0.030868322', '0.001995300', '0.001001217', '0.003199891', '0.024217214', '0.020383738', '0.003067530', '0.002382903', '0.002054723', '0.001275284', '0.001452179', '0.027099639', '0.042904519'], ['0.006243399', '0.007253869', '0.002539360', '0.008145234', '0.002502412', '0.021601554', '0.002736902', '0.001195851', '0.011251777', '0.015355223', '0.012486282', '0.008281912', '0.016364330', '0.010288677', '0.002393934', '0.010522183', '0.004755778', '0.006931402', '0.001370085', '0.012268353', '0.014807616', '0.007750724', '0.015905539', '0.029717360', '0.010446343', '0.021955049', '0.007158509', '0.014767603', '0.013675070', '0.008986104', '0.018693987', '0.002439670', '0.006800187', '0.013419924', '0.001716064', '0.001670245', '0.013435532', '0.017541198', '0.012073522', '0.002579931', '0.003520853', '0.004296277', '0.003625233', '0.036956914', '0.009316439', '0.002210651', '0.011954552', '0.003842503', '0.014023167', '0.012728101', '0.010222297', '0.007819712', '0.017458312', '0.009683138', '0.009955524', '0.015566072', '0.007965643', '0.005508653', '0.009791374', '0.009487150', '0.010657363', '0.007569950', '0.024537077', '0.009250113', '0.006936215', '0.003534520', '0.008660137', '0.000831807', '0.017761147', '0.009252781', '0.011075785', '0.012638208', '0.009417912', '0.012430381', '0.008756376', '0.008653069', '0.011361325', '0.005456815', '0.012043991', '0.011656271', '0.010718848', '0.012429092', '0.012658260', '0.007368263', '0.019284271', '0.012406725', '0.014141139', '0.006853053', '0.008460480', '0.006541253', '0.011793539', '0.004267241', '0.004713283', '0.010620108', '0.010356884', '0.012443139', '0.015504031', '0.006794222', '0.002324632', '0.001879018'], ['0.002676436', '0.007350591', '0.019673834', '0.004602632', '0.028934103', '0.011083704', '0.004810376', '0.036086179', '0.005000138', '0.008121160', '0.003728840', '0.004256357', '0.004962903', '0.007642839', '0.030794401', '0.007574101', '0.009725302', '0.006149911', '0.036515016', '0.007484966', '0.007948312', '0.017469203', '0.010022967', '0.006042834', '0.022255719', '0.003291644', '0.015813615', '0.005920155', '0.004225244', '0.013453343', '0.007701367', '0.030549778', '0.018001398', '0.006211369', '0.005633170', '0.003080403', '0.006061265', '0.004481144', '0.007471265', '0.003447396', '0.003742452', '0.030086134', '0.002464036', '0.002010233', '0.012106050', '0.010660687', '0.006344260', '0.029638380', '0.011243155', '0.005663636', '0.011563874', '0.002488632', '0.009136726', '0.009713451', '0.020714313', '0.002798337', '0.008009344', '0.028349165', '0.008078643', '0.012407720', '0.008943931', '0.019466843', '0.003554475', '0.010523739', '0.002388587', '0.000946725', '0.004713950', '0.003083532', '0.002297923', '0.004374596', '0.006047822', '0.007785897', '0.009427232', '0.015353490', '0.004918968', '0.001461244', '0.000959218', '0.000917782', '0.014484952', '0.005435821', '0.011428360', '0.017275402', '0.006345190', '0.023622155', '0.002628046', '0.026487822', '0.001064798', '0.001762819', '0.004729064', '0.035397667', '0.004141168', '0.006954811', '0.000971512', '0.004721554', '0.004719063', '0.009176636', '0.005154371', '0.028139103', '0.003006892', '0.001712198'], ['0.003458283', '0.019821160', '0.003717327', '0.005379146', '0.007442844', '0.005704727', '0.001502819', '0.005939386', '0.018524693', '0.009535297', '0.021244075', '0.013406959', '0.014036854', '0.015735723', '0.008505706', '0.012746187', '0.006482974', '0.021133546', '0.004541210', '0.012020335', '0.010269055', '0.004209985', '0.011418346', '0.003817534', '0.007492961', '0.008519444', '0.011822610', '0.012187855', '0.013729281', '0.012155623', '0.008377626', '0.009051810', '0.006295232', '0.013210706', '0.001670565', '0.000968132', '0.013506641', '0.011151592', '0.013795423', '0.001723992', '0.001442774', '0.005988684', '0.004909201', '0.002410540', '0.011493145', '0.005294000', '0.013592271', '0.009749017', '0.002360691', '0.012148230', '0.010139906', '0.022104260', '0.005494704', '0.016308939', '0.002863189', '0.012320509', '0.019143920', '0.010031510', '0.012931878', '0.010316127', '0.012302072', '0.004936696', '0.005128648', '0.012813196', '0.019950278', '0.000959033', '0.019209737', '0.000651896', '0.014204028', '0.022624198', '0.014579395', '0.010199693', '0.015968485', '0.003424695', '0.022471011', '0.026003016', '0.003971929', '0.001209370', '0.003937915', '0.014740474', '0.008525641', '0.002242822', '0.011708571', '0.003846522', '0.012435622', '0.004017932', '0.008421625', '0.008595052', '0.018178143', '0.000911177', '0.017294100', '0.005861053', '0.015287517', '0.012823180', '0.014267330', '0.010501190', '0.015411796', '0.001365867', '0.008732983', '0.012988954']]" "['0.161181346', '0.291494161', '0.244573563', '0.302750915']"
7 TND_inv View1 0.283 0.352 0.833 0.163 0.378 0.068 nan 1120.0 1120.0 "['0.016721668', '0.007090088', '0.015519849', '0.015378212', '0.007092424', '0.007201397', '0.022109123', '0.008110303', '0.008411705', '0.008868784', '0.007101305', '0.011929777', '0.007088403', '0.007960221', '0.008059892', '0.008932024', '0.014155559', '0.008811598', '0.008136742', '0.007960221', '0.007545234', '0.014009949', '0.007400072', '0.007500749', '0.008411705', '0.007101305', '0.008571429', '0.007233002', '0.007500749', '0.008414543', '0.007558080', '0.008928509', '0.007366541', '0.008136742', '0.020887237', '0.023736080', '0.008571429', '0.008136742', '0.007094495', '0.020211412', '0.016721668', '0.007094454', '0.017719554', '0.007500749', '0.007086904', '0.016727949', '0.007110739', '0.007086105', '0.013609403', '0.007094289', '0.007110739', '0.007400072', '0.008094233', '0.006711347', '0.007103603', '0.007109652', '0.008615596', '0.008059892', '0.007490744', '0.008110303', '0.008969150', '0.008666891', '0.007094454', '0.008571429', '0.014072001', '0.017666114', '0.007317632', '0.020827057', '0.008543079', '0.007500749', '0.007147156', '0.008140940', '0.007085676', '0.008052982', '0.008811598', '0.007094454', '0.015490720', '0.016721668', '0.007109832', '0.007207818', '0.008769487', '0.007823763', '0.007233002', '0.007159844', '0.008571508', '0.008928509', '0.014307108', '0.016721668', '0.007124180', '0.008110303', '0.007092338', '0.014072001', '0.014733366', '0.007082250', '0.008543079', '0.008136742', '0.007090088', '0.007702644', '0.014307108', '0.019886294']" 
7 TND_inv View2 0.120 0.175 0.448 0.078 0.193 0.008 nan 1120.0 1120.0 "['0.009825188', '0.009618996', '0.011280412', '0.009217016', '0.012538236', '0.009518974', '0.008775925', '0.009906230', '0.009300241', '0.008819574', '0.012615659', '0.009092784', '0.010702132', '0.011970646', '0.009092784', '0.010109585', '0.009311495', '0.011827386', '0.011959280', '0.012523920', '0.009555932', '0.009328899', '0.008555782', '0.012045773', '0.012296376', '0.011129738', '0.008656313', '0.010633118', '0.013842315', '0.010027972', '0.011970646', '0.008690150', '0.009618996', '0.010935112', '0.008610663', '0.009378431', '0.012986973', '0.009018566', '0.012309144', '0.009514333', '0.011603482', '0.008519031', '0.008800142', '0.009374818', '0.010109585', '0.008519031', '0.011055272', '0.008618914', '0.008519031', '0.010826152', '0.009839328', '0.009732247', '0.009171978', '0.011736684', '0.009839328', '0.008739009', '0.008800142', '0.008504448', '0.010552580', '0.012059432', '0.008476665', '0.012191572', '0.009699798', '0.009233143', '0.009304319', '0.008860547', '0.008701142', '0.010390251', '0.010204898', '0.009374818', '0.009114574', '0.009095225', '0.012363716', '0.008920399', '0.010414856', '0.009129066', '0.010841556', '0.009305340', '0.009839328', '0.012026530', '0.008519031', '0.008925268', '0.008651160', '0.009672946', '0.011959280', '0.009432808', '0.008519031', '0.009169338', '0.009170215', '0.008555782', '0.009378431', '0.009521724', '0.009577534', '0.012342202', '0.010686820', '0.009248386', '0.009732247', '0.008690150', '0.010132109', '0.008595527']" 
7 TND_inv View3 0.170 0.201 0.568 0.104 0.193 0.012 nan 1120.0 1120.0 "['0.010401537', '0.010213256', '0.009797685', '0.008772744', '0.009726767', '0.009797685', '0.009091051', '0.008701188', '0.008867785', '0.008169827', '0.009823426', '0.008928457', '0.008454739', '0.009620962', '0.010531736', '0.010329059', '0.010608692', '0.008852474', '0.008772744', '0.009797685', '0.008996462', '0.016446475', '0.015414109', '0.008392509', '0.008849429', '0.011374236', '0.009218316', '0.009726767', '0.009536718', '0.008810441', '0.009506297', '0.009797685', '0.009090328', '0.009889455', '0.009009100', '0.009610222', '0.009610222', '0.009847406', '0.010738286', '0.010655567', '0.011500216', '0.010746283', '0.008517884', '0.008867785', '0.009143464', '0.009583643', '0.009141724', '0.009517046', '0.008701188', '0.009106879', '0.008775675', '0.009795546', '0.010213256', '0.008854285', '0.012228623', '0.009479859', '0.009063415', '0.009223825', '0.011277011', '0.010236770', '0.009390820', '0.010041767', '0.014179037', '0.010577631', '0.009449222', '0.009258451', '0.008539006', '0.015414109', '0.009610222', '0.010213256', '0.009269466', '0.010530780', '0.008867785', '0.010005137', '0.008838196', '0.008851866', '0.015416567', '0.011397539', '0.009799847', '0.009924401', '0.010670234', '0.008701968', '0.008877329', '0.010200653', '0.009223825', '0.008294143', '0.008169827', '0.010135365', '0.008965995', '0.015549910', '0.009492019', '0.009342493', '0.011718363', '0.010115445', '0.010491706', '0.009541034', '0.008827872', '0.015394445', '0.009669767', '0.009288607']" 
7 TND_inv View4 0.104 0.185 0.442 0.077 0.216 0.005 nan 1120.0 1120.0 "['0.009871054', '0.010991961', '0.011355609', '0.011016783', '0.009293346', '0.010742648', '0.011016783', '0.010576681', '0.011223346', '0.010004412', '0.009438903', '0.008513168', '0.010104372', '0.009719564', '0.009728430', '0.008464616', '0.008627193', '0.009122420', '0.008627193', '0.011709239', '0.010609867', '0.009227318', '0.011377124', '0.012266123', '0.011834940', '0.009591099', '0.009612734', '0.011558139', '0.011016783', '0.009318590', '0.009132799', '0.011533932', '0.008639481', '0.009940372', '0.011343454', '0.009132799', '0.009768372', '0.009862715', '0.009041265', '0.009928850', '0.011473150', '0.011108991', '0.009359200', '0.009446715', '0.010880631', '0.008494137', '0.009719564', '0.009105665', '0.011709239', '0.009731782', '0.009168380', '0.008490206', '0.010458673', '0.012113382', '0.009379953', '0.009041265', '0.011081381', '0.010055462', '0.010503061', '0.009371021', '0.010830399', '0.009987604', '0.009591099', '0.010466321', '0.011612491', '0.008615994', '0.009289376', '0.009448942', '0.010962727', '0.008480953', '0.009448942', '0.009599303', '0.010993346', '0.011003027', '0.010198483', '0.009498985', '0.009844631', '0.011516823', '0.009907373', '0.009639788', '0.011628377', '0.009414804', '0.009132799', '0.009659652', '0.009037974', '0.009833546', '0.011515121', '0.008464616', '0.011670725', '0.011944760', '0.008859034', '0.008504075', '0.009308158', '0.008961419', '0.010875134', '0.009121378', '0.008498093', '0.009132799', '0.009459955', '0.008464616']" 
7 TND_inv Concatenated 0.088 0.179 0.404 0.069 0.221 0.006 nan 1120.0 1120.0 "['0.009104397', '0.009739400', '0.011203943', '0.010598929', '0.008399157', '0.009645740', '0.010096959', '0.009230033', '0.010690454', '0.008800490', '0.009346814', '0.011860742', '0.011894168', '0.009546070', '0.010146950', '0.009631417', '0.010645711', '0.011585413', '0.008562012', '0.010107723', '0.009179274', '0.009869224', '0.009128633', '0.009748769', '0.008595929', '0.010836924', '0.009694220', '0.010982570', '0.009630227', '0.010560744', '0.008850504', '0.011898662', '0.009953704', '0.011456814', '0.009037484', '0.008622293', '0.012044889', '0.010320400', '0.008374156', '0.008562012', '0.011008857', '0.011074985', '0.010901502', '0.009037484', '0.008474977', '0.010105328', '0.008851719', '0.009557205', '0.010974414', '0.011466608', '0.010002003', '0.008793196', '0.010655210', '0.010303640', '0.014264645', '0.009313921', '0.009179274', '0.010982570', '0.010486787', '0.009735184', '0.009694220', '0.011560412', '0.011456814', '0.009167108', '0.009035351', '0.009133387', '0.008837107', '0.010993543', '0.011098341', '0.011934110', '0.010022460', '0.009187774', '0.010123403', '0.008327311', '0.010488135', '0.009650521', '0.008457172', '0.011816912', '0.010640354', '0.009529604', '0.010648408', '0.008997438', '0.010106525', '0.009059662', '0.009450307', '0.008715704', '0.009251821', '0.009792023', '0.009541653', '0.010959580', '0.009710144', '0.008323405', '0.010049873', '0.010647058', '0.008837107', '0.011834318', '0.011008857', '0.009815955', '0.008658803', '0.010083806']" 
7 TND_inv Multiview 0.068 0.214 0.450 0.076 0.276 0.450 0.033 1120.0 1120.0 "[['0.038785908', '0.001033723', '0.018415706', '0.028536594', '0.000831476', '0.000854835', '0.065591663', '0.000628111', '0.001066208', '0.002338300', '0.000912561', '0.010256889', '0.000969497', '0.001358815', '0.000799138', '0.002370232', '0.022898421', '0.002091662', '0.000615879', '0.001880800', '0.001459808', '0.012510137', '0.001129694', '0.000763874', '0.000806862', '0.001098887', '0.001086253', '0.001275033', '0.001768902', '0.001393001', '0.001038302', '0.001114471', '0.001623950', '0.002278193', '0.061495565', '0.077966943', '0.002731517', '0.001510558', '0.001184934', '0.058732662', '0.044494029', '0.000865323', '0.043905091', '0.000688893', '0.001148113', '0.032806262', '0.001486339', '0.000834579', '0.013065896', '0.001453623', '0.001179327', '0.001238613', '0.001776129', '0.001099856', '0.001397257', '0.001660621', '0.001420483', '0.001087472', '0.001297072', '0.002082775', '0.002267566', '0.001636429', '0.001110444', '0.002698834', '0.006353930', '0.052153520', '0.001258140', '0.066618465', '0.001212864', '0.000922025', '0.001684121', '0.001746862', '0.001263394', '0.002688912', '0.001118023', '0.001225887', '0.026583929', '0.044267703', '0.001842521', '0.001749208', '0.003472540', '0.002677646', '0.001539156', '0.001795191', '0.001856232', '0.001118005', '0.014002792', '0.031474400', '0.001498733', '0.000808202', '0.002748559', '0.023876285', '0.020118993', '0.002439401', '0.001758607', '0.001581946', '0.000986383', '0.001107387', '0.027593087', '0.046949949'], ['0.006959043', '0.007485789', '0.002307439', '0.008959867', '0.002110930', '0.021593304', '0.002415078', '0.001029303', '0.011179024', '0.015081855', '0.012175474', '0.007754628', '0.016621325', '0.010182261', '0.001937182', '0.010696258', '0.004697043', '0.006789832', '0.001161932', '0.012456739', '0.015061862', '0.007488329', '0.016075909', '0.029624719', '0.010544484', '0.022110967', '0.007171872', '0.015197058', '0.014026131', '0.009131897', '0.018302398', '0.002081926', '0.006353218', '0.013618949', '0.001517205', '0.001394486', '0.013546270', '0.017833343', '0.012171092', '0.002170139', '0.003263819', '0.004213568', '0.003523399', '0.037328910', '0.009381841', '0.001981842', '0.011923515', '0.003388525', '0.014659077', '0.012626532', '0.009738822', '0.007863496', '0.017448060', '0.009480341', '0.010131105', '0.014899290', '0.007837717', '0.005122760', '0.009407796', '0.009874933', '0.010767104', '0.007984724', '0.025407849', '0.009276083', '0.007314922', '0.002740611', '0.008677881', '0.000750874', '0.018416012', '0.009209144', '0.011060918', '0.011869451', '0.009240112', '0.012236682', '0.008577297', '0.008824266', '0.012198796', '0.005530837', '0.011967291', '0.011744637', '0.010663849', '0.012379616', '0.012751570', '0.007386695', '0.019985953', '0.012196405', '0.015285222', '0.006990295', '0.007988203', '0.006561015', '0.011894406', '0.004100569', '0.004787654', '0.010371066', '0.010675678', '0.012663968', '0.015901029', '0.006738384', '0.002257067', '0.001513928'], ['0.002703049', '0.007203504', '0.021595417', '0.004788024', '0.029377056', '0.010991606', '0.004635648', '0.036161732', '0.004736531', '0.008007132', '0.003397745', '0.003680374', '0.004620617', '0.007526958', '0.031869784', '0.007351321', '0.010828569', '0.006316078', '0.036798745', '0.007191907', '0.007843493', '0.019554494', '0.009984344', '0.005882190', '0.021739118', '0.002940260', '0.015435530', '0.005192424', '0.003990158', '0.013091582', '0.007695219', '0.030948192', '0.019141743', '0.006210988', '0.004859603', '0.002690448', '0.006106079', '0.004145187', '0.007371359', '0.003145907', '0.003765584', '0.030230818', '0.002308520', '0.001765177', '0.011824910', '0.011558577', '0.006568504', '0.029891994', '0.011775875', '0.005193633', '0.011981386', '0.002138593', '0.009089149', '0.009961128', '0.020849932', '0.002421973', '0.007409057', '0.028733017', '0.008666474', '0.011514142', '0.009036702', '0.019563470', '0.003115362', '0.011109792', '0.002060862', '0.000811216', '0.004255103', '0.002648738', '0.001973844', '0.003959706', '0.005838834', '0.008451822', '0.009186961', '0.016207473', '0.004798032', '0.001243065', '0.000840876', '0.000781192', '0.015314684', '0.005611583', '0.011185037', '0.017917955', '0.006240726', '0.023623167', '0.002263564', '0.027020814', '0.000928736', '0.001528701', '0.004466034', '0.035097741', '0.004104166', '0.007355736', '0.000850834', '0.004313275', '0.004517974', '0.009006227', '0.004538271', '0.028558787', '0.002849601', '0.001424817'], ['0.003706078', '0.019557888', '0.003361642', '0.005764230', '0.007364207', '0.005552882', '0.001328116', '0.005787089', '0.018710051', '0.009929528', '0.021769080', '0.015535739', '0.014011526', '0.015868057', '0.007875297', '0.013037247', '0.006587543', '0.021202601', '0.004311114', '0.012114381', '0.010049172', '0.003888376', '0.011030338', '0.003761659', '0.007524343', '0.008631759', '0.012086514', '0.012367291', '0.013580194', '0.012278390', '0.008505986', '0.008979807', '0.005798746', '0.013135542', '0.001453885', '0.000798918', '0.013462123', '0.011176494', '0.013632536', '0.001461507', '0.001251742', '0.005788230', '0.005098132', '0.002152665', '0.011520966', '0.005138446', '0.013291202', '0.009776367', '0.002110081', '0.012691304', '0.010160819', '0.022552213', '0.005537354', '0.016185241', '0.002507958', '0.013208290', '0.019849367', '0.009751962', '0.012335714', '0.010839486', '0.012304069', '0.004418252', '0.004619434', '0.012402158', '0.021967404', '0.000787706', '0.019623997', '0.000572775', '0.013799853', '0.022936266', '0.014774105', '0.010350300', '0.016275723', '0.003038043', '0.022597957', '0.025974829', '0.003901557', '0.001007417', '0.003321101', '0.014507470', '0.009004527', '0.001897064', '0.011787487', '0.003707724', '0.012177075', '0.003499615', '0.008629006', '0.009008026', '0.018953443', '0.000779317', '0.017108418', '0.005808540', '0.015205417', '0.012946389', '0.014004897', '0.010380246', '0.015536324', '0.001105968', '0.008512174', '0.012042490']]" "['0.155852705', '0.293859988', '0.246011406', '0.304275930']"
7 DIS View1 0.314 0.306 1.000 0.199 0.222 0.690 nan 1120.0 11201.0 "['0.001596536', '0.001642284', '0.001588509', '0.023581669', '0.001686034', '0.001373091', '0.001636546', '0.018179858', '0.004409217', '0.001446354', '0.001631533', '0.007890704', '0.001640072', '0.015315552', '0.009497751', '0.001474841', '0.005718362', '0.032691672', '0.024521569', '0.015315552', '0.012601355', '0.005726413', '0.003896836', '0.012612051', '0.004409217', '0.001631533', '0.031583235', '0.002080884', '0.012612051', '0.003498555', '0.001556434', '0.021244127', '0.001550944', '0.024521569', '0.001691859', '0.001705613', '0.031583235', '0.024521569', '0.001666413', '0.006714108', '0.001596536', '0.001684379', '0.007554257', '0.012612051', '0.001674230', '0.022817539', '0.001430990', '0.001678329', '0.003200425', '0.001686463', '0.001430990', '0.003896836', '0.017762657', '0.001718790', '0.001695307', '0.001700253', '0.021038121', '0.009497751', '0.001601940', '0.018179858', '0.032601152', '0.001362394', '0.001684379', '0.031583235', '0.001490294', '0.001658947', '0.001575175', '0.001586892', '0.031483252', '0.012612051', '0.001666371', '0.001635357', '0.001463331', '0.022768017', '0.032691672', '0.001684379', '0.023229858', '0.001596536', '0.001678373', '0.001681437', '0.032505568', '0.020184295', '0.002080884', '0.001661319', '0.021057064', '0.021244127', '0.024165792', '0.001596536', '0.001582239', '0.018179858', '0.001592461', '0.001490294', '0.023658633', '0.001694998', '0.031483252', '0.024521569', '0.001642284', '0.017636975', '0.024165792', '0.005419535']" 
7 DIS View2 0.096 0.174 0.510 0.072 0.212 0.914 nan 1120.0 11201.0 "['0.016431354', '0.012569777', '0.021342790', '0.001139976', '0.021164455', '0.009769016', '0.001169558', '0.017580122', '0.001177878', '0.001176355', '0.021145420', '0.001165151', '0.020635039', '0.021746248', '0.001165151', '0.019370016', '0.001160920', '0.001148243', '0.021662185', '0.020972056', '0.001195881', '0.001173932', '0.001163744', '0.020557230', '0.021669950', '0.001158060', '0.001165404', '0.019370990', '0.021788532', '0.024564378', '0.021746248', '0.001182715', '0.012569777', '0.020866981', '0.001177732', '0.001204848', '0.021227486', '0.001187901', '0.001178354', '0.001165699', '0.023930311', '0.001173606', '0.001193971', '0.001212802', '0.019370016', '0.001173606', '0.021507878', '0.001160429', '0.001173606', '0.022628920', '0.018573856', '0.001138195', '0.001152305', '0.020434055', '0.018573856', '0.001168381', '0.001194293', '0.001170163', '0.042954154', '0.021259123', '0.001161306', '0.020292787', '0.016769985', '0.001173612', '0.001196408', '0.001191744', '0.001167849', '0.055003565', '0.021625748', '0.001212802', '0.001156228', '0.001185718', '0.020804970', '0.001214504', '0.001126197', '0.001148846', '0.020734694', '0.001172509', '0.018573856', '0.021113979', '0.001173606', '0.001156060', '0.001172795', '0.012657838', '0.021662185', '0.001145296', '0.001173606', '0.001153479', '0.001191445', '0.001163744', '0.001204848', '0.010329840', '0.001179921', '0.001163914', '0.053859767', '0.001166962', '0.001140563', '0.001182715', '0.021784989', '0.001158101']" 
7 DIS View3 0.150 0.189 0.601 0.095 0.198 0.788 nan 1120.0 11201.0 "['0.021445202', '0.029667953', '0.022758557', '0.001484601', '0.021150639', '0.022758557', '0.001514909', '0.001480978', '0.001495588', '0.001450070', '0.021589741', '0.001443530', '0.001465113', '0.001495104', '0.001507589', '0.034309991', '0.020658709', '0.001494942', '0.001485238', '0.022758557', '0.001504648', '0.022848638', '0.022786720', '0.001462405', '0.001495478', '0.022437125', '0.001514105', '0.021150639', '0.001547884', '0.001483568', '0.001488581', '0.022758557', '0.001515113', '0.018411757', '0.001433856', '0.015345871', '0.015345871', '0.001542567', '0.020450918', '0.021808216', '0.022466371', '0.001526690', '0.001458113', '0.001495588', '0.001567643', '0.016114555', '0.001544272', '0.001567748', '0.001480978', '0.001447523', '0.001471592', '0.001483229', '0.029667953', '0.001496488', '0.021742227', '0.001566128', '0.001509651', '0.001524511', '0.001524345', '0.033304337', '0.011708126', '0.001524236', '0.022251213', '0.020912552', '0.013093846', '0.009706212', '0.001459527', '0.022786720', '0.015345871', '0.029667953', '0.001504791', '0.001501992', '0.001495162', '0.001488309', '0.001493831', '0.001493595', '0.022798531', '0.022452513', '0.001503726', '0.001532138', '0.019974632', '0.001485987', '0.001446174', '0.028609686', '0.001524511', '0.001459120', '0.001450070', '0.032138269', '0.001520655', '0.022337794', '0.001541596', '0.001545202', '0.021320146', '0.001566524', '0.001500044', '0.014136364', '0.001490236', '0.022786863', '0.017261108', '0.001476190']" 
7 DIS View4 0.102 0.178 0.509 0.074 0.218 0.606 nan 1120.0 11201.0 "['0.002308217', '0.002266695', '0.002288687', '0.030044034', '0.002238677', '0.002188905', '0.030044034', '0.021849740', '0.002284094', '0.002231651', '0.012610584', '0.002285982', '0.019505279', '0.013585825', '0.002259087', '0.002270176', '0.002381334', '0.002400519', '0.002381334', '0.030440053', '0.002226286', '0.002372165', '0.002272880', '0.029915143', '0.030947922', '0.012918854', '0.013316021', '0.002285489', '0.030044034', '0.002385693', '0.002355148', '0.002341177', '0.002329093', '0.002366017', '0.023092128', '0.002355148', '0.013817041', '0.002302610', '0.002361753', '0.002379036', '0.002270715', '0.040189710', '0.002285715', '0.012573113', '0.019635184', '0.002346240', '0.013585825', '0.002214280', '0.030440053', '0.002259005', '0.002307953', '0.002354686', '0.023478873', '0.031915922', '0.001941447', '0.002361753', '0.002340890', '0.002377485', '0.019637264', '0.002239005', '0.028497318', '0.015600347', '0.012918854', '0.020436538', '0.029617606', '0.002372299', '0.002309685', '0.012514464', '0.035920244', '0.002282709', '0.012514464', '0.013275028', '0.002217500', '0.002315287', '0.002362592', '0.002267467', '0.015387179', '0.028083557', '0.011578484', '0.012786799', '0.028210493', '0.010918694', '0.002355148', '0.011690475', '0.002374050', '0.002300861', '0.026206704', '0.002270176', '0.002335743', '0.032057427', '0.002379140', '0.002355444', '0.002355480', '0.002247245', '0.002164035', '0.002358095', '0.002301041', '0.002355148', '0.002232373', '0.002270176']" 
7 DIS Concatenated 0.093 0.167 0.490 0.068 0.208 1.221 nan 1120.0 11201.0 "['0.004237757', '0.020920770', '0.023045918', '0.000436326', '0.000449184', '0.012211042', '0.000436813', '0.010467724', '0.000436739', '0.000447468', '0.014040627', '0.000452086', '0.023715360', '0.010348440', '0.041788515', '0.010250738', '0.000438562', '0.023739573', '0.000444849', '0.036001198', '0.005349881', '0.000440957', '0.004709375', '0.032821834', '0.000448610', '0.021563727', '0.013012525', '0.000457581', '0.010729617', '0.022326637', '0.006376673', '0.023204869', '0.000445304', '0.000438967', '0.000454132', '0.000443025', '0.022987135', '0.000437093', '0.000442885', '0.000457925', '0.000451759', '0.022972837', '0.000461057', '0.000454132', '0.000458041', '0.000448896', '0.005735404', '0.021775030', '0.022379728', '0.000459503', '0.000440391', '0.000442679', '0.021652626', '0.027670898', '0.000441025', '0.000446262', '0.005349881', '0.000457098', '0.022786077', '0.000460461', '0.013393853', '0.023743449', '0.000438967', '0.004355740', '0.007177687', '0.000457065', '0.000466207', '0.023398343', '0.021808727', '0.022877458', '0.021943236', '0.005889430', '0.023965370', '0.000446611', '0.000438203', '0.015290369', '0.000444615', '0.000445781', '0.022720382', '0.016343504', '0.022462988', '0.000454874', '0.021827828', '0.000465815', '0.000450955', '0.000456875', '0.006225268', '0.044945076', '0.000448212', '0.022650605', '0.022521580', '0.000452555', '0.021647569', '0.000437643', '0.004517765', '0.023295384', '0.000451759', '0.000437988', '0.000469805', '0.021732211']" 
7 DIS Multiview 0.110 0.194 0.521 0.079 0.248 0.192 0.305 1120.0 11201.0 "[['0.015313115', '0.004661399', '0.015167624', '0.014041714', '0.004845612', '0.005694875', '0.015298966', '0.017108921', '0.004800056', '0.006615300', '0.007348688', '0.014206412', '0.005604612', '0.004950230', '0.015132804', '0.005032048', '0.015521369', '0.008800614', '0.024091423', '0.004964315', '0.004818955', '0.015528676', '0.005429039', '0.004845634', '0.004851880', '0.004819764', '0.007754062', '0.004691592', '0.004774465', '0.004873495', '0.006202022', '0.011369823', '0.004660804', '0.015873745', '0.014681760', '0.014299517', '0.011490942', '0.006756457', '0.004685938', '0.015776159', '0.012832394', '0.004573544', '0.015954757', '0.005061268', '0.004730027', '0.045711767', '0.004661915', '0.005108147', '0.015490236', '0.004710437', '0.004668871', '0.004708758', '0.006488377', '0.005307197', '0.005049442', '0.004940460', '0.031688590', '0.014856250', '0.004664468', '0.014852316', '0.012783692', '0.004824700', '0.004695011', '0.016345853', '0.015437540', '0.008313196', '0.004662274', '0.013916360', '0.013269451', '0.005330525', '0.004751660', '0.004658939', '0.004692514', '0.015580823', '0.016940212', '0.004909944', '0.017551212', '0.008336199', '0.004694108', '0.004699573', '0.017285584', '0.008251109', '0.004691759', '0.004837757', '0.016740710', '0.015677668', '0.016451947', '0.015496429', '0.004658351', '0.008663410', '0.006195949', '0.015295675', '0.016483817', '0.004743107', '0.008872785', '0.009558326', '0.004736145', '0.006704586', '0.019206813', '0.015610239'], ['0.012199197', '0.005419672', '0.015372975', '0.005479943', '0.007219010', '0.026078111', '0.015686914', '0.014555992', '0.007779434', '0.008529847', '0.027588546', '0.005732367', '0.006168491', '0.005294807', '0.006781513', '0.007414316', '0.015797757', '0.005477382', '0.009915640', '0.007545979', '0.005221717', '0.016399760', '0.020245442', '0.005217514', '0.005211645', '0.009781742', '0.005411023', '0.005333945', '0.005067309', '0.007241392', '0.015737584', '0.005351477', '0.005336152', '0.016662262', '0.016058540', '0.016569024', '0.005823667', '0.005346260', '0.005337992', '0.015199706', '0.011448710', '0.015261838', '0.016439527', '0.005271039', '0.007006697', '0.007662443', '0.005265366', '0.015202655', '0.015753627', '0.005573296', '0.007814650', '0.005500771', '0.005132902', '0.012850353', '0.011253936', '0.008696364', '0.015823569', '0.016478419', '0.005257528', '0.013141971', '0.005340715', '0.004900216', '0.005162497', '0.012752164', '0.016421357', '0.011724474', '0.005623489', '0.005331913', '0.005149935', '0.005481194', '0.005762964', '0.007630218', '0.005329418', '0.016732741', '0.015406242', '0.009475936', '0.018045038', '0.011857920', '0.005270253', '0.005295608', '0.017010914', '0.011449037', '0.005230462', '0.007747420', '0.009234223', '0.015103787', '0.016480792', '0.016641119', '0.007001238', '0.005401704', '0.018535890', '0.010304581', '0.015601442', '0.006992528', '0.005300581', '0.005530831', '0.005003403', '0.005504575', '0.005969596', '0.015833840'], ['0.015603135', '0.004608487', '0.014920914', '0.004899682', '0.004540252', '0.025168417', '0.014902149', '0.085084453', '0.004664718', '0.011655953', '0.005534693', '0.004417263', '0.015615477', '0.004209063', '0.017896479', '0.004410170', '0.015743991', '0.004502758', '0.014884902', '0.004749981', '0.007113653', '0.014024903', '0.019130874', '0.007422882', '0.004622680', '0.004435229', '0.004371753', '0.008181876', '0.004407895', '0.004624251', '0.014240415', '0.019551076', '0.005844805', '0.011372831', '0.014816708', '0.014724840', '0.004972390', '0.004463725', '0.004386035', '0.014492153', '0.005026544', '0.014107089', '0.016101079', '0.006952597', '0.004841227', '0.010262498', '0.004234982', '0.015325604', '0.014564263', '0.005853750', '0.004237865', '0.004258241', '0.008297832', '0.015675833', '0.008790818', '0.004310478', '0.017199578', '0.014832033', '0.004229861', '0.017974623', '0.008884445', '0.007221853', '0.004258501', '0.014454944', '0.006687428', '0.004445777', '0.006153005', '0.021554917', '0.004484939', '0.014283798', '0.007301257', '0.004255450', '0.008664184', '0.017192828', '0.008169412', '0.008323805', '0.004199860', '0.004300864', '0.004575219', '0.004392505', '0.018389633', '0.004802876', '0.004538339', '0.010702116', '0.015289154', '0.014802701', '0.002511158', '0.007217818', '0.004665040', '0.016071532', '0.004551240', '0.016537406', '0.004285502', '0.004224039', '0.004201195', '0.007463855', '0.010040673', '0.004444394', '0.004343214', '0.014822417'], ['0.015799576', '0.005040898', '0.014863202', '0.004815741', '0.008820344', '0.005086676', '0.014992725', '0.044112526', '0.004826279', '0.004866833', '0.027331127', '0.009584517', '0.015875801', '0.004907716', '0.051590152', '0.006809024', '0.014733372', '0.005188313', '0.015584568', '0.004718916', '0.005066386', '0.014683029', '0.005054932', '0.005271819', '0.011530845', '0.007762790', '0.004868029', '0.005099664', '0.009005037', '0.005104618', '0.017250046', '0.005924105', '0.005055881', '0.015767457', '0.015285729', '0.014222272', '0.011874976', '0.005097372', '0.007295690', '0.011023148', '0.005447294', '0.014945085', '0.008295980', '0.005066974', '0.006605022', '0.014972887', '0.007205853', '0.014476979', '0.014322735', '0.005140338', '0.004860435', '0.004809703', '0.005103493', '0.005391148', '0.004938491', '0.008914560', '0.008089927', '0.014519219', '0.005193038', '0.015210886', '0.005270977', '0.004856718', '0.004783140', '0.014488610', '0.015421825', '0.005086660', '0.004977695', '0.004916407', '0.012424109', '0.014676013', '0.006845478', '0.004997395', '0.004959723', '0.013227223', '0.015248924', '0.005026111', '0.014976891', '0.005202480', '0.004824760', '0.007407249', '0.009870486', '0.005006809', '0.005022742', '0.005080926', '0.015795214', '0.014442790', '0.014791068', '0.015026004', '0.004809104', '0.004982431', '0.019907493', '0.014367600', '0.016822612', '0.005031095', '0.004942439', '0.005468524', '0.004892734', '0.004947403', '0.009016963', '0.014855029']]" "['0.054408535', '0.194436774', '0.554229319', '0.196925357']"
7 DIS_inv View1 0.300 0.336 1.004 0.185 0.305 0.172 nan 1120.0 11201.0 "['0.009765507', '0.006353944', '0.009743603', '0.010926450', '0.006233344', '0.006504873', '0.009793983', '0.006714107', '0.006770311', '0.008865663', '0.006393869', '0.009959021', '0.006358147', '0.006661742', '0.006660907', '0.007966094', '0.009911182', '0.030055320', '0.006794989', '0.006661742', '0.006607497', '0.009909864', '0.006560979', '0.006603231', '0.006770311', '0.006393869', '0.007084699', '0.006525661', '0.006603231', '0.006771157', '0.006501618', '0.040322557', '0.006478150', '0.006794989', '0.009674813', '0.009648010', '0.007084699', '0.006794989', '0.006314693', '0.009988693', '0.009765507', '0.006240028', '0.009991617', '0.006603231', '0.006298670', '0.010776293', '0.006477177', '0.006284178', '0.009870941', '0.006246889', '0.006477177', '0.006560979', '0.006701767', '0.005989821', '0.006203210', '0.006172595', '0.054509778', '0.006660907', '0.006461505', '0.006714107', '0.035790335', '0.006848699', '0.006240028', '0.007084699', '0.009749776', '0.009707213', '0.006471844', '0.009827249', '0.007050304', '0.006603231', '0.006338959', '0.006572246', '0.006456641', '0.006738128', '0.030055320', '0.006240028', '0.010873954', '0.009765507', '0.006268606', '0.006302085', '0.028989106', '0.006682740', '0.006525661', '0.006378131', '0.045223828', '0.040322557', '0.011127258', '0.009765507', '0.006434788', '0.006714107', '0.006416925', '0.009749776', '0.010999283', '0.006193740', '0.007050304', '0.006794989', '0.006353944', '0.006653488', '0.011127258', '0.009976889']" 
7 DIS_inv View2 0.089 0.178 0.504 0.071 0.223 0.734 nan 1120.0 11201.0 "['0.011896812', '0.001664194', '0.019446425', '0.001581972', '0.018581405', '0.001638685', '0.001586350', '0.012853590', '0.001605862', '0.001588937', '0.018785121', '0.001590491', '0.019417034', '0.019441856', '0.001590491', '0.014581379', '0.001596352', '0.018183336', '0.019506540', '0.018597484', '0.001660070', '0.001594491', '0.001579754', '0.018679375', '0.019885266', '0.018276842', '0.001580599', '0.019809533', '0.018938305', '0.018756697', '0.019441856', '0.001591477', '0.001664194', '0.019148892', '0.001588800', '0.001627440', '0.018653305', '0.001602886', '0.018332344', '0.001627321', '0.067934141', '0.001583241', '0.001596623', '0.001624803', '0.014581379', '0.001583241', '0.025310783', '0.001577602', '0.001583241', '0.051413868', '0.013510326', '0.001618312', '0.001582864', '0.018560728', '0.013510326', '0.001582648', '0.001596838', '0.001581364', '0.029308775', '0.018895173', '0.001576744', '0.018451121', '0.012145255', '0.001607861', '0.001621966', '0.001596687', '0.001582112', '0.033917375', '0.016405996', '0.001624803', '0.001588541', '0.001600855', '0.018613994', '0.001607726', '0.017473210', '0.001588017', '0.018972211', '0.001626041', '0.013510326', '0.018810896', '0.001583241', '0.001581724', '0.001585721', '0.001665215', '0.019506540', '0.001580611', '0.001583241', '0.001594654', '0.001608488', '0.001579754', '0.001627440', '0.001641286', '0.019988447', '0.018254958', '0.031602658', '0.001618258', '0.001625008', '0.001591477', '0.018373255', '0.001576263']" 
7 DIS_inv View3 0.155 0.195 0.610 0.098 0.205 0.475 nan 1120.0 11201.0 "['0.025521157', '0.031625658', '0.023341756', '0.002914483', '0.021779248', '0.023341756', '0.002956233', '0.002910414', '0.002923799', '0.002855083', '0.024812266', '0.002864635', '0.002884989', '0.002966529', '0.014973605', '0.036505405', '0.015160357', '0.002927902', '0.002916019', '0.023341756', '0.002938325', '0.016351186', '0.016321858', '0.002872731', '0.002924596', '0.016270302', '0.002960715', '0.021779248', '0.003033583', '0.002908537', '0.002950417', '0.023341756', '0.002959479', '0.003126237', '0.002847471', '0.003122104', '0.003122104', '0.003081610', '0.015068891', '0.016688822', '0.016213357', '0.015026144', '0.002871863', '0.002923799', '0.003011159', '0.015302001', '0.002990660', '0.003040889', '0.002910414', '0.002881558', '0.002892412', '0.003075575', '0.031625658', '0.002929861', '0.015641471', '0.003035669', '0.002951116', '0.002974162', '0.014974032', '0.036043454', '0.003067404', '0.003104458', '0.015923513', '0.015702117', '0.003088608', '0.003044044', '0.002875391', '0.016321858', '0.003122104', '0.031625658', '0.002958607', '0.014937806', '0.002922984', '0.003070563', '0.002925632', '0.002921927', '0.016330725', '0.016244968', '0.003038222', '0.003086998', '0.014895360', '0.002908985', '0.002865222', '0.030680250', '0.002974162', '0.002871536', '0.002855083', '0.054235268', '0.002958794', '0.015989227', '0.003024542', '0.003003936', '0.015428515', '0.018172333', '0.014870645', '0.003105554', '0.002920325', '0.016321888', '0.003161201', '0.002935346']" 
7 DIS_inv View4 0.092 0.185 0.526 0.073 0.231 1.148 nan 1120.0 11201.0 "['0.016444748', '0.017527388', '0.018047797', '0.031942107', '0.000579664', '0.017176697', '0.031942107', '0.022518834', '0.018539609', '0.000589273', '0.000628511', '0.000579125', '0.021748187', '0.005615381', '0.000592140', '0.000577532', '0.000589336', '0.000593776', '0.000589336', '0.021533865', '0.016506201', '0.000594390', '0.017978648', '0.019027840', '0.021642795', '0.000614048', '0.005150971', '0.018390065', '0.031942107', '0.000597466', '0.000587956', '0.019139661', '0.000584633', '0.021491863', '0.019782497', '0.000587956', '0.009422041', '0.017375499', '0.000587673', '0.000596975', '0.018676156', '0.046308763', '0.000583409', '0.000625856', '0.035620160', '0.000584901', '0.005615381', '0.000574353', '0.021533865', '0.000592085', '0.000586636', '0.000585781', '0.020463027', '0.021185668', '0.000545126', '0.000587673', '0.019187037', '0.000604114', '0.025481336', '0.000594777', '0.026959883', '0.016316427', '0.000614048', '0.019552778', '0.021848619', '0.000588296', '0.000587253', '0.000627485', '0.020004222', '0.000578721', '0.000627485', '0.005070119', '0.017765239', '0.018669870', '0.022848044', '0.021379137', '0.009122807', '0.020973284', '0.000606564', '0.000625832', '0.020846944', '0.000602946', '0.000587956', '0.000609071', '0.000589496', '0.015877381', '0.020078810', '0.000577532', '0.019065946', '0.018456232', '0.000589712', '0.000585900', '0.000588036', '0.000575522', '0.000578996', '0.000591273', '0.000580669', '0.000587956', '0.000593214', '0.000577532']" 
7 DIS_inv Concatenated 0.067 0.181 0.479 0.065 0.245 0.940 nan 1120.0 11201.0 "['0.000713018', '0.005467487', '0.040439654', '0.017688898', '0.000705656', '0.000724642', '0.016569465', '0.000723024', '0.016488552', '0.000710980', '0.000728828', '0.018680047', '0.019235795', '0.000734215', '0.008924205', '0.000723023', '0.017541662', '0.020702608', '0.000699516', '0.007777892', '0.000716001', '0.000714005', '0.000713947', '0.009832273', '0.000705685', '0.018516118', '0.005604725', '0.018511156', '0.000735138', '0.018509239', '0.000717234', '0.018918963', '0.049382251', '0.016496604', '0.000708185', '0.000701857', '0.018729951', '0.017903103', '0.000701529', '0.000691363', '0.018344635', '0.032809865', '0.018520502', '0.000708185', '0.000707528', '0.027456054', '0.000715304', '0.000738126', '0.018212998', '0.018726030', '0.000709041', '0.000702912', '0.019211037', '0.013025795', '0.019046633', '0.000712936', '0.000716001', '0.018493038', '0.012384544', '0.012163597', '0.005759235', '0.026340766', '0.016496604', '0.000714602', '0.000718204', '0.000713287', '0.000712092', '0.039842617', '0.021712167', '0.018672606', '0.007811216', '0.000715709', '0.007949162', '0.000698294', '0.026822383', '0.004842035', '0.000700611', '0.018447718', '0.018415498', '0.000728205', '0.018712278', '0.000712459', '0.013021444', '0.000711845', '0.000729466', '0.000708345', '0.000716315', '0.005952644', '0.000713844', '0.018332312', '0.008134991', '0.000696670', '0.011824458', '0.017476724', '0.000712887', '0.018934209', '0.018344635', '0.000721749', '0.000710037', '0.013726349']" 
7 DIS_inv Multiview 0.093 0.184 0.490 0.072 0.243 0.306 0.366 1120.0 11201.0 "[['0.019067010', '0.003227160', '0.018857179', '0.010513557', '0.003339105', '0.005013638', '0.018965330', '0.006709367', '0.003487342', '0.019439645', '0.008127979', '0.012424634', '0.004553107', '0.003524330', '0.009055742', '0.003805704', '0.019918559', '0.006076045', '0.005516981', '0.003567296', '0.003498289', '0.019729028', '0.005069098', '0.003530681', '0.009213694', '0.003482320', '0.005218204', '0.003398078', '0.003495207', '0.003546203', '0.007810066', '0.028592117', '0.003270928', '0.021694986', '0.018087775', '0.017737297', '0.008601255', '0.004629078', '0.003235357', '0.020462798', '0.018915890', '0.005828010', '0.021200703', '0.003647469', '0.003195191', '0.027153483', '0.003336061', '0.006588758', '0.019630717', '0.003142227', '0.003301653', '0.003350656', '0.003718982', '0.004405729', '0.003504377', '0.003295007', '0.009086277', '0.018583536', '0.003214802', '0.003731757', '0.009498812', '0.003544391', '0.003131203', '0.035692342', '0.018391622', '0.007779371', '0.003314160', '0.012170735', '0.010311318', '0.004788479', '0.003338788', '0.003248157', '0.003427218', '0.003809763', '0.030642070', '0.003407270', '0.030428162', '0.007255805', '0.003147645', '0.003196041', '0.026807031', '0.005748994', '0.003331923', '0.003425308', '0.009871640', '0.020466641', '0.038556419', '0.018463498', '0.003288634', '0.006466935', '0.005150467', '0.019387396', '0.029487373', '0.003135254', '0.006237029', '0.006733201', '0.003329440', '0.004709573', '0.016768483', '0.019787977'], ['0.016590834', '0.003780372', '0.017495375', '0.003955936', '0.005112144', '0.024191897', '0.017301681', '0.006508964', '0.005364450', '0.016278952', '0.026669895', '0.004474022', '0.005027717', '0.003643386', '0.006558339', '0.005047509', '0.019079277', '0.003910091', '0.005750900', '0.005209076', '0.003613815', '0.020463647', '0.018759124', '0.003565694', '0.011325346', '0.007254660', '0.003821511', '0.003781216', '0.003346346', '0.005057014', '0.026735760', '0.008586507', '0.003718817', '0.025613101', '0.018879794', '0.020421499', '0.004459650', '0.003701714', '0.003708180', '0.016693391', '0.018425459', '0.017215956', '0.020536767', '0.003632406', '0.004024284', '0.012210349', '0.003635792', '0.016541176', '0.017867617', '0.003848266', '0.005418480', '0.003852571', '0.003332815', '0.027807400', '0.008671456', '0.006277807', '0.006442663', '0.021272048', '0.003619552', '0.004047955', '0.003836263', '0.002946815', '0.003404106', '0.015288837', '0.021430349', '0.010017738', '0.003960991', '0.004101647', '0.003254997', '0.004223037', '0.004114391', '0.005386011', '0.003746453', '0.004260267', '0.019695792', '0.006899775', '0.040099099', '0.009697676', '0.003611165', '0.003672615', '0.024034811', '0.008219650', '0.003576252', '0.005357191', '0.003896809', '0.016818419', '0.020761851', '0.019839829', '0.004914112', '0.003980186', '0.015707580', '0.011928188', '0.017831320', '0.004896983', '0.003706944', '0.004000946', '0.003229243', '0.003858399', '0.007523636', '0.018131236'], ['0.020894157', '0.003445597', '0.019971242', '0.003757468', '0.003310806', '0.024834160', '0.019764388', '0.039005186', '0.003550722', '0.022783300', '0.004068218', '0.003070557', '0.014060711', '0.002824402', '0.026892228', '0.003215319', '0.023207828', '0.003399157', '0.033580534', '0.003620984', '0.005283482', '0.017166538', '0.018271521', '0.005647856', '0.014461703', '0.003269545', '0.003147958', '0.006203607', '0.003267365', '0.003473169', '0.009287184', '0.024102390', '0.003664596', '0.015809942', '0.019472010', '0.018696649', '0.003971961', '0.003305106', '0.003179239', '0.017758336', '0.015414556', '0.016065631', '0.022105722', '0.005284575', '0.003592506', '0.015543607', '0.002897676', '0.020168370', '0.018443653', '0.003700668', '0.002895022', '0.002950757', '0.005142594', '0.029235303', '0.007292962', '0.003031912', '0.012147057', '0.019770026', '0.002878160', '0.006685830', '0.006798116', '0.005510165', '0.002934589', '0.016229328', '0.007372480', '0.003089927', '0.004630801', '0.019462986', '0.003319860', '0.013458372', '0.005538861', '0.002938150', '0.006764577', '0.004911517', '0.006572480', '0.006409272', '0.004168381', '0.002937067', '0.003419169', '0.003224976', '0.031331945', '0.003713921', '0.003422964', '0.008111289', '0.004159600', '0.019508330', '0.002147571', '0.009109632', '0.003549813', '0.012648261', '0.002759035', '0.026558690', '0.004671429', '0.002859491', '0.002785701', '0.005381538', '0.008038704', '0.003230221', '0.002907900', '0.019469200'], ['0.020787109', '0.003670617', '0.018146660', '0.003522318', '0.006814667', '0.004677292', '0.018132353', '0.026814498', '0.003448108', '0.007153926', '0.027704023', '0.009522487', '0.014661932', '0.003506533', '0.023548922', '0.004974873', '0.018159501', '0.003876529', '0.021283126', '0.003254005', '0.003780129', '0.017707789', '0.004227029', '0.003938553', '0.023749758', '0.005896282', '0.003518153', '0.003832146', '0.006848411', '0.003779856', '0.027190963', '0.012613576', '0.003718599', '0.023951408', '0.019131811', '0.016351867', '0.009893072', '0.003766551', '0.005471851', '0.013065584', '0.013501996', '0.017591193', '0.010056848', '0.003758432', '0.004676763', '0.017029423', '0.005390531', '0.016374331', '0.017202517', '0.003755813', '0.003512891', '0.003376533', '0.003749925', '0.015788782', '0.003756787', '0.006586165', '0.003962766', '0.017155170', '0.003830723', '0.004086677', '0.004083212', '0.003503553', '0.003323009', '0.020278411', '0.018900281', '0.003781583', '0.003649526', '0.003840781', '0.010499302', '0.014851903', '0.005609307', '0.003704834', '0.003665795', '0.003970165', '0.024177551', '0.003683209', '0.022930693', '0.004093182', '0.003456063', '0.005564245', '0.012324438', '0.003814178', '0.003699087', '0.003901960', '0.009461558', '0.017218618', '0.022291882', '0.017326735', '0.003388848', '0.003935660', '0.018433226', '0.016965088', '0.025823785', '0.003741911', '0.003626618', '0.004198796', '0.003604013', '0.003677677', '0.006252523', '0.017509682']]" "['0.028470241', '0.408072442', '0.321949422', '0.241507843']"
7 Cbound View1 0.270 0.330 0.878 0.153 0.354 0.303 nan 1120.0 1120.0 "['0.018780475', '0.003490364', '0.018794542', '0.020270066', '0.003454123', '0.003574713', '0.018639302', '0.008986035', '0.003859773', '0.003767585', '0.003507032', '0.019724267', '0.003492042', '0.007002627', '0.003848054', '0.003703355', '0.019383721', '0.020465817', '0.010505019', '0.007002627', '0.003804898', '0.019390218', '0.003644992', '0.003795146', '0.003859773', '0.003507032', '0.014535476', '0.003606559', '0.003795146', '0.003822320', '0.003558110', '0.024810944', '0.003552685', '0.010505019', '0.003788906', '0.003719869', '0.014535476', '0.010505019', '0.003477074', '0.019306250', '0.018780475', '0.003455302', '0.019379616', '0.003795146', '0.003481829', '0.020125913', '0.003555424', '0.003473491', '0.019338261', '0.003465750', '0.003555424', '0.003644992', '0.008675226', '0.003421024', '0.003457277', '0.003449360', '0.024235517', '0.003848054', '0.003539359', '0.008986035', '0.024477838', '0.003728746', '0.003455302', '0.014535476', '0.019035472', '0.018155701', '0.003543019', '0.018850865', '0.014307169', '0.003795146', '0.003493113', '0.003543773', '0.003542911', '0.009361297', '0.020465817', '0.003455302', '0.020245491', '0.018780475', '0.003462514', '0.003485632', '0.019989341', '0.007787512', '0.003606559', '0.003496337', '0.024433749', '0.024810944', '0.020405410', '0.018780475', '0.003528298', '0.008986035', '0.003519729', '0.019035472', '0.020333141', '0.003447833', '0.014307169', '0.010505019', '0.003490364', '0.006683213', '0.020405410', '0.019291060']" 
7 Cbound View2 0.083 0.186 0.591 0.073 0.227 1.770 nan 1120.0 1120.0 "['0.002644045', '0.002327358', '0.030692207', '0.000273622', '0.029427461', '0.000296880', '0.000278668', '0.002930940', '0.000284996', '0.000280478', '0.029943960', '0.000280573', '0.030653695', '0.030780509', '0.000280573', '0.003336604', '0.000281351', '0.028200822', '0.030782061', '0.029552620', '0.000285842', '0.000287696', '0.000275519', '0.029686330', '0.030922532', '0.028816689', '0.000277463', '0.030393088', '0.030288257', '0.004120287', '0.030780509', '0.000279477', '0.002327358', '0.030293057', '0.000277760', '0.000289150', '0.029729990', '0.000282667', '0.028926481', '0.000281639', '0.032599032', '0.000276509', '0.000282115', '0.000291745', '0.003336604', '0.000276509', '0.031457528', '0.000275973', '0.000276509', '0.032052971', '0.002870840', '0.000276152', '0.000278190', '0.029290751', '0.002870840', '0.000278974', '0.000282115', '0.000275863', '0.032084648', '0.030037185', '0.000273992', '0.029176857', '0.002414856', '0.000282068', '0.000286413', '0.000282569', '0.000278459', '0.031688407', '0.003644598', '0.000291745', '0.000278116', '0.000284267', '0.029590882', '0.000284841', '0.000275819', '0.000275769', '0.029953158', '0.000280355', '0.002870840', '0.029883279', '0.000276509', '0.000276839', '0.000278088', '0.002441945', '0.030782061', '0.000278213', '0.000276509', '0.000277136', '0.000285443', '0.000275519', '0.000289150', '0.001866677', '0.000281700', '0.028552003', '0.031837560', '0.000279176', '0.000276740', '0.000279477', '0.005994634', '0.000275081']" 
7 Cbound View3 0.138 0.190 0.635 0.093 0.194 1.597 nan 1120.0 1120.0 "['0.035399564', '0.041827146', '0.005529021', '0.000416574', '0.005235919', '0.005529021', '0.000443208', '0.000414360', '0.000426453', '0.000408267', '0.035985507', '0.000408301', '0.000409478', '0.000426738', '0.000411553', '0.041279498', '0.033891592', '0.000422177', '0.000416574', '0.005529021', '0.000436267', '0.035159390', '0.035118900', '0.000408958', '0.000424979', '0.035535682', '0.000442478', '0.005235919', '0.004093889', '0.000418465', '0.000422974', '0.005529021', '0.000439426', '0.037778523', '0.000408009', '0.005271521', '0.005271521', '0.000440360', '0.000436136', '0.035673022', '0.035296705', '0.000414194', '0.000408912', '0.000426453', '0.002765417', '0.004568800', '0.002548942', '0.004729632', '0.000414360', '0.000408935', '0.000413115', '0.000411556', '0.041827146', '0.000422899', '0.032388430', '0.004416547', '0.000436288', '0.000449599', '0.000421488', '0.041112948', '0.003855632', '0.000426382', '0.033333194', '0.034856122', '0.004146210', '0.003217309', '0.000409125', '0.035118900', '0.005271521', '0.041827146', '0.000430430', '0.000411548', '0.000426453', '0.000414281', '0.000421811', '0.000424275', '0.035143875', '0.035456654', '0.000420657', '0.000432106', '0.000445797', '0.000419137', '0.000408399', '0.041711356', '0.000449599', '0.000408399', '0.000408267', '0.035072502', '0.000442117', '0.033963889', '0.000449508', '0.003322617', '0.000427077', '0.000438647', '0.000412451', '0.004650214', '0.000420369', '0.035119530', '0.006134173', '0.000414535']" 
7 Cbound View4 0.085 0.186 0.596 0.074 0.224 1.916 nan 1120.0 1120.0 "['0.000169341', '0.025398104', '0.025666419', '0.029305242', '0.000163491', '0.000169676', '0.029305242', '0.028844504', '0.025475239', '0.000167147', '0.001420097', '0.000161425', '0.026666276', '0.001927045', '0.000166129', '0.000160972', '0.000163626', '0.000167345', '0.000163626', '0.027015984', '0.000171171', '0.000166797', '0.025513507', '0.025805889', '0.027138002', '0.000172981', '0.001694724', '0.025596833', '0.029305242', '0.000168212', '0.000166176', '0.025981922', '0.000162658', '0.000172951', '0.026030185', '0.000166176', '0.002265432', '0.000168505', '0.000165915', '0.004074796', '0.025225628', '0.029025419', '0.000165404', '0.001437766', '0.026625400', '0.000162119', '0.001927045', '0.000162321', '0.027015984', '0.000166153', '0.000164463', '0.000162191', '0.026557455', '0.026937973', '0.000159947', '0.000165915', '0.025911247', '0.027042584', '0.027379105', '0.000163142', '0.027289419', '0.005288541', '0.000172981', '0.025870703', '0.027102027', '0.000163388', '0.000165425', '0.001432862', '0.026281485', '0.000161218', '0.001432862', '0.001673293', '0.024688851', '0.025844440', '0.026682371', '0.000164359', '0.002342782', '0.026636168', '0.003634565', '0.001792153', '0.026564913', '0.000173351', '0.000166176', '0.000171669', '0.000166116', '0.000168216', '0.026178461', '0.000160972', '0.025937837', '0.025522681', '0.000165101', '0.000162309', '0.000168080', '0.000162857', '0.000171335', '0.000165647', '0.000161492', '0.000166176', '0.000163424', '0.000160972']" 
7 Cbound Concatenated 0.070 0.179 0.566 0.065 0.228 1.824 nan 1120.0 1120.0 "['0.000191378', '0.002478229', '0.028241690', '0.000194681', '0.000183887', '0.002325491', '0.000190100', '0.000195792', '0.000192536', '0.000185675', '0.001492781', '0.027047286', '0.028515127', '0.001979325', '0.004287138', '0.002219733', '0.026143773', '0.028877832', '0.000183002', '0.004155081', '0.000191763', '0.000185525', '0.000191698', '0.000197494', '0.000185132', '0.027135748', '0.002146089', '0.027016891', '0.002159674', '0.027789913', '0.000191263', '0.027808789', '0.000193015', '0.026724171', '0.000188258', '0.000183586', '0.027766686', '0.000187258', '0.000182505', '0.000182197', '0.026972456', '0.028267173', '0.027041862', '0.000188258', '0.000185109', '0.000196142', '0.000189606', '0.002064510', '0.027665721', '0.027048131', '0.000187304', '0.000184309', '0.027590381', '0.004619151', '0.026915612', '0.000188592', '0.000191763', '0.027016891', '0.029760953', '0.000193992', '0.002146089', '0.029010009', '0.026724171', '0.000191288', '0.000192823', '0.000188875', '0.000187609', '0.028730979', '0.027879026', '0.027727418', '0.005542496', '0.000193294', '0.003381746', '0.000182200', '0.000195331', '0.002185272', '0.000182918', '0.026996672', '0.027784992', '0.001850625', '0.027850159', '0.000187598', '0.028580517', '0.000189294', '0.000189906', '0.000186569', '0.000194333', '0.003119908', '0.000191070', '0.027775923', '0.000196727', '0.000182073', '0.028784033', '0.000197088', '0.000189989', '0.027894316', '0.026972456', '0.000188419', '0.000186975', '0.028512741']" 
7 Cbound Multiview 0.119 0.207 0.603 0.082 0.255 0.041 0.029 1120.0 1120.0 "[['0.007345675', '0.007252851', '0.007319059', '0.013042118', '0.007295303', '0.007194549', '0.007371056', '0.013093311', '0.011746221', '0.007122077', '0.007318639', '0.012488099', '0.007319766', '0.011953195', '0.012780976', '0.007246626', '0.013273658', '0.012941153', '0.013076618', '0.012868807', '0.012795532', '0.013080295', '0.010562556', '0.012801156', '0.010102550', '0.007260151', '0.012908311', '0.007396102', '0.012206918', '0.009327521', '0.007272359', '0.012881681', '0.007364771', '0.013082834', '0.007403797', '0.007362458', '0.013081018', '0.012632010', '0.007291396', '0.012636974', '0.007210882', '0.007277572', '0.013080314', '0.012276094', '0.007356654', '0.012976904', '0.007152792', '0.007299213', '0.013093717', '0.007362893', '0.007164852', '0.008291640', '0.012921887', '0.007346822', '0.007330372', '0.007339646', '0.013005216', '0.012909063', '0.007232400', '0.013107844', '0.012957326', '0.007086264', '0.007277408', '0.013100003', '0.007221276', '0.007254304', '0.007281879', '0.007218960', '0.012948656', '0.012817190', '0.007319776', '0.007279654', '0.007160211', '0.013095913', '0.013038287', '0.007330666', '0.013058957', '0.007236771', '0.007273182', '0.007300033', '0.013093499', '0.012956731', '0.007032049', '0.007368901', '0.013020641', '0.012918886', '0.013067314', '0.007225860', '0.007276708', '0.012980359', '0.007305930', '0.007122817', '0.013021364', '0.007332576', '0.012837745', '0.013109040', '0.007269776', '0.012672754', '0.013023161', '0.012870319'], ['0.007098340', '0.008887681', '0.007028861', '0.013034654', '0.009443850', '0.012348331', '0.007138045', '0.013185112', '0.013047578', '0.007052646', '0.012979442', '0.006991489', '0.007129943', '0.006972925', '0.007323341', '0.012765950', '0.013228687', '0.012676273', '0.013258296', '0.013055810', '0.007308973', '0.013107360', '0.013069115', '0.007210016', '0.007136468', '0.006999722', '0.011716002', '0.013093056', '0.007133903', '0.012837863', '0.007025141', '0.007119139', '0.012912826', '0.013141835', '0.013056882', '0.012944521', '0.013310830', '0.007036602', '0.007022215', '0.007065702', '0.009898609', '0.006918865', '0.013087542', '0.007139512', '0.012967453', '0.007043261', '0.007022658', '0.007063052', '0.008021233', '0.012971882', '0.012754483', '0.011720438', '0.007181049', '0.012927813', '0.012893470', '0.012016571', '0.013060261', '0.013090446', '0.006930580', '0.013139604', '0.007083708', '0.007120606', '0.007070176', '0.013226033', '0.012835821', '0.007046700', '0.012542879', '0.007020042', '0.007142192', '0.007264235', '0.011515547', '0.011959356', '0.006986911', '0.013124459', '0.013149697', '0.012738428', '0.013096602', '0.008141545', '0.006958992', '0.007006025', '0.013131989', '0.013054296', '0.007042523', '0.013058108', '0.007221472', '0.007141272', '0.013304058', '0.012660108', '0.011915399', '0.007221297', '0.012960489', '0.007035606', '0.007091253', '0.012661784', '0.006953442', '0.013337098', '0.007101139', '0.007061775', '0.007094500', '0.007178254'], ['0.012442143', '0.006673500', '0.012543177', '0.012532500', '0.006867435', '0.012550115', '0.012497242', '0.012731151', '0.012301338', '0.012234283', '0.006887879', '0.006879054', '0.012542231', '0.006884448', '0.012665877', '0.006876168', '0.012682926', '0.006684770', '0.012741276', '0.012522047', '0.012606096', '0.006999072', '0.012609717', '0.012607642', '0.006906190', '0.006831996', '0.006879105', '0.012613842', '0.006847995', '0.006768771', '0.012198698', '0.012517431', '0.012550586', '0.012680238', '0.012658809', '0.011593888', '0.012699823', '0.006778135', '0.006842882', '0.006682024', '0.006841031', '0.006800485', '0.012611017', '0.012319801', '0.009729423', '0.006865385', '0.006879842', '0.012390900', '0.012697845', '0.012541154', '0.006881574', '0.006870263', '0.012596037', '0.012552571', '0.009584211', '0.006889912', '0.012618490', '0.012667334', '0.006874795', '0.012661613', '0.012481320', '0.011899109', '0.006852336', '0.012763875', '0.006878649', '0.006861261', '0.012356812', '0.012523467', '0.006875570', '0.012614354', '0.012341064', '0.006884711', '0.012433845', '0.012661317', '0.006984610', '0.012395396', '0.006925978', '0.006881196', '0.007218342', '0.006812578', '0.012662644', '0.006954697', '0.010379147', '0.012626193', '0.012575256', '0.012522415', '0.006933365', '0.006899199', '0.011147207', '0.012645876', '0.006913862', '0.012432804', '0.006904709', '0.006901616', '0.006887022', '0.012710855', '0.012511289', '0.006875699', '0.006907918', '0.012476297'], ['0.012928667', '0.006982618', '0.012604126', '0.007169511', '0.006933081', '0.006940121', '0.012505973', '0.013094395', '0.007144126', '0.007040075', '0.012782888', '0.006985385', '0.012904583', '0.007045224', '0.013232274', '0.012443463', '0.013176777', '0.006915543', '0.013098315', '0.007131492', '0.012993331', '0.013142262', '0.007167158', '0.013007252', '0.012920206', '0.010663803', '0.007075283', '0.012980910', '0.012922966', '0.006969431', '0.012907736', '0.007104372', '0.012915426', '0.013075544', '0.013024858', '0.007089296', '0.013082316', '0.006943426', '0.011582579', '0.007021095', '0.006888056', '0.007132900', '0.007163808', '0.007076375', '0.012869915', '0.006916418', '0.011236056', '0.007043479', '0.013170320', '0.012572059', '0.007012905', '0.007063658', '0.012944607', '0.007103215', '0.006997661', '0.012873783', '0.007204675', '0.007543065', '0.009746226', '0.013078365', '0.007085029', '0.007025751', '0.007033043', '0.013249673', '0.012838958', '0.007019726', '0.007053602', '0.007041339', '0.012710508', '0.013090215', '0.006993688', '0.008116344', '0.007017532', '0.013047424', '0.013078658', '0.007112282', '0.013027849', '0.010680681', '0.006950846', '0.011214781', '0.013294064', '0.011082086', '0.010399132', '0.012987915', '0.013018477', '0.006964286', '0.013068185', '0.006872043', '0.007096217', '0.012924741', '0.012915436', '0.006951775', '0.012940271', '0.012131477', '0.006992338', '0.013225966', '0.007035398', '0.011292649', '0.012920950', '0.007213223']]" "['0.156443819', '0.282299012', '0.279167205', '0.282089978']"
7 C_TND View1 0.283 0.342 0.927 0.162 0.360 0.080 nan 1120.0 1120.0 "['0.014533591', '0.006249136', '0.013570167', '0.019885834', '0.005355463', '0.007362887', '0.019201908', '0.008812336', '0.008616741', '0.008810128', '0.006545386', '0.012705064', '0.006281797', '0.008535174', '0.008393568', '0.008519200', '0.014186149', '0.011099800', '0.009181855', '0.008535174', '0.008198373', '0.014052215', '0.007800647', '0.008174473', '0.008616741', '0.006545386', '0.010237711', '0.007577975', '0.008174473', '0.008573293', '0.007271657', '0.010143955', '0.007195763', '0.009181855', '0.014008690', '0.013481391', '0.010237711', '0.009181855', '0.005933929', '0.021660795', '0.014533591', '0.005396476', '0.018547317', '0.008174473', '0.005978516', '0.021778371', '0.007168832', '0.005788086', '0.013463215', '0.005560530', '0.007168832', '0.007800647', '0.008765801', '0.003851031', '0.005263585', '0.005008178', '0.010251361', '0.008393568', '0.007051182', '0.008812336', '0.011324643', '0.008515744', '0.005396476', '0.010237711', '0.013020465', '0.013803809', '0.007083356', '0.019035930', '0.010179368', '0.008174473', '0.006229999', '0.007154262', '0.007027701', '0.008941290', '0.011099800', '0.005396476', '0.019989831', '0.014533591', '0.005585759', '0.005988551', '0.011037070', '0.008647657', '0.007577975', '0.006304970', '0.010188809', '0.010143955', '0.018417960', '0.014533591', '0.006876125', '0.008812336', '0.006751553', '0.013020465', '0.018940026', '0.005104027', '0.010179368', '0.009181855', '0.006249136', '0.008473376', '0.018417960', '0.021036323']" 
7 C_TND View2 0.121 0.174 0.556 0.079 0.190 0.005 nan 1120.0 1120.0 "['0.010643377', '0.010251267', '0.011078961', '0.008724344', '0.011508913', '0.009791613', '0.009038557', '0.010709100', '0.009434235', '0.009140133', '0.011981605', '0.009198779', '0.010469425', '0.011777338', '0.009198779', '0.010927287', '0.009284816', '0.010379301', '0.011765088', '0.011585432', '0.009526573', '0.009529508', '0.008789101', '0.011205309', '0.012286975', '0.010258013', '0.008945435', '0.010325427', '0.013387783', '0.010404733', '0.011777338', '0.009066430', '0.010251267', '0.010598738', '0.008953182', '0.009585455', '0.012157605', '0.009276600', '0.010987085', '0.009342607', '0.012207997', '0.008847539', '0.009209992', '0.009649762', '0.010927287', '0.008847539', '0.011151778', '0.008837800', '0.008847539', '0.011049351', '0.010531218', '0.009038649', '0.009083904', '0.010765354', '0.010531218', '0.009049083', '0.009209992', '0.008798269', '0.010693234', '0.011428418', '0.008642253', '0.011035526', '0.010481436', '0.009301528', '0.009483707', '0.009240093', '0.009013526', '0.010376194', '0.010997849', '0.009649762', '0.009067174', '0.009357391', '0.011449737', '0.009337044', '0.009121069', '0.008905203', '0.010395497', '0.009233668', '0.010531218', '0.011303553', '0.008847539', '0.008948794', '0.008981918', '0.010306098', '0.011765088', '0.009136649', '0.008847539', '0.009014099', '0.009419035', '0.008789101', '0.009585455', '0.009818058', '0.009360178', '0.010811599', '0.010798383', '0.009157820', '0.009086135', '0.009066430', '0.010322110', '0.008765204']" 
7 C_TND View3 0.171 0.198 0.656 0.104 0.188 0.014 nan 1120.0 1120.0 "['0.010517056', '0.011152827', '0.011031375', '0.008832908', '0.010894003', '0.011031375', '0.009579916', '0.008681653', '0.009233752', '0.007259474', '0.010443592', '0.007628449', '0.008078372', '0.009331417', '0.008336827', '0.011282492', '0.010274405', '0.009097290', '0.008832908', '0.011031375', '0.009464068', '0.016853349', '0.015846621', '0.007943688', '0.009189508', '0.011919291', '0.009588365', '0.010894003', '0.009783462', '0.008936914', '0.009188936', '0.011031375', '0.009529693', '0.010157820', '0.007350449', '0.010408727', '0.010408727', '0.009664632', '0.009714598', '0.010913395', '0.012209261', '0.008678854', '0.007920744', '0.009233752', '0.009924694', '0.010607786', '0.009798771', '0.009998814', '0.008681653', '0.007881320', '0.008576896', '0.008371292', '0.011152827', '0.009123096', '0.010742918', '0.009988527', '0.009476993', '0.009668565', '0.009257600', '0.011094888', '0.010201786', '0.009364155', '0.012312626', '0.010568943', '0.010289730', '0.010104779', '0.007983707', '0.015846621', '0.010408727', '0.011152827', '0.009387053', '0.008336132', '0.009233752', '0.008687308', '0.009082446', '0.009168241', '0.015891366', '0.011980325', '0.009113021', '0.009514149', '0.009880124', '0.008963010', '0.007689476', '0.011111024', '0.009668565', '0.007698904', '0.007259474', '0.010103476', '0.009540475', '0.013942218', '0.009717215', '0.009846590', '0.009629691', '0.009673388', '0.008471807', '0.010382600', '0.009024600', '0.015830504', '0.010506097', '0.008704707']" 
7 C_TND View4 0.104 0.184 0.565 0.077 0.214 0.005 nan 1120.0 1120.0 "['0.009643872', '0.010415946', '0.010843854', '0.011845569', '0.008940695', '0.009827545', '0.011845569', '0.011116525', '0.010639999', '0.009481180', '0.010250712', '0.008510104', '0.009972329', '0.010491002', '0.009336268', '0.008393398', '0.008915273', '0.009354557', '0.008915273', '0.011900392', '0.009904868', '0.009325257', '0.010780971', '0.011785384', '0.012103762', '0.009780365', '0.010447295', '0.010960672', '0.011845569', '0.009455519', '0.009255345', '0.011162953', '0.008765949', '0.009862339', '0.011024036', '0.009255345', '0.009977782', '0.009573215', '0.009219304', '0.010067934', '0.010697971', '0.011920190', '0.009207569', '0.010212933', '0.010811835', '0.008660144', '0.010491002', '0.008713930', '0.011900392', '0.009339266', '0.009070330', '0.008673750', '0.010316750', '0.012368281', '0.007776545', '0.009219304', '0.010713001', '0.010097537', '0.010610568', '0.008885436', '0.010998315', '0.010113551', '0.009780365', '0.010123507', '0.011843660', '0.008880389', '0.009200590', '0.010260359', '0.010757690', '0.008459304', '0.010260359', '0.010432836', '0.010154092', '0.010610792', '0.010063253', '0.009089872', '0.010473985', '0.011509552', '0.010146509', '0.010383726', '0.011576856', '0.009753963', '0.009255345', '0.009733723', '0.009238063', '0.009545237', '0.011258165', '0.008393398', '0.011247678', '0.011212586', '0.009117506', '0.008696250', '0.009443891', '0.008814213', '0.009972500', '0.009201806', '0.008526509', '0.009255345', '0.008940168', '0.008393398']" 
7 C_TND Concatenated 0.088 0.178 0.530 0.069 0.220 0.006 nan 1120.0 1120.0 "['0.009372302', '0.010407661', '0.011479309', '0.009909667', '0.008371975', '0.009953409', '0.009449656', '0.009637523', '0.009779293', '0.008739177', '0.009822311', '0.011357530', '0.012352379', '0.010244946', '0.010818838', '0.009895303', '0.010102069', '0.012161328', '0.008037231', '0.010752231', '0.009414034', '0.008741488', '0.009398540', '0.009839928', '0.008636693', '0.010598359', '0.010556243', '0.010674259', '0.010333967', '0.010594230', '0.009319927', '0.011919016', '0.009658402', '0.010861720', '0.009100058', '0.008255640', '0.012075862', '0.009110570', '0.007848699', '0.007369140', '0.010676687', '0.011354107', '0.010612782', '0.009100058', '0.008628991', '0.009871498', '0.009200204', '0.010082341', '0.010967827', '0.011053238', '0.009088719', '0.008455468', '0.010623044', '0.011069761', '0.013132639', '0.009174475', '0.009414034', '0.010674259', '0.011022020', '0.009669447', '0.010556243', '0.012191858', '0.010861720', '0.009379449', '0.009446261', '0.009176001', '0.009007658', '0.011444412', '0.011198649', '0.011906539', '0.010406254', '0.009507110', '0.010955771', '0.007640525', '0.009920347', '0.010377010', '0.008031603', '0.011283923', '0.010680804', '0.009835358', '0.010713677', '0.009022290', '0.010287919', '0.009203286', '0.009322279', '0.008869674', '0.009576327', '0.010180600', '0.009435602', '0.011001772', '0.009797601', '0.007489918', '0.010227899', '0.010054822', '0.009228393', '0.011899802', '0.010676687', '0.009223794', '0.008917132', '0.010240523']" 
7 C_TND Multiview 0.084 0.183 0.563 0.072 0.229 0.431 0.405 1120.0 1120.0 "[['0.000095882', '0.000029689', '0.000071876', '0.000091262', '0.000024599', '0.000034298', '0.000100924', '0.000039837', '0.000046215', '0.000053405', '0.000027567', '0.156582326', '0.000029444', '0.000049987', '0.000041041', '0.000049728', '0.000133564', '0.000080774', '0.000041207', '0.000050775', '0.000049367', '0.000083527', '0.000043075', '0.000044646', '0.000046556', '0.000031339', '0.000076623', '0.000043821', '0.000048181', '0.000048734', '0.000035365', '0.000043727', '0.000040446', '0.000046051', '0.000080273', '0.000070068', '0.000056794', '0.000044571', '0.000030619', '0.315226912', '0.000088253', '0.000026332', '0.250921577', '0.000042366', '0.000030085', '0.000108911', '0.000038927', '0.000029300', '0.000089735', '0.000029332', '0.000033668', '0.000040943', '0.000050224', '0.000022711', '0.000029279', '0.000025753', '0.000045017', '0.000042652', '0.000031765', '0.000049937', '0.000085774', '0.000051955', '0.000027982', '0.000072431', '0.000039158', '0.000053871', '0.000040238', '0.000117697', '0.000084015', '0.000042342', '0.000037138', '0.000035513', '0.000045377', '0.000050013', '0.000049869', '0.000034717', '0.000109768', '0.000094017', '0.000034778', '0.000034483', '0.000081283', '0.000048933', '0.000040569', '0.000040513', '0.000049414', '0.000042042', '0.000111985', '0.000084002', '0.000041511', '0.000044914', '0.000041658', '0.000073755', '0.272046238', '0.000032782', '0.000074250', '0.000048631', '0.000037900', '0.000049935', '0.000107897', '0.000118758'], ['0.004757041', '0.009041834', '0.001451172', '0.010992488', '0.011708184', '0.016884621', '0.004373396', '0.001875003', '0.014929844', '0.011708177', '0.013973591', '0.000233914', '0.008605507', '0.012350214', '0.001952272', '0.012172136', '0.007080112', '0.008763851', '0.001905187', '0.015039682', '0.009082690', '0.020022733', '0.015607105', '0.014500412', '0.005971615', '0.017493809', '0.010733353', '0.006728719', '0.005963387', '0.013082874', '0.012488956', '0.002116862', '0.007273837', '0.013623656', '0.003008392', '0.013106476', '0.011004698', '0.013945789', '0.010522810', '0.000105216', '0.012417911', '0.007179238', '0.000132953', '0.021182075', '0.009829687', '0.008753422', '0.010724050', '0.002689752', '0.015237126', '0.011544500', '0.015458819', '0.011408289', '0.006692658', '0.009863653', '0.013550350', '0.011012899', '0.008218138', '0.008035416', '0.010161154', '0.007956943', '0.007579590', '0.002096376', '0.018139634', '0.009837718', '0.008284393', '0.022762112', '0.009203522', '0.003262987', '0.007530353', '0.005982806', '0.010178979', '0.012864002', '0.006493688', '0.011807851', '0.008047482', '0.012181222', '0.021904791', '0.019914005', '0.010803585', '0.009929094', '0.010479667', '0.015603459', '0.009426954', '0.007479751', '0.011340998', '0.006103839', '0.017023951', '0.016060665', '0.011197409', '0.004718076', '0.013057617', '0.007550523', '0.000087101', '0.011243441', '0.011179875', '0.010970530', '0.003086115', '0.015126237', '0.008263165', '0.012965810'], ['0.003729868', '0.005822631', '0.033981144', '0.008298081', '0.006502378', '0.013705770', '0.023773594', '0.029444356', '0.004707517', '0.013396228', '0.002216063', '0.000261379', '0.008985108', '0.002815203', '0.029673710', '0.002711994', '0.014998903', '0.004721579', '0.029304333', '0.009061152', '0.012268510', '0.003413912', '0.012827091', '0.011688926', '0.008314604', '0.002375574', '0.004322356', '0.018927190', '0.003342811', '0.006653565', '0.004874021', '0.032681394', '0.014251698', '0.004201263', '0.028186332', '0.007573510', '0.005362108', '0.003739445', '0.003587319', '0.000136396', '0.005620316', '0.009769765', '0.000153872', '0.006685724', '0.008274737', '0.009290326', '0.002779004', '0.032881219', '0.009539715', '0.006418792', '0.002726676', '0.002065604', '0.014991668', '0.015676921', '0.011844574', '0.001398038', '0.014258461', '0.025268912', '0.002905010', '0.016074423', '0.013625261', '0.025029670', '0.002978941', '0.009416647', '0.001591804', '0.001482972', '0.007320486', '0.027748799', '0.004123920', '0.007548881', '0.007938889', '0.002822676', '0.015897360', '0.011900096', '0.002866413', '0.007944555', '0.001310884', '0.001208287', '0.010512117', '0.004312614', '0.015487721', '0.009590010', '0.006851851', '0.020071620', '0.004986859', '0.029022837', '0.001092125', '0.001671006', '0.007803852', '0.033549592', '0.001577629', '0.015797624', '0.000061355', '0.001563576', '0.002079824', '0.008634309', '0.021668820', '0.006196291', '0.001197550', '0.008051491'], ['0.021033553', '0.014870806', '0.004468991', '0.010129256', '0.010810199', '0.004280347', '0.005070791', '0.008740195', '0.010772706', '0.004946149', '0.017886572', '0.000221207', '0.014845583', '0.012717081', '0.007263026', '0.013871898', '0.009547815', '0.017721059', '0.007745401', '0.005035204', '0.009163930', '0.009164557', '0.006222732', '0.006174992', '0.017607287', '0.009416453', '0.014036034', '0.006369006', '0.019634999', '0.010770241', '0.013923389', '0.004706029', '0.007399048', '0.014373514', '0.006166477', '0.009549084', '0.015651720', '0.011101109', '0.015133678', '0.000102136', '0.008990318', '0.015406963', '0.000135058', '0.004495131', '0.011416699', '0.012356186', '0.014499707', '0.004871913', '0.006839326', '0.010236933', '0.009361827', '0.013883450', '0.007351764', '0.007118069', '0.004456283', '0.016622409', '0.010020804', '0.006956764', '0.013805512', '0.008617138', '0.008743740', '0.003163613', '0.005219565', '0.011617123', '0.023158055', '0.004985854', '0.012694215', '0.002982007', '0.016785264', '0.019455669', '0.010906442', '0.011766403', '0.009407909', '0.007297057', '0.021887140', '0.008431014', '0.007895861', '0.006891394', '0.005761259', '0.014492086', '0.005763273', '0.004146015', '0.011739041', '0.005039649', '0.014748573', '0.004217351', '0.011863140', '0.013546478', '0.008168544', '0.001106861', '0.017268930', '0.007156428', '0.000131705', '0.013525271', '0.012545199', '0.010040583', '0.008020442', '0.006449013', '0.019932559', '0.014962757']]" "['0.022927010', '0.354920149', '0.270434439', '0.351718366']"
8 Uniform View1 0.330 0.357 0.824 0.206 0.302 0.000 nan 1120.0 1120.0 "['0.010000000', '0.010000000', '0.010000000', '0.010000000', '0.010000000', '0.010000000', '0.010000000', '0.010000000', '0.010000000', '0.010000000', '0.010000000', '0.010000000', '0.010000000', '0.010000000', '0.010000000', '0.010000000', '0.010000000', '0.010000000', '0.010000000', '0.010000000', '0.010000000', '0.010000000', '0.010000000', '0.010000000', '0.010000000', '0.010000000', '0.010000000', '0.010000000', '0.010000000', '0.010000000', '0.010000000', '0.010000000', '0.010000000', '0.010000000', '0.010000000', '0.010000000', '0.010000000', '0.010000000', '0.010000000', '0.010000000', '0.010000000', '0.010000000', '0.010000000', '0.010000000', '0.010000000', '0.010000000', '0.010000000', '0.010000000', '0.010000000', '0.010000000', '0.010000000', '0.010000000', '0.010000000', '0.010000000', '0.010000000', '0.010000000', '0.010000000', '0.010000000', '0.010000000', '0.010000000', '0.010000000', '0.010000000', '0.010000000', '0.010000000', '0.010000000', '0.010000000', '0.010000000', '0.010000000', '0.010000000', '0.010000000', '0.010000000', '0.010000000', '0.010000000', '0.010000000', '0.010000000', '0.010000000', '0.010000000', '0.010000000', '0.010000000', '0.010000000', '0.010000000', '0.010000000', '0.010000000', '0.010000000', '0.010000000', '0.010000000', '0.010000000', '0.010000000', '0.010000000', '0.010000000', '0.010000000', '0.010000000', '0.010000000', '0.010000000', '0.010000000', '0.010000000', '0.010000000', '0.010000000', '0.010000000', '0.010000000']" 
8 Uniform View2 0.122 0.166 0.423 0.073 0.187 0.000 nan 1120.0 1120.0 "['0.010000000', '0.010000000', '0.010000000', '0.010000000', '0.010000000', '0.010000000', '0.010000000', '0.010000000', '0.010000000', '0.010000000', '0.010000000', '0.010000000', '0.010000000', '0.010000000', '0.010000000', '0.010000000', '0.010000000', '0.010000000', '0.010000000', '0.010000000', '0.010000000', '0.010000000', '0.010000000', '0.010000000', '0.010000000', '0.010000000', '0.010000000', '0.010000000', '0.010000000', '0.010000000', '0.010000000', '0.010000000', '0.010000000', '0.010000000', '0.010000000', '0.010000000', '0.010000000', '0.010000000', '0.010000000', '0.010000000', '0.010000000', '0.010000000', '0.010000000', '0.010000000', '0.010000000', '0.010000000', '0.010000000', '0.010000000', '0.010000000', '0.010000000', '0.010000000', '0.010000000', '0.010000000', '0.010000000', '0.010000000', '0.010000000', '0.010000000', '0.010000000', '0.010000000', '0.010000000', '0.010000000', '0.010000000', '0.010000000', '0.010000000', '0.010000000', '0.010000000', '0.010000000', '0.010000000', '0.010000000', '0.010000000', '0.010000000', '0.010000000', '0.010000000', '0.010000000', '0.010000000', '0.010000000', '0.010000000', '0.010000000', '0.010000000', '0.010000000', '0.010000000', '0.010000000', '0.010000000', '0.010000000', '0.010000000', '0.010000000', '0.010000000', '0.010000000', '0.010000000', '0.010000000', '0.010000000', '0.010000000', '0.010000000', '0.010000000', '0.010000000', '0.010000000', '0.010000000', '0.010000000', '0.010000000', '0.010000000']" 
8 Uniform View3 0.168 0.192 0.478 0.103 0.179 0.000 nan 1120.0 1120.0 "['0.010000000', '0.010000000', '0.010000000', '0.010000000', '0.010000000', '0.010000000', '0.010000000', '0.010000000', '0.010000000', '0.010000000', '0.010000000', '0.010000000', '0.010000000', '0.010000000', '0.010000000', '0.010000000', '0.010000000', '0.010000000', '0.010000000', '0.010000000', '0.010000000', '0.010000000', '0.010000000', '0.010000000', '0.010000000', '0.010000000', '0.010000000', '0.010000000', '0.010000000', '0.010000000', '0.010000000', '0.010000000', '0.010000000', '0.010000000', '0.010000000', '0.010000000', '0.010000000', '0.010000000', '0.010000000', '0.010000000', '0.010000000', '0.010000000', '0.010000000', '0.010000000', '0.010000000', '0.010000000', '0.010000000', '0.010000000', '0.010000000', '0.010000000', '0.010000000', '0.010000000', '0.010000000', '0.010000000', '0.010000000', '0.010000000', '0.010000000', '0.010000000', '0.010000000', '0.010000000', '0.010000000', '0.010000000', '0.010000000', '0.010000000', '0.010000000', '0.010000000', '0.010000000', '0.010000000', '0.010000000', '0.010000000', '0.010000000', '0.010000000', '0.010000000', '0.010000000', '0.010000000', '0.010000000', '0.010000000', '0.010000000', '0.010000000', '0.010000000', '0.010000000', '0.010000000', '0.010000000', '0.010000000', '0.010000000', '0.010000000', '0.010000000', '0.010000000', '0.010000000', '0.010000000', '0.010000000', '0.010000000', '0.010000000', '0.010000000', '0.010000000', '0.010000000', '0.010000000', '0.010000000', '0.010000000', '0.010000000']" 
8 Uniform View4 0.100 0.190 0.474 0.077 0.226 0.000 nan 1120.0 1120.0 "['0.010000000', '0.010000000', '0.010000000', '0.010000000', '0.010000000', '0.010000000', '0.010000000', '0.010000000', '0.010000000', '0.010000000', '0.010000000', '0.010000000', '0.010000000', '0.010000000', '0.010000000', '0.010000000', '0.010000000', '0.010000000', '0.010000000', '0.010000000', '0.010000000', '0.010000000', '0.010000000', '0.010000000', '0.010000000', '0.010000000', '0.010000000', '0.010000000', '0.010000000', '0.010000000', '0.010000000', '0.010000000', '0.010000000', '0.010000000', '0.010000000', '0.010000000', '0.010000000', '0.010000000', '0.010000000', '0.010000000', '0.010000000', '0.010000000', '0.010000000', '0.010000000', '0.010000000', '0.010000000', '0.010000000', '0.010000000', '0.010000000', '0.010000000', '0.010000000', '0.010000000', '0.010000000', '0.010000000', '0.010000000', '0.010000000', '0.010000000', '0.010000000', '0.010000000', '0.010000000', '0.010000000', '0.010000000', '0.010000000', '0.010000000', '0.010000000', '0.010000000', '0.010000000', '0.010000000', '0.010000000', '0.010000000', '0.010000000', '0.010000000', '0.010000000', '0.010000000', '0.010000000', '0.010000000', '0.010000000', '0.010000000', '0.010000000', '0.010000000', '0.010000000', '0.010000000', '0.010000000', '0.010000000', '0.010000000', '0.010000000', '0.010000000', '0.010000000', '0.010000000', '0.010000000', '0.010000000', '0.010000000', '0.010000000', '0.010000000', '0.010000000', '0.010000000', '0.010000000', '0.010000000', '0.010000000', '0.010000000']" 
8 Uniform Concatenated 0.120 0.172 0.435 0.070 0.204 0.000 nan 1120.0 1120.0 "['0.010000000', '0.010000000', '0.010000000', '0.010000000', '0.010000000', '0.010000000', '0.010000000', '0.010000000', '0.010000000', '0.010000000', '0.010000000', '0.010000000', '0.010000000', '0.010000000', '0.010000000', '0.010000000', '0.010000000', '0.010000000', '0.010000000', '0.010000000', '0.010000000', '0.010000000', '0.010000000', '0.010000000', '0.010000000', '0.010000000', '0.010000000', '0.010000000', '0.010000000', '0.010000000', '0.010000000', '0.010000000', '0.010000000', '0.010000000', '0.010000000', '0.010000000', '0.010000000', '0.010000000', '0.010000000', '0.010000000', '0.010000000', '0.010000000', '0.010000000', '0.010000000', '0.010000000', '0.010000000', '0.010000000', '0.010000000', '0.010000000', '0.010000000', '0.010000000', '0.010000000', '0.010000000', '0.010000000', '0.010000000', '0.010000000', '0.010000000', '0.010000000', '0.010000000', '0.010000000', '0.010000000', '0.010000000', '0.010000000', '0.010000000', '0.010000000', '0.010000000', '0.010000000', '0.010000000', '0.010000000', '0.010000000', '0.010000000', '0.010000000', '0.010000000', '0.010000000', '0.010000000', '0.010000000', '0.010000000', '0.010000000', '0.010000000', '0.010000000', '0.010000000', '0.010000000', '0.010000000', '0.010000000', '0.010000000', '0.010000000', '0.010000000', '0.010000000', '0.010000000', '0.010000000', '0.010000000', '0.010000000', '0.010000000', '0.010000000', '0.010000000', '0.010000000', '0.010000000', '0.010000000', '0.010000000', '0.010000000']" 
8 Uniform Multiview 0.136 0.227 0.554 0.091 0.273 0.000 0.000 1120.0 1120.0 "[['0.010000000', '0.010000000', '0.010000000', '0.010000000', '0.010000000', '0.010000000', '0.010000000', '0.010000000', '0.010000000', '0.010000000', '0.010000000', '0.010000000', '0.010000000', '0.010000000', '0.010000000', '0.010000000', '0.010000000', '0.010000000', '0.010000000', '0.010000000', '0.010000000', '0.010000000', '0.010000000', '0.010000000', '0.010000000', '0.010000000', '0.010000000', '0.010000000', '0.010000000', '0.010000000', '0.010000000', '0.010000000', '0.010000000', '0.010000000', '0.010000000', '0.010000000', '0.010000000', '0.010000000', '0.010000000', '0.010000000', '0.010000000', '0.010000000', '0.010000000', '0.010000000', '0.010000000', '0.010000000', '0.010000000', '0.010000000', '0.010000000', '0.010000000', '0.010000000', '0.010000000', '0.010000000', '0.010000000', '0.010000000', '0.010000000', '0.010000000', '0.010000000', '0.010000000', '0.010000000', '0.010000000', '0.010000000', '0.010000000', '0.010000000', '0.010000000', '0.010000000', '0.010000000', '0.010000000', '0.010000000', '0.010000000', '0.010000000', '0.010000000', '0.010000000', '0.010000000', '0.010000000', '0.010000000', '0.010000000', '0.010000000', '0.010000000', '0.010000000', '0.010000000', '0.010000000', '0.010000000', '0.010000000', '0.010000000', '0.010000000', '0.010000000', '0.010000000', '0.010000000', '0.010000000', '0.010000000', '0.010000000', '0.010000000', '0.010000000', '0.010000000', '0.010000000', '0.010000000', '0.010000000', '0.010000000', '0.010000000'], ['0.010000000', '0.010000000', '0.010000000', '0.010000000', '0.010000000', '0.010000000', '0.010000000', '0.010000000', '0.010000000', '0.010000000', '0.010000000', '0.010000000', '0.010000000', '0.010000000', '0.010000000', '0.010000000', '0.010000000', '0.010000000', '0.010000000', '0.010000000', '0.010000000', '0.010000000', '0.010000000', '0.010000000', '0.010000000', '0.010000000', '0.010000000', '0.010000000', '0.010000000', '0.010000000', '0.010000000', '0.010000000', '0.010000000', '0.010000000', '0.010000000', '0.010000000', '0.010000000', '0.010000000', '0.010000000', '0.010000000', '0.010000000', '0.010000000', '0.010000000', '0.010000000', '0.010000000', '0.010000000', '0.010000000', '0.010000000', '0.010000000', '0.010000000', '0.010000000', '0.010000000', '0.010000000', '0.010000000', '0.010000000', '0.010000000', '0.010000000', '0.010000000', '0.010000000', '0.010000000', '0.010000000', '0.010000000', '0.010000000', '0.010000000', '0.010000000', '0.010000000', '0.010000000', '0.010000000', '0.010000000', '0.010000000', '0.010000000', '0.010000000', '0.010000000', '0.010000000', '0.010000000', '0.010000000', '0.010000000', '0.010000000', '0.010000000', '0.010000000', '0.010000000', '0.010000000', '0.010000000', '0.010000000', '0.010000000', '0.010000000', '0.010000000', '0.010000000', '0.010000000', '0.010000000', '0.010000000', '0.010000000', '0.010000000', '0.010000000', '0.010000000', '0.010000000', '0.010000000', '0.010000000', '0.010000000', '0.010000000'], ['0.010000000', '0.010000000', '0.010000000', '0.010000000', '0.010000000', '0.010000000', '0.010000000', '0.010000000', '0.010000000', '0.010000000', '0.010000000', '0.010000000', '0.010000000', '0.010000000', '0.010000000', '0.010000000', '0.010000000', '0.010000000', '0.010000000', '0.010000000', '0.010000000', '0.010000000', '0.010000000', '0.010000000', '0.010000000', '0.010000000', '0.010000000', '0.010000000', '0.010000000', '0.010000000', '0.010000000', '0.010000000', '0.010000000', '0.010000000', '0.010000000', '0.010000000', '0.010000000', '0.010000000', '0.010000000', '0.010000000', '0.010000000', '0.010000000', '0.010000000', '0.010000000', '0.010000000', '0.010000000', '0.010000000', '0.010000000', '0.010000000', '0.010000000', '0.010000000', '0.010000000', '0.010000000', '0.010000000', '0.010000000', '0.010000000', '0.010000000', '0.010000000', '0.010000000', '0.010000000', '0.010000000', '0.010000000', '0.010000000', '0.010000000', '0.010000000', '0.010000000', '0.010000000', '0.010000000', '0.010000000', '0.010000000', '0.010000000', '0.010000000', '0.010000000', '0.010000000', '0.010000000', '0.010000000', '0.010000000', '0.010000000', '0.010000000', '0.010000000', '0.010000000', '0.010000000', '0.010000000', '0.010000000', '0.010000000', '0.010000000', '0.010000000', '0.010000000', '0.010000000', '0.010000000', '0.010000000', '0.010000000', '0.010000000', '0.010000000', '0.010000000', '0.010000000', '0.010000000', '0.010000000', '0.010000000', '0.010000000'], ['0.010000000', '0.010000000', '0.010000000', '0.010000000', '0.010000000', '0.010000000', '0.010000000', '0.010000000', '0.010000000', '0.010000000', '0.010000000', '0.010000000', '0.010000000', '0.010000000', '0.010000000', '0.010000000', '0.010000000', '0.010000000', '0.010000000', '0.010000000', '0.010000000', '0.010000000', '0.010000000', '0.010000000', '0.010000000', '0.010000000', '0.010000000', '0.010000000', '0.010000000', '0.010000000', '0.010000000', '0.010000000', '0.010000000', '0.010000000', '0.010000000', '0.010000000', '0.010000000', '0.010000000', '0.010000000', '0.010000000', '0.010000000', '0.010000000', '0.010000000', '0.010000000', '0.010000000', '0.010000000', '0.010000000', '0.010000000', '0.010000000', '0.010000000', '0.010000000', '0.010000000', '0.010000000', '0.010000000', '0.010000000', '0.010000000', '0.010000000', '0.010000000', '0.010000000', '0.010000000', '0.010000000', '0.010000000', '0.010000000', '0.010000000', '0.010000000', '0.010000000', '0.010000000', '0.010000000', '0.010000000', '0.010000000', '0.010000000', '0.010000000', '0.010000000', '0.010000000', '0.010000000', '0.010000000', '0.010000000', '0.010000000', '0.010000000', '0.010000000', '0.010000000', '0.010000000', '0.010000000', '0.010000000', '0.010000000', '0.010000000', '0.010000000', '0.010000000', '0.010000000', '0.010000000', '0.010000000', '0.010000000', '0.010000000', '0.010000000', '0.010000000', '0.010000000', '0.010000000', '0.010000000', '0.010000000', '0.010000000']]" "['0.250000000', '0.250000000', '0.250000000', '0.250000000']"
8 PBkl View1 0.321 0.313 0.738 0.206 0.214 0.503 nan 1120.0 1120.0 "['0.002294797', '0.012284870', '0.002253208', '0.002254504', '0.002253836', '0.012284870', '0.023503071', '0.023503071', '0.002253057', '0.024102507', '0.023457332', '0.002254129', '0.002388863', '0.002254129', '0.002253078', '0.022377675', '0.002253057', '0.014336159', '0.017225076', '0.013955770', '0.002294797', '0.022377675', '0.002253208', '0.014336159', '0.016053714', '0.021351561', '0.002256587', '0.023503071', '0.014336159', '0.016362743', '0.005533801', '0.009709264', '0.002253487', '0.015058749', '0.002254504', '0.024163267', '0.002254504', '0.023457332', '0.002256583', '0.002257712', '0.002257263', '0.002253553', '0.002257126', '0.002253825', '0.002294797', '0.002257712', '0.022377675', '0.002294797', '0.002294797', '0.002281173', '0.002688296', '0.008479089', '0.002253836', '0.002258386', '0.022453835', '0.002256583', '0.002281173', '0.002277780', '0.009107017', '0.020736914', '0.017225076', '0.024163267', '0.022377675', '0.002254986', '0.021351561', '0.013152878', '0.022377675', '0.002254986', '0.022377675', '0.002256583', '0.002253487', '0.002258386', '0.002258386', '0.002257712', '0.014336159', '0.016948208', '0.009709264', '0.024163267', '0.002257712', '0.002253836', '0.014336159', '0.002300861', '0.002253040', '0.002294797', '0.002256485', '0.002257398', '0.002294797', '0.002300861', '0.016948208', '0.002262035', '0.002253208', '0.023503071', '0.021351561', '0.013152878', '0.024133200', '0.014336159', '0.002254880', '0.022377675', '0.023457332', '0.023503071']" 
8 PBkl View2 0.137 0.148 0.390 0.091 0.113 1.192 nan 1120.0 1120.0 "['0.020759739', '0.016843600', '0.000690924', '0.001782912', '0.000606520', '0.035921961', '0.004668229', '0.020759739', '0.000650007', '0.000607922', '0.000634123', '0.013564377', '0.002322059', '0.013564377', '0.035921961', '0.001199789', '0.000744580', '0.000673897', '0.000634123', '0.000622840', '0.001199789', '0.000789809', '0.001214091', '0.000630958', '0.010887695', '0.002018880', '0.007047095', '0.008743701', '0.000727693', '0.004668229', '0.000616322', '0.001358602', '0.000789809', '0.008743701', '0.035921961', '0.020759739', '0.001782912', '0.001358602', '0.041577544', '0.030398536', '0.000607922', '0.046946011', '0.000594252', '0.000597597', '0.002322059', '0.000690924', '0.000911849', '0.001599349', '0.000701360', '0.000581676', '0.035921961', '0.004668229', '0.000764918', '0.000690924', '0.003850234', '0.013564377', '0.002711371', '0.046946011', '0.000634123', '0.046946011', '0.000666871', '0.020759739', '0.041577544', '0.010887695', '0.000618347', '0.025299076', '0.030398536', '0.041577544', '0.041577544', '0.001782912', '0.003210709', '0.003850234', '0.016843600', '0.002018880', '0.000630958', '0.001599349', '0.041577544', '0.000634123', '0.000660624', '0.000630958', '0.000660624', '0.000610978', '0.007047095', '0.000820835', '0.002322059', '0.000744580', '0.001214091', '0.000655035', '0.000605194', '0.003850234', '0.035921961', '0.000634123', '0.007047095', '0.030398536', '0.002018880', '0.000585503', '0.001456917', '0.001782912', '0.046946011', '0.001214091']" 
8 PBkl View3 0.181 0.156 0.408 0.121 0.069 1.356 nan 1120.0 1120.0 "['0.003438220', '0.000619256', '0.000637649', '0.055665374', '0.000664383', '0.000640830', '0.012159912', '0.003438220', '0.002004702', '0.000624822', '0.008600644', '0.000630432', '0.000644559', '0.003079769', '0.000624822', '0.000618714', '0.000645409', '0.055665374', '0.000653043', '0.003079769', '0.012159912', '0.000678913', '0.004818232', '0.003843047', '0.029968536', '0.000617559', '0.003438220', '0.016937388', '0.001626538', '0.000666763', '0.001804911', '0.000647785', '0.000630432', '0.002004702', '0.000625998', '0.003843047', '0.010845175', '0.000624822', '0.010845175', '0.055665374', '0.000618255', '0.027534047', '0.000662371', '0.000655703', '0.001467482', '0.000621761', '0.008600644', '0.000624567', '0.053874593', '0.002479692', '0.000617541', '0.000620448', '0.010845175', '0.000646230', '0.000659222', '0.055665374', '0.009661351', '0.000659609', '0.004818232', '0.003843047', '0.003079769', '0.007654111', '0.000621761', '0.000623146', '0.000621761', '0.009661351', '0.000647785', '0.055665374', '0.000639809', '0.000621761', '0.000678221', '0.029968536', '0.000627422', '0.006065192', '0.000621021', '0.000628826', '0.005403567', '0.002761951', '0.005403567', '0.012159912', '0.000660712', '0.000645409', '0.055665374', '0.055665374', '0.047634337', '0.000653609', '0.000661060', '0.000624567', '0.002761951', '0.000847246', '0.000661060', '0.055665374', '0.005403567', '0.000621021', '0.027534047', '0.000617249', '0.000618714', '0.000630432', '0.042795762', '0.053874593']" 
8 PBkl View4 0.153 0.157 0.412 0.100 0.113 1.694 nan 1120.0 1120.0 "['0.065067746', '0.000579152', '0.000593318', '0.000584913', '0.035631273', '0.065067746', '0.000637353', '0.000560450', '0.000589544', '0.017407428', '0.000568863', '0.000575751', '0.000637353', '0.000580204', '0.022541657', '0.000584039', '0.002293064', '0.035631273', '0.000586567', '0.000566333', '0.001178810', '0.065067746', '0.001546721', '0.019846685', '0.000592140', '0.000568863', '0.010093850', '0.000556865', '0.000578771', '0.043246586', '0.013285965', '0.000587350', '0.000586567', '0.001872356', '0.061995793', '0.000584039', '0.032051906', '0.000573267', '0.032051906', '0.010093850', '0.000584039', '0.000568863', '0.035631273', '0.000558788', '0.000556155', '0.000567792', '0.000558788', '0.054988552', '0.000559094', '0.000558788', '0.000567792', '0.000575751', '0.000589544', '0.000557879', '0.000566333', '0.000820456', '0.000588838', '0.054988552', '0.000578771', '0.004033342', '0.001410816', '0.000591523', '0.000558788', '0.035631273', '0.000606759', '0.000583133', '0.002549915', '0.000637353', '0.000562512', '0.000820456', '0.000581217', '0.000590226', '0.000573267', '0.001872356', '0.001546721', '0.000582194', '0.000985299', '0.000562512', '0.002549915', '0.004033342', '0.000637353', '0.004033342', '0.000563364', '0.000584039', '0.000899445', '0.000584913', '0.000557879', '0.000558788', '0.061995793', '0.002068824', '0.000587350', '0.000559094', '0.000562512', '0.065067746', '0.001699519', '0.025485046', '0.002293064', '0.000564852', '0.000556254', '0.065067746']" 
8 PBkl Concatenated 0.136 0.152 0.398 0.079 0.147 0.938 nan 1120.0 1120.0 "['0.001038966', '0.001931437', '0.001078005', '0.001415815', '0.036638387', '0.041673332', '0.001062752', '0.001122975', '0.023367209', '0.009750322', '0.005380168', '0.039210983', '0.039210983', '0.008450347', '0.001034194', '0.001049531', '0.001122975', '0.011203816', '0.001062752', '0.001034898', '0.001415815', '0.001028721', '0.001069468', '0.001029118', '0.001240010', '0.003930022', '0.031278413', '0.001028739', '0.001038966', '0.001033578', '0.012818072', '0.044010814', '0.036638387', '0.046216547', '0.001030884', '0.001033578', '0.003930022', '0.007295125', '0.014598157', '0.036638387', '0.001028857', '0.002880526', '0.001031439', '0.001034194', '0.001040430', '0.002488606', '0.001029575', '0.025923733', '0.018662065', '0.003358709', '0.001031769', '0.008450347', '0.001033578', '0.001031439', '0.044010814', '0.005380168', '0.011203816', '0.007295125', '0.033981811', '0.014598157', '0.001103528', '0.001240010', '0.001078005', '0.012818072', '0.004601332', '0.001069468', '0.001415815', '0.001038966', '0.001031769', '0.033981811', '0.001069468', '0.011203816', '0.033981811', '0.004601332', '0.044010814', '0.020939562', '0.036638387', '0.007295125', '0.001057394', '0.005380168', '0.011203816', '0.007295125', '0.001186915', '0.001240010', '0.001036637', '0.011203816', '0.001149619', '0.001028718', '0.025923733', '0.001415815', '0.002175282', '0.001034194', '0.001034898', '0.001034194', '0.009750322', '0.001033037', '0.009750322', '0.007295125', '0.014598157', '0.001415815']" 
8 PBkl Multiview 0.129 0.175 0.445 0.076 0.210 0.395 0.236 1120.0 1120.0 "[['0.002684636', '0.016562952', '0.002853132', '0.002872905', '0.002819494', '0.016562952', '0.018937854', '0.018937854', '0.002847031', '0.019027647', '0.018931061', '0.002868736', '0.002584931', '0.002868736', '0.002848323', '0.018771535', '0.002847031', '0.017252844', '0.017931813', '0.017140871', '0.002684636', '0.018771535', '0.002853132', '0.017252844', '0.017687144', '0.018619411', '0.002889875', '0.018937854', '0.017252844', '0.017755041', '0.011168143', '0.015338363', '0.002859418', '0.017448626', '0.002872905', '0.019036829', '0.002872905', '0.018931061', '0.002794885', '0.002787943', '0.002894191', '0.002823841', '0.002893336', '0.002864805', '0.002684636', '0.002787943', '0.018771535', '0.002684636', '0.002684636', '0.002711519', '0.002691459', '0.014561540', '0.002819494', '0.002784214', '0.018782755', '0.002794885', '0.002711519', '0.002719354', '0.014978519', '0.018526681', '0.017931813', '0.019036829', '0.018771535', '0.002806991', '0.018619411', '0.016881758', '0.018771535', '0.002806991', '0.018771535', '0.002794885', '0.002859418', '0.002784214', '0.002784214', '0.002787943', '0.017252844', '0.017876945', '0.015338363', '0.019036829', '0.002787943', '0.002819494', '0.017252844', '0.002674403', '0.002845701', '0.002684636', '0.002889183', '0.002895008', '0.002684636', '0.002674403', '0.017876945', '0.002767250', '0.002853132', '0.018937854', '0.018619411', '0.016881758', '0.019032286', '0.017252844', '0.002876578', '0.018771535', '0.018931061', '0.018937854'], ['0.016375206', '0.002237869', '0.012786170', '0.002103977', '0.015810344', '0.002103977', '0.002103977', '0.011096360', '0.016779054', '0.017012123', '0.015810344', '0.017012123', '0.017012123', '0.002241216', '0.014616070', '0.002103977', '0.016223947', '0.002231132', '0.002103977', '0.016963640', '0.005614960', '0.017055672', '0.002243943', '0.016699817', '0.015518433', '0.002240445', '0.002243309', '0.016963640', '0.002103977', '0.003607243', '0.002203678', '0.016223947', '0.016223947', '0.012786170', '0.016848354', '0.017012123', '0.002244547', '0.015518433', '0.002207327', '0.002135531', '0.016699817', '0.002250825', '0.014616070', '0.015518433', '0.002103735', '0.016608261', '0.002247201', '0.002243943', '0.016848354', '0.017012123', '0.011096360', '0.016608261', '0.002176925', '0.016963640', '0.016375206', '0.016223947', '0.014616070', '0.013879894', '0.017012123', '0.002103735', '0.002218683', '0.017055672', '0.002218683', '0.016848354', '0.002183803', '0.002194993', '0.002159579', '0.014616070', '0.015810344', '0.002183803', '0.016699817', '0.016039595', '0.002199597', '0.002222971', '0.002251160', '0.002203678', '0.002203678', '0.017012123', '0.011096360', '0.016608261', '0.016501440', '0.016501440', '0.008558103', '0.016699817', '0.017012123', '0.002240445', '0.016779054', '0.005614960', '0.014616070', '0.015810344', '0.016223947', '0.017012123', '0.002103735', '0.002222971', '0.017012123', '0.002148550', '0.014616070', '0.002194993', '0.002232441', '0.002243943'], ['0.014512677', '0.002285201', '0.017898882', '0.015410313', '0.002391624', '0.016813921', '0.016029626', '0.009537123', '0.015410313', '0.002391068', '0.014512677', '0.018493848', '0.002886673', '0.007892286', '0.002382006', '0.002327454', '0.018176608', '0.009537123', '0.002323502', '0.018280501', '0.015410313', '0.002346271', '0.018503364', '0.002225449', '0.017283207', '0.017763507', '0.002382006', '0.018008849', '0.002378312', '0.012188234', '0.002377297', '0.002377297', '0.002402920', '0.015410313', '0.018362563', '0.017654533', '0.002220485', '0.002398051', '0.003259917', '0.018503364', '0.013904034', '0.018331904', '0.015746636', '0.002382006', '0.009537123', '0.017898882', '0.018041061', '0.013143953', '0.002346271', '0.017937955', '0.002298466', '0.014512677', '0.002348769', '0.003935420', '0.002361141', '0.002376245', '0.002376245', '0.018008849', '0.018041061', '0.018176608', '0.018199524', '0.015005725', '0.017593008', '0.017937955', '0.002393209', '0.002371576', '0.002391624', '0.002340795', '0.002314651', '0.015410313', '0.002388665', '0.002353350', '0.002400523', '0.016952327', '0.017452585', '0.006266301', '0.018008849', '0.015005725', '0.018503364', '0.002323502', '0.018099956', '0.015005725', '0.017654533', '0.013904034', '0.002367513', '0.003259917', '0.002388665', '0.017654533', '0.002323502', '0.003259917', '0.002399511', '0.018503364', '0.006266301', '0.002314651', '0.010992016', '0.007892286', '0.002381132', '0.018221295', '0.002348769', '0.018493848'], ['0.021846820', '0.002782738', '0.022195870', '0.002695434', '0.002775908', '0.002822530', '0.022166081', '0.021846820', '0.002747253', '0.021846820', '0.017095163', '0.002740752', '0.010476974', '0.002668638', '0.021896871', '0.002772079', '0.004364000', '0.002606804', '0.002813576', '0.022166081', '0.021896871', '0.002716654', '0.002828317', '0.002606804', '0.017904092', '0.022100963', '0.002831029', '0.003517553', '0.002772079', '0.002753151', '0.007930068', '0.021896871', '0.022166081', '0.002798378', '0.007930068', '0.002806033', '0.002758525', '0.002684883', '0.017904092', '0.002740752', '0.002785797', '0.021896871', '0.002793819', '0.022195870', '0.021846820', '0.002798378', '0.007930068', '0.002753151', '0.002733567', '0.002652907', '0.022195870', '0.021734560', '0.007930068', '0.021734560', '0.020536620', '0.021896871', '0.002818438', '0.021846820', '0.002695434', '0.022195870', '0.002725573', '0.021846820', '0.002813576', '0.002779452', '0.002684883', '0.020536620', '0.012804706', '0.002772079', '0.022027364', '0.002798378', '0.002800457', '0.002652907', '0.002652907', '0.002820568', '0.017095163', '0.002606804', '0.021846820', '0.002740752', '0.022195870', '0.003517553', '0.002833409', '0.020084012', '0.002753151', '0.002606804', '0.012804706', '0.022166081', '0.002695434', '0.002740752', '0.002740752', '0.021896871', '0.022065310', '0.020084012', '0.002684883', '0.002796171', '0.002782738', '0.005787260', '0.019456588', '0.002812211', '0.007930068', '0.002716654']]" "['0.047683783', '0.333551437', '0.294210702', '0.324554086']"
8 PBkl_inv View1 0.312 0.281 0.680 0.183 0.196 1.798 nan 1120.0 1120.0 "['0.000397349', '0.001145673', '0.000461096', '0.000474680', '0.000442091', '0.001145673', '0.049619775', '0.049619775', '0.000457296', '0.068031363', '0.048023228', '0.000471642', '0.000381268', '0.000471642', '0.000458087', '0.020705981', '0.000457296', '0.001487680', '0.002452240', '0.001410630', '0.000397349', '0.020705981', '0.000461096', '0.001487680', '0.001954525', '0.010342394', '0.000488121', '0.049619775', '0.001487680', '0.002067099', '0.000640979', '0.000892635', '0.000465195', '0.001656954', '0.000474680', '0.069462620', '0.000474680', '0.048023228', '0.000430774', '0.000427908', '0.000491840', '0.000444297', '0.000491095', '0.000468866', '0.000397349', '0.000427908', '0.020705981', '0.000397349', '0.000397349', '0.000403536', '0.000382615', '0.000810396', '0.000442091', '0.000426422', '0.021949941', '0.000430774', '0.000403536', '0.000405536', '0.000850335', '0.007457325', '0.002452240', '0.069462620', '0.020705981', '0.000436104', '0.010342394', '0.001270079', '0.020705981', '0.000436104', '0.020705981', '0.000430774', '0.000465195', '0.000426422', '0.000426422', '0.000427908', '0.001487680', '0.002315374', '0.000892635', '0.069462620', '0.000427908', '0.000442091', '0.001487680', '0.000395241', '0.000456490', '0.000397349', '0.000487536', '0.000492560', '0.000397349', '0.000395241', '0.002315374', '0.000420102', '0.000461096', '0.049619775', '0.010342394', '0.001270079', '0.068764798', '0.001487680', '0.000477438', '0.020705981', '0.048023228', '0.049619775']" 
8 PBkl_inv View2 0.136 0.148 0.390 0.092 0.112 1.277 nan 1120.0 1120.0 "['0.021216907', '0.017165782', '0.000596310', '0.001576509', '0.000547888', '0.036500681', '0.004483493', '0.021216907', '0.000572955', '0.000548699', '0.000563827', '0.013746795', '0.002123237', '0.013746795', '0.036500681', '0.000934514', '0.000626594', '0.000586619', '0.000563827', '0.000557323', '0.000934514', '0.000651832', '0.000971876', '0.000562004', '0.010943981', '0.001817206', '0.006931083', '0.008699252', '0.000617103', '0.004483493', '0.000553559', '0.000967125', '0.000651832', '0.008699252', '0.036500681', '0.021216907', '0.001576509', '0.000967125', '0.041917540', '0.031025916', '0.000548699', '0.046877593', '0.000540776', '0.000542717', '0.002123237', '0.000596310', '0.000718833', '0.001387002', '0.000602230', '0.000533471', '0.036500681', '0.004483493', '0.000637974', '0.000596310', '0.003655439', '0.013746795', '0.002513517', '0.046877593', '0.000563827', '0.046877593', '0.000582609', '0.021216907', '0.041917540', '0.010943981', '0.000554729', '0.025866190', '0.031025916', '0.041917540', '0.041917540', '0.001576509', '0.003013192', '0.003655439', '0.017165782', '0.001817206', '0.000562004', '0.001387002', '0.041917540', '0.000563827', '0.000579037', '0.000562004', '0.000579037', '0.000550469', '0.006931083', '0.000669005', '0.002123237', '0.000626594', '0.000971876', '0.000575837', '0.000547120', '0.003655439', '0.036500681', '0.000563827', '0.006931083', '0.031025916', '0.001817206', '0.000535695', '0.001238194', '0.001576509', '0.046877593', '0.000971876']" 
8 PBkl_inv View3 0.181 0.154 0.406 0.124 0.062 1.557 nan 1120.0 1120.0 "['0.002578692', '0.000481726', '0.000489573', '0.059922479', '0.000507156', '0.000491454', '0.010411588', '0.002578692', '0.001510420', '0.000496818', '0.007014300', '0.000504665', '0.000493749', '0.002301441', '0.000496818', '0.000487574', '0.000494285', '0.059922479', '0.000499268', '0.002301441', '0.010411588', '0.000517945', '0.003692189', '0.002898273', '0.029817965', '0.000485035', '0.002578692', '0.015298420', '0.001250254', '0.000508875', '0.001371682', '0.000495803', '0.000504665', '0.001510420', '0.000483585', '0.002898273', '0.009129926', '0.000496818', '0.009129926', '0.059922479', '0.000481891', '0.027030848', '0.000505719', '0.000501071', '0.001143717', '0.000482093', '0.007014300', '0.000483010', '0.057968751', '0.001851427', '0.000482403', '0.000481817', '0.009129926', '0.000494806', '0.000503502', '0.059922479', '0.008002196', '0.000503772', '0.003692189', '0.002898273', '0.002301441', '0.006151975', '0.000482093', '0.000482503', '0.000482093', '0.008002196', '0.000495803', '0.059922479', '0.000490841', '0.000482093', '0.000517419', '0.029817965', '0.000484207', '0.004748927', '0.000491343', '0.000484861', '0.004182920', '0.002060701', '0.004182920', '0.010411588', '0.000504546', '0.000494285', '0.059922479', '0.059922479', '0.050760783', '0.000499649', '0.000504792', '0.000483010', '0.002060701', '0.000720192', '0.000504792', '0.059922479', '0.004182920', '0.000491343', '0.027030848', '0.000483392', '0.000487574', '0.000504665', '0.044912372', '0.057968751']" 
8 PBkl_inv View4 0.154 0.156 0.412 0.101 0.111 1.783 nan 1120.0 1120.0 "['0.065895453', '0.000513176', '0.000525847', '0.000518309', '0.035861082', '0.065895453', '0.000573932', '0.000496436', '0.000522454', '0.016958222', '0.000497629', '0.000510156', '0.000573932', '0.000514112', '0.022210550', '0.000517529', '0.002118442', '0.035861082', '0.000519788', '0.000501792', '0.001042205', '0.065895453', '0.001392633', '0.019442132', '0.000524787', '0.000497629', '0.009668986', '0.000491475', '0.000503822', '0.043854963', '0.012818959', '0.000520488', '0.000519788', '0.001709040', '0.062929489', '0.000517529', '0.032108698', '0.000507961', '0.032108698', '0.009668986', '0.000517529', '0.000497629', '0.035861082', '0.000492209', '0.000491492', '0.000503094', '0.000492209', '0.055987831', '0.000495146', '0.000492209', '0.000503094', '0.000510156', '0.000522454', '0.000493938', '0.000501792', '0.000728800', '0.000521822', '0.055987831', '0.000503822', '0.003801878', '0.001261585', '0.000524233', '0.000492209', '0.035861082', '0.000538062', '0.000516719', '0.002367941', '0.000573932', '0.000494070', '0.000728800', '0.000515014', '0.000523067', '0.000507961', '0.001709040', '0.001392633', '0.000515882', '0.000868124', '0.000494070', '0.002367941', '0.003801878', '0.000573932', '0.003801878', '0.000499118', '0.000517529', '0.000794631', '0.000518309', '0.000493938', '0.000492209', '0.062929489', '0.001900295', '0.000520488', '0.000495146', '0.000494070', '0.065895453', '0.001540879', '0.025256915', '0.002118442', '0.000500462', '0.000492013', '0.065895453']" 
8 PBkl_inv Concatenated 0.139 0.150 0.395 0.081 0.137 1.400 nan 1120.0 1120.0 "['0.000573335', '0.001028050', '0.000613894', '0.000818569', '0.045314975', '0.054679532', '0.000600127', '0.000648716', '0.021106089', '0.005142693', '0.002494448', '0.050277423', '0.050277423', '0.004240210', '0.000565769', '0.000586521', '0.000648716', '0.006275991', '0.000600127', '0.000567006', '0.000818569', '0.000548808', '0.000606379', '0.000552685', '0.000723598', '0.001836780', '0.034827542', '0.000547598', '0.000573335', '0.000564640', '0.007694768', '0.058459412', '0.045314975', '0.061669797', '0.000558788', '0.000564640', '0.001836780', '0.003522185', '0.009460363', '0.045314975', '0.000550909', '0.001410136', '0.000560164', '0.000565769', '0.000575376', '0.001255472', '0.000554740', '0.025268897', '0.014281089', '0.001600871', '0.000560928', '0.004240210', '0.000564640', '0.000560164', '0.058459412', '0.002494448', '0.006275991', '0.003522185', '0.040051259', '0.009460363', '0.000634406', '0.000723598', '0.000613894', '0.007694768', '0.002129618', '0.000606379', '0.000818569', '0.000573335', '0.000560928', '0.040051259', '0.000606379', '0.006275991', '0.040051259', '0.002129618', '0.058459412', '0.017434312', '0.045314975', '0.003522185', '0.000594865', '0.002494448', '0.006275991', '0.003522185', '0.000691311', '0.000723598', '0.000569856', '0.006275991', '0.000667133', '0.000548535', '0.025268897', '0.000818569', '0.001129871', '0.000565769', '0.000567006', '0.000565769', '0.005142693', '0.000563599', '0.005142693', '0.003522185', '0.009460363', '0.000818569']" 
8 PBkl_inv Multiview 0.137 0.152 0.405 0.080 0.156 1.466 0.894 1120.0 1120.0 "[['0.001043993', '0.004921737', '0.001278607', '0.001314183', '0.001222678', '0.004921737', '0.033949591', '0.033949591', '0.001268050', '0.037397075', '0.033699296', '0.001306505', '0.000939791', '0.001306505', '0.001270271', '0.028264031', '0.001268050', '0.007101073', '0.011892622', '0.006628086', '0.001043993', '0.028264031', '0.001278607', '0.007101073', '0.009674881', '0.023878697', '0.001346443', '0.033949591', '0.007101073', '0.010220670', '0.001846195', '0.003270459', '0.001289690', '0.008093389', '0.001314183', '0.037763972', '0.001314183', '0.033699296', '0.001185060', '0.001174924', '0.001354917', '0.001229602', '0.001353234', '0.001299354', '0.001043993', '0.001174924', '0.028264031', '0.001043993', '0.001043993', '0.001074881', '0.000884844', '0.002765403', '0.001222678', '0.001169554', '0.028618362', '0.001185060', '0.001074881', '0.001084260', '0.003007180', '0.021570776', '0.011892622', '0.037763972', '0.028264031', '0.001203239', '0.023878697', '0.005735446', '0.028264031', '0.001203239', '0.028264031', '0.001185060', '0.001289690', '0.001169554', '0.001169554', '0.001174924', '0.007101073', '0.011330951', '0.003270459', '0.037763972', '0.001174924', '0.001222678', '0.007101073', '0.001032701', '0.001265773', '0.001043993', '0.001345092', '0.001356537', '0.001043993', '0.001032701', '0.011330951', '0.001145803', '0.001278607', '0.033949591', '0.023878697', '0.005735446', '0.037582055', '0.007101073', '0.001321027', '0.028264031', '0.033699296', '0.033949591'], ['0.004742040', '0.000476518', '0.001300015', '0.001277990', '0.002491383', '0.001277990', '0.001277990', '0.001221021', '0.015294432', '0.049460415', '0.002491383', '0.049460415', '0.049460415', '0.000467644', '0.001582786', '0.001277990', '0.003741115', '0.000495064', '0.001277990', '0.038456462', '0.001170561', '0.058743324', '0.000460584', '0.011097027', '0.002098646', '0.000469668', '0.000462210', '0.038456462', '0.001277990', '0.001202521', '0.000579518', '0.003741115', '0.003741115', '0.001300015', '0.021165868', '0.049460415', '0.000459041', '0.002098646', '0.000567499', '0.000853281', '0.011097027', '0.000443460', '0.001582786', '0.002098646', '0.001030429', '0.008177142', '0.000452356', '0.000460584', '0.021165868', '0.049460415', '0.001221021', '0.008177142', '0.000675271', '0.038456462', '0.004742040', '0.003741115', '0.001582786', '0.001418366', '0.049460415', '0.001030429', '0.000531624', '0.058743324', '0.000531624', '0.021165868', '0.000649356', '0.000609136', '0.000744929', '0.001582786', '0.002491383', '0.000649356', '0.011097027', '0.003019849', '0.000593270', '0.000518702', '0.000442652', '0.000579518', '0.000579518', '0.049460415', '0.001221021', '0.008177142', '0.006154608', '0.006154608', '0.001177981', '0.011097027', '0.049460415', '0.000469668', '0.015294432', '0.001170561', '0.001582786', '0.002491383', '0.003741115', '0.049460415', '0.001030429', '0.000518702', '0.049460415', '0.000792736', '0.001582786', '0.000609136', '0.000491391', '0.000460584'], ['0.001607227', '0.000585730', '0.018824099', '0.001959648', '0.000660393', '0.003807578', '0.002416879', '0.001020691', '0.001959648', '0.000659865', '0.001607227', '0.057284385', '0.000647455', '0.000937236', '0.000651548', '0.000610067', '0.034241330', '0.001020691', '0.000607542', '0.041689780', '0.001959648', '0.000622894', '0.057933223', '0.000548795', '0.006206657', '0.014077081', '0.000651548', '0.023994450', '0.000648289', '0.001216464', '0.000647409', '0.000647409', '0.000671470', '0.001959648', '0.047814533', '0.011317255', '0.000556473', '0.000666601', '0.000676186', '0.057933223', '0.001461305', '0.045522172', '0.002173068', '0.000651548', '0.001020691', '0.018824099', '0.025747802', '0.001331821', '0.000622894', '0.020518960', '0.000592785', '0.001607227', '0.000624706', '0.000729941', '0.000634075', '0.000646499', '0.000646499', '0.023994450', '0.025747802', '0.034241330', '0.035831597', '0.001772284', '0.010085925', '0.020518960', '0.000661900', '0.000642538', '0.000660393', '0.000619016', '0.000602090', '0.001959648', '0.000657613', '0.000628098', '0.000669057', '0.004293093', '0.007939182', '0.000861632', '0.023994450', '0.001772284', '0.057933223', '0.000607542', '0.029227374', '0.001772284', '0.011317255', '0.001461305', '0.000639179', '0.000676186', '0.000657613', '0.011317255', '0.000607542', '0.000676186', '0.000668048', '0.057933223', '0.000861632', '0.000602090', '0.001113315', '0.000937236', '0.000650771', '0.037373986', '0.000624706', '0.057284385'], ['0.019426141', '0.000452355', '0.060219064', '0.000460370', '0.000452427', '0.000454333', '0.056202464', '0.019426141', '0.000453833', '0.019426141', '0.001078262', '0.000454383', '0.000748369', '0.000465685', '0.023083255', '0.000452513', '0.000585510', '0.000489546', '0.000453500', '0.056202464', '0.023083255', '0.000457107', '0.000455009', '0.000489546', '0.001187663', '0.046776202', '0.000455364', '0.000552059', '0.000452513', '0.000453405', '0.000687090', '0.023083255', '0.056202464', '0.000452622', '0.000687090', '0.000452983', '0.000453076', '0.000514419', '0.001187663', '0.000454383', '0.000452360', '0.023083255', '0.000452480', '0.060219064', '0.019426141', '0.000452622', '0.000687090', '0.000453405', '0.000455084', '0.000469536', '0.060219064', '0.013592280', '0.000687090', '0.013592280', '0.002531474', '0.023083255', '0.000453923', '0.019426141', '0.000460370', '0.060219064', '0.000455976', '0.019426141', '0.000453500', '0.000452376', '0.000514419', '0.002531474', '0.000817258', '0.000452513', '0.036617961', '0.000452622', '0.000452703', '0.000469536', '0.000469536', '0.000454131', '0.001078262', '0.000489546', '0.019426141', '0.000454383', '0.060219064', '0.000552059', '0.000455697', '0.002003834', '0.000453405', '0.000489546', '0.000817258', '0.056202464', '0.000460370', '0.000454383', '0.000454383', '0.023083255', '0.041681103', '0.002003834', '0.000514419', '0.000452548', '0.000452355', '0.000633107', '0.001610854', '0.000453394', '0.000687090', '0.000457107']]" "['0.011215261', '0.647871256', '0.052098919', '0.288814574']"
8 TND_DIS View1 0.312 0.356 0.837 0.185 0.349 0.020 nan 1120.0 11201.0 "['0.008716672', '0.008872284', '0.008400003', '0.007969840', '0.008508172', '0.008872284', '0.009741208', '0.009741208', '0.008559760', '0.014142785', '0.009724479', '0.008133141', '0.008663734', '0.008133141', '0.008230025', '0.009333512', '0.008559760', '0.009215599', '0.008908353', '0.012691195', '0.008716672', '0.009333512', '0.008371988', '0.009263026', '0.013738688', '0.009851034', '0.014186280', '0.009759108', '0.009263026', '0.008878818', '0.008611618', '0.008713564', '0.008156375', '0.008883003', '0.007969840', '0.014423088', '0.007969840', '0.009724479', '0.013340794', '0.008545317', '0.014967196', '0.008883869', '0.008999894', '0.014665309', '0.008716672', '0.008545317', '0.009333512', '0.008716672', '0.008716672', '0.012778683', '0.013211920', '0.008679952', '0.008508172', '0.008403953', '0.009476022', '0.013340794', '0.012778683', '0.014809725', '0.009024166', '0.009793319', '0.008908353', '0.014184664', '0.009333512', '0.009067472', '0.009851034', '0.009181985', '0.009333512', '0.008889048', '0.009333512', '0.014430097', '0.008156375', '0.008403953', '0.008403953', '0.008545317', '0.009263026', '0.008901654', '0.008713564', '0.014184664', '0.008545317', '0.008508172', '0.009263026', '0.014658012', '0.008243757', '0.008478406', '0.012891218', '0.015346776', '0.008478406', '0.010605813', '0.008901654', '0.009172051', '0.008701227', '0.009759108', '0.009851034', '0.009181985', '0.014141068', '0.008847657', '0.015372660', '0.009333512', '0.009724479', '0.009741208']" 
8 TND_DIS View2 0.120 0.165 0.430 0.073 0.197 0.017 nan 1120.0 11201.0 "['0.009247691', '0.011616066', '0.011131112', '0.009120672', '0.007131104', '0.010991630', '0.009616482', '0.009247691', '0.011325092', '0.006185474', '0.012037970', '0.011491367', '0.009853785', '0.011491367', '0.010991630', '0.011456870', '0.011913850', '0.011005794', '0.006925549', '0.006982231', '0.011378244', '0.011487761', '0.011515601', '0.007975097', '0.011557832', '0.009611709', '0.010071375', '0.012639693', '0.012735074', '0.009627593', '0.008937276', '0.008778424', '0.010037086', '0.010253391', '0.009415131', '0.009460936', '0.010824994', '0.008664467', '0.009879005', '0.009844259', '0.007166131', '0.010396184', '0.006046611', '0.005440911', '0.008847347', '0.009529100', '0.011663606', '0.011522538', '0.009513686', '0.005672203', '0.009448202', '0.009627593', '0.012767697', '0.009529100', '0.009865907', '0.011516327', '0.008948192', '0.011066812', '0.012162880', '0.011088451', '0.012316660', '0.009247691', '0.009880151', '0.011557832', '0.010309052', '0.010278455', '0.010195690', '0.010902428', '0.010902428', '0.010589734', '0.009433729', '0.008902988', '0.011616066', '0.008897658', '0.007199251', '0.009309009', '0.011041770', '0.012162880', '0.009197997', '0.008083179', '0.011714464', '0.011171941', '0.009610325', '0.011608900', '0.010661032', '0.012720368', '0.009022946', '0.008666430', '0.005929847', '0.011643501', '0.009448202', '0.007786623', '0.008867196', '0.010195690', '0.012167531', '0.006489663', '0.009436293', '0.012279668', '0.011088451', '0.011188366']" 
8 TND_DIS View3 0.166 0.190 0.490 0.102 0.190 0.007 nan 1120.0 11201.0 "['0.009290276', '0.011291894', '0.010964433', '0.010316205', '0.007613556', '0.008028464', '0.010847642', '0.011968298', '0.010796348', '0.009978637', '0.010114541', '0.008261248', '0.009837462', '0.011622936', '0.009978637', '0.009897487', '0.009604713', '0.010091515', '0.008152669', '0.009167478', '0.010866636', '0.008463260', '0.011002513', '0.011639489', '0.012129432', '0.009833858', '0.011289635', '0.011466684', '0.009357508', '0.010296981', '0.010638398', '0.008446598', '0.009850674', '0.010610192', '0.011317249', '0.011569154', '0.009507454', '0.009665869', '0.009507454', '0.010089613', '0.009924093', '0.011946951', '0.009196909', '0.009563006', '0.009610566', '0.010243072', '0.010114541', '0.009428412', '0.010076326', '0.011832191', '0.011520251', '0.011494759', '0.009507454', '0.007785237', '0.007450454', '0.010091515', '0.011652870', '0.009055088', '0.009295275', '0.011876361', '0.011622936', '0.010049554', '0.009726396', '0.009882706', '0.009726396', '0.010210009', '0.008447377', '0.010392917', '0.010928741', '0.009735256', '0.010069755', '0.012129432', '0.009352271', '0.010457945', '0.008374494', '0.009512730', '0.010388516', '0.011853733', '0.010388516', '0.010847642', '0.007873556', '0.008343501', '0.010091515', '0.010091515', '0.010426436', '0.007490655', '0.007820344', '0.010048348', '0.009436562', '0.009060638', '0.007911735', '0.010392917', '0.010388516', '0.008083355', '0.011957269', '0.010195013', '0.009897487', '0.009509114', '0.009552262', '0.010293481']" 
8 TND_DIS View4 0.103 0.186 0.474 0.078 0.229 0.020 nan 1120.0 11201.0 "['0.013159135', '0.006344120', '0.007245790', '0.006335640', '0.012776586', '0.013159135', '0.010110972', '0.006889015', '0.006708063', '0.011939519', '0.008605218', '0.008190639', '0.010032475', '0.008484270', '0.011823124', '0.010373186', '0.010490896', '0.012656896', '0.009239851', '0.008521528', '0.010312364', '0.013159135', '0.010296602', '0.011972769', '0.008261072', '0.011315580', '0.011775157', '0.010114284', '0.011109433', '0.012965852', '0.011014264', '0.006166393', '0.009410770', '0.011157086', '0.011352944', '0.009295942', '0.012758209', '0.006800981', '0.012769213', '0.011698063', '0.009295942', '0.011499134', '0.012664007', '0.009896144', '0.010567510', '0.008671664', '0.010496528', '0.011973904', '0.010004175', '0.010528104', '0.008486762', '0.010919939', '0.009541133', '0.010161648', '0.008524133', '0.010371134', '0.006237369', '0.011206351', '0.010757022', '0.010391560', '0.010425035', '0.006204910', '0.009896144', '0.012725585', '0.006739847', '0.009200136', '0.010497590', '0.011454573', '0.010364666', '0.011237483', '0.008920067', '0.009481883', '0.007539798', '0.010686084', '0.010296602', '0.008016426', '0.010061043', '0.010492071', '0.010368287', '0.009342218', '0.010953928', '0.009450313', '0.006958090', '0.009295942', '0.010790027', '0.009255998', '0.007064474', '0.011457388', '0.013152125', '0.010463599', '0.006347635', '0.006848822', '0.011485158', '0.013123233', '0.010322840', '0.011502216', '0.008257523', '0.007005061', '0.010169714', '0.013159135']" 
8 TND_DIS Concatenated 0.119 0.170 0.443 0.070 0.218 0.005 nan 1120.0 11201.0 "['0.008601267', '0.009784495', '0.009171377', '0.009319986', '0.010853673', '0.011364355', '0.010677705', '0.009735446', '0.012615112', '0.009911908', '0.009821316', '0.011296640', '0.011379438', '0.010333187', '0.010427395', '0.009330899', '0.011264814', '0.009879406', '0.010273611', '0.010973468', '0.010642323', '0.008021628', '0.009523894', '0.008596447', '0.010094850', '0.009877582', '0.012634966', '0.008115911', '0.009389899', '0.009009975', '0.010556765', '0.011680665', '0.010844634', '0.011447053', '0.009124254', '0.008507108', '0.010856710', '0.009720871', '0.010515806', '0.010844634', '0.008544599', '0.009666219', '0.008245372', '0.008847843', '0.008502195', '0.009628925', '0.009191716', '0.010954191', '0.011174121', '0.010739004', '0.009245772', '0.010403588', '0.008507108', '0.009403843', '0.011538172', '0.009645725', '0.010601282', '0.009720871', '0.010951455', '0.010515806', '0.008989250', '0.010094850', '0.009459123', '0.010488391', '0.009612269', '0.009054747', '0.010642323', '0.008777546', '0.009164898', '0.010951455', '0.008701116', '0.009894217', '0.010835392', '0.010000305', '0.011470803', '0.009915133', '0.011218137', '0.010803744', '0.009805083', '0.010708824', '0.009894217', '0.010071730', '0.009472343', '0.011368888', '0.009063766', '0.009981304', '0.009545986', '0.007989740', '0.010790573', '0.010642323', '0.009493559', '0.009635886', '0.008986454', '0.010427395', '0.009800026', '0.008020415', '0.009863573', '0.009720871', '0.010515806', '0.011078313']" 
8 TND_DIS Multiview 0.127 0.188 0.507 0.080 0.250 0.626 0.037 1120.0 11201.0 "[['0.000485411', '0.030255083', '0.000572824', '0.000716014', '0.000658359', '0.003993099', '0.035206508', '0.036670834', '0.000564023', '0.035969116', '0.037495319', '0.000530486', '0.000469667', '0.000921468', '0.000681067', '0.035900466', '0.000530062', '0.009301900', '0.037133999', '0.002057775', '0.000581606', '0.015079120', '0.000581218', '0.001889257', '0.006137195', '0.015288111', '0.028062269', '0.024100240', '0.038789034', '0.029840561', '0.003076565', '0.000526140', '0.000564561', '0.005603599', '0.000579031', '0.037886631', '0.000859210', '0.046560947', '0.004027942', '0.000544295', '0.000601694', '0.000478321', '0.000598521', '0.000700879', '0.000586118', '0.000586518', '0.037376691', '0.000806077', '0.000485016', '0.001502348', '0.002124493', '0.000568434', '0.000922078', '0.000504060', '0.005072002', '0.001139046', '0.041226655', '0.002408477', '0.000744627', '0.002009696', '0.001325982', '0.031284519', '0.042079434', '0.000471580', '0.045273099', '0.000785419', '0.040548012', '0.000618194', '0.004113044', '0.014646237', '0.000586052', '0.000506182', '0.001014799', '0.001513233', '0.001269812', '0.004970287', '0.000836431', '0.039205734', '0.000746306', '0.000977018', '0.001654357', '0.003493215', '0.000645371', '0.000497259', '0.000955574', '0.000948390', '0.001702848', '0.000750197', '0.000467168', '0.001087630', '0.000593177', '0.002932843', '0.005077456', '0.002323041', '0.051501986', '0.001613255', '0.001135383', '0.001903101', '0.048602983', '0.008210622'], ['0.013299008', '0.002533380', '0.004419744', '0.006839892', '0.027545532', '0.010412417', '0.002216782', '0.002908007', '0.019639904', '0.005848976', '0.003101639', '0.004021223', '0.031346422', '0.003424258', '0.016975960', '0.003187309', '0.003990485', '0.003854890', '0.002790713', '0.006036645', '0.007530723', '0.015813218', '0.001219893', '0.022352606', '0.006535956', '0.001406546', '0.002267328', '0.005165811', '0.002556385', '0.002964594', '0.010945017', '0.012365169', '0.007390842', '0.015324203', '0.008383508', '0.003717412', '0.004470654', '0.001731796', '0.004579352', '0.001630387', '0.026026048', '0.001103488', '0.018240193', '0.005215131', '0.003438581', '0.013708705', '0.001103329', '0.002178848', '0.029511429', '0.015731372', '0.002917254', '0.012398096', '0.016801057', '0.017306268', '0.014735382', '0.010120261', '0.002250980', '0.003703546', '0.021086711', '0.002751269', '0.002203543', '0.004050751', '0.000977700', '0.022430321', '0.001081968', '0.009174512', '0.001662169', '0.032427482', '0.008313825', '0.002947011', '0.032955397', '0.033588037', '0.013156608', '0.007473735', '0.001857409', '0.008216244', '0.003629439', '0.004274835', '0.003888448', '0.025500378', '0.007736910', '0.010969033', '0.014631310', '0.032115180', '0.030384995', '0.002751050', '0.026657293', '0.014028084', '0.031948097', '0.007591333', '0.005757900', '0.007189811', '0.011085686', '0.012991611', '0.001650319', '0.012897629', '0.010452247', '0.004161283', '0.000783378', '0.001334492'], ['0.002170731', '0.005342689', '0.011080651', '0.016023709', '0.002199671', '0.017153263', '0.003621978', '0.003269051', '0.008200377', '0.001797814', '0.003138765', '0.030752456', '0.002370831', '0.015968245', '0.001872490', '0.003642911', '0.030074900', '0.011296025', '0.002876224', '0.013122464', '0.003027780', '0.003097828', '0.037572645', '0.004589614', '0.016513579', '0.009253541', '0.004999206', '0.009045299', '0.001731438', '0.006027446', '0.002935509', '0.001123486', '0.000934905', '0.012221457', '0.026513606', '0.004691333', '0.009379500', '0.001087878', '0.009999474', '0.036667440', '0.007615909', '0.026392221', '0.011328804', '0.001362838', '0.003536981', '0.022032110', '0.006764994', '0.020856841', '0.001235946', '0.018708397', '0.001665352', '0.002927525', '0.003800904', '0.001928893', '0.002475097', '0.001548968', '0.001487549', '0.021104092', '0.014506125', '0.017301647', '0.034093287', '0.003547514', '0.004556573', '0.013886059', '0.001023595', '0.001565062', '0.001261721', '0.001801433', '0.002304631', '0.018550077', '0.001174955', '0.001361191', '0.001782040', '0.026630208', '0.030252218', '0.011094647', '0.019191191', '0.002623895', '0.031867780', '0.002137223', '0.029269258', '0.008192765', '0.017811110', '0.002275539', '0.001377354', '0.003445130', '0.001881794', '0.021209398', '0.002058277', '0.004331341', '0.001317208', '0.029030511', '0.006823320', '0.006230580', '0.000658648', '0.010073932', '0.001790207', '0.032783993', '0.000862480', '0.031902496'], ['0.021951647', '0.003794818', '0.022659423', '0.012933817', '0.006437509', '0.005494352', '0.005471135', '0.004193689', '0.009001116', '0.003631406', '0.003618231', '0.005879828', '0.003822736', '0.015667921', '0.017736387', '0.002927402', '0.005653895', '0.012486864', '0.002233544', '0.018413302', '0.026674792', '0.004255894', '0.002314953', '0.008661116', '0.009474703', '0.014010481', '0.002587653', '0.004126571', '0.002208430', '0.003365093', '0.018715920', '0.024009196', '0.030036144', '0.004035812', '0.004024616', '0.001873443', '0.020972937', '0.001548253', '0.018131195', '0.002725233', '0.003099667', '0.011856435', '0.006615744', '0.031386275', '0.030583069', '0.002044530', '0.001659050', '0.013297596', '0.006282599', '0.002653074', '0.032404259', '0.022124637', '0.014235024', '0.018411122', '0.015545246', '0.025209133', '0.001252431', '0.011969234', '0.002036312', '0.017574167', '0.003141139', '0.005688902', '0.001014446', '0.001515918', '0.002003907', '0.025669910', '0.003810980', '0.002236926', '0.023942193', '0.001875019', '0.002701989', '0.002300371', '0.019381445', '0.001755529', '0.005404854', '0.011746417', '0.015291121', '0.001653896', '0.005046641', '0.008225925', '0.001096894', '0.015013276', '0.004668065', '0.002527630', '0.004826795', '0.031740915', '0.006012978', '0.002071023', '0.002730788', '0.025269773', '0.031742506', '0.002565699', '0.013697899', '0.013423102', '0.000703844', '0.011773601', '0.024109388', '0.001041829', '0.001590844', '0.000984586']]" "['0.147372842', '0.305326045', '0.261196971', '0.286104083']"
8 TND_DIS_inv View1 0.317 0.354 0.832 0.193 0.327 0.009 nan 1120.0 11201.0 "['0.009508384', '0.010101818', '0.008333363', '0.007387600', '0.008710427', '0.010101818', '0.010625020', '0.010625020', '0.008848247', '0.012614423', '0.010610556', '0.007644458', '0.009325339', '0.007644458', '0.007894124', '0.010143504', '0.008848247', '0.010073673', '0.010253976', '0.010960453', '0.009508384', '0.010143504', '0.008235948', '0.009895452', '0.011981997', '0.010341059', '0.011682109', '0.010613413', '0.009895452', '0.010163859', '0.009193473', '0.009560553', '0.007715965', '0.010140498', '0.007387600', '0.013104557', '0.007387600', '0.010610556', '0.011502908', '0.008859676', '0.012004981', '0.009771825', '0.008956620', '0.012144742', '0.009508384', '0.008859676', '0.010143504', '0.009508384', '0.009508384', '0.010999463', '0.011401366', '0.009440753', '0.008710427', '0.008439357', '0.010026865', '0.011502908', '0.010999463', '0.012563300', '0.010242612', '0.010193812', '0.010253976', '0.012675487', '0.010143504', '0.009865727', '0.010341059', '0.010072839', '0.010143504', '0.009790657', '0.010143504', '0.012275115', '0.007715965', '0.008439357', '0.008439357', '0.008859676', '0.009895452', '0.010234363', '0.009560553', '0.012675487', '0.008859676', '0.008710427', '0.009895452', '0.012499879', '0.007961405', '0.008705304', '0.010846407', '0.012206455', '0.008705304', '0.010219894', '0.010234363', '0.009769906', '0.009266159', '0.010613413', '0.010341059', '0.010072839', '0.012610850', '0.010032574', '0.012437697', '0.010143504', '0.010610556', '0.010625020']" 
8 TND_DIS_inv View2 0.121 0.165 0.431 0.073 0.199 0.002 nan 1120.0 11201.0 "['0.010348553', '0.010715586', '0.009541778', '0.010233548', '0.009449389', '0.010665848', '0.010340040', '0.010348553', '0.009513515', '0.009235349', '0.009485259', '0.010332292', '0.010348533', '0.010332292', '0.010665848', '0.009973157', '0.009619537', '0.009321919', '0.009440227', '0.009502361', '0.009969880', '0.009719377', '0.010046606', '0.009252357', '0.010331483', '0.010225927', '0.010361512', '0.010270815', '0.009999434', '0.010293432', '0.009242291', '0.010068650', '0.009617346', '0.010342645', '0.010716074', '0.010353260', '0.010009065', '0.010051334', '0.010650742', '0.010715377', '0.009247647', '0.010664493', '0.008591685', '0.009201870', '0.010140568', '0.009499360', '0.009990846', '0.010003718', '0.009462577', '0.008457815', '0.010700910', '0.010293432', '0.010087023', '0.009499360', '0.010716544', '0.010332974', '0.010266642', '0.010637463', '0.009419315', '0.010625184', '0.009482225', '0.010348553', '0.010671484', '0.010331483', '0.009247389', '0.010692348', '0.010688388', '0.010613594', '0.010613594', '0.010212198', '0.010222924', '0.010204794', '0.010715586', '0.010217196', '0.009341337', '0.010079716', '0.010623020', '0.009419315', '0.009454259', '0.009369554', '0.009477269', '0.009169426', '0.010383694', '0.009470596', '0.010220382', '0.010008606', '0.010007755', '0.009367801', '0.009246104', '0.010286714', '0.010700910', '0.009449592', '0.010162777', '0.010688388', '0.010169460', '0.008456689', '0.010073809', '0.010027978', '0.010625184', '0.009967280']" 
8 TND_DIS_inv View3 0.168 0.189 0.488 0.103 0.187 0.004 nan 1120.0 11201.0 "['0.010310854', '0.009685657', '0.009552350', '0.011106957', '0.008561451', '0.009376871', '0.010603391', '0.010464430', '0.010242837', '0.009707787', '0.010826385', '0.009798564', '0.009440229', '0.010388238', '0.009707787', '0.009811727', '0.009097692', '0.011129768', '0.009054201', '0.010221212', '0.010601381', '0.006801255', '0.010408366', '0.010409258', '0.010759006', '0.009789119', '0.010352571', '0.010659235', '0.010224847', '0.008503743', '0.010206138', '0.009108396', '0.009812027', '0.010243188', '0.009629817', '0.010403306', '0.010890490', '0.009922327', '0.010890490', '0.011102074', '0.009741115', '0.010724202', '0.008850724', '0.009139520', '0.010189463', '0.009544361', '0.010826385', '0.009606874', '0.011088479', '0.010284731', '0.009947059', '0.009853809', '0.010890490', '0.009317238', '0.008900582', '0.011129768', '0.010563073', '0.008820496', '0.010551604', '0.010428837', '0.010388238', '0.010497929', '0.009560119', '0.009594719', '0.009560119', '0.010870229', '0.009112610', '0.011068801', '0.009370951', '0.009587408', '0.007114958', '0.010759006', '0.009587222', '0.010489129', '0.009811509', '0.009553022', '0.010411263', '0.010418043', '0.010411263', '0.010603391', '0.008686690', '0.009098312', '0.011129768', '0.011129768', '0.011025851', '0.009101875', '0.008717692', '0.009583319', '0.010240936', '0.010014248', '0.008770417', '0.011068801', '0.010411263', '0.009743785', '0.010723896', '0.009768651', '0.009811727', '0.009942387', '0.011003881', '0.011052582']" 
8 TND_DIS_inv View4 0.101 0.189 0.478 0.077 0.236 0.002 nan 1120.0 11201.0 "['0.010951778', '0.009663436', '0.009092629', '0.009519986', '0.010736851', '0.010951778', '0.009874284', '0.009967564', '0.009183776', '0.010774580', '0.009811011', '0.009421277', '0.009827767', '0.009454445', '0.010799632', '0.009345340', '0.010251327', '0.010720422', '0.009105878', '0.010067129', '0.010063146', '0.010951778', '0.010098077', '0.010793470', '0.009041194', '0.009892813', '0.010663453', '0.009849462', '0.010012639', '0.010830897', '0.010607101', '0.009001067', '0.009089271', '0.010589505', '0.011121835', '0.009092476', '0.010722535', '0.009617588', '0.010696757', '0.010656647', '0.009092476', '0.009847395', '0.010702075', '0.009847319', '0.010268399', '0.009540522', '0.009759722', '0.010986269', '0.009827025', '0.010036740', '0.009852285', '0.009776481', '0.009075203', '0.009833296', '0.009515669', '0.009987001', '0.009250975', '0.010955893', '0.010004925', '0.010443190', '0.010136346', '0.009275600', '0.009847319', '0.010862511', '0.008475376', '0.009449155', '0.010251988', '0.009972916', '0.010062041', '0.010018809', '0.009602430', '0.008980836', '0.009628939', '0.010293098', '0.010098077', '0.009706187', '0.010050284', '0.009840403', '0.010322533', '0.010447828', '0.009886091', '0.010457638', '0.009952403', '0.009092476', '0.010027264', '0.009110563', '0.009982362', '0.009833255', '0.010924363', '0.010226212', '0.009121676', '0.010010947', '0.009842147', '0.011016277', '0.010104105', '0.010737285', '0.010322511', '0.009760693', '0.009801775', '0.010951778']" 
8 TND_DIS_inv Concatenated 0.119 0.171 0.444 0.070 0.219 0.001 nan 1120.0 11201.0 "['0.009599731', '0.010230301', '0.009752847', '0.009960346', '0.010543161', '0.010757606', '0.009586868', '0.009769169', '0.010545352', '0.010285804', '0.010253003', '0.010711076', '0.010795610', '0.010324030', '0.009488860', '0.009777064', '0.009829194', '0.010260962', '0.009875434', '0.009553203', '0.009659053', '0.008690641', '0.009582124', '0.009195772', '0.010167669', '0.010165553', '0.010567107', '0.008631185', '0.009391153', '0.009528202', '0.010368947', '0.010936477', '0.010542084', '0.010815110', '0.009580743', '0.009346286', '0.010031295', '0.010192187', '0.010403963', '0.010542084', '0.009079461', '0.010090163', '0.009539784', '0.009469376', '0.009523169', '0.010171785', '0.009057037', '0.010547437', '0.010661561', '0.009974747', '0.009527529', '0.010402265', '0.009346286', '0.009272110', '0.010863680', '0.010088556', '0.010484117', '0.010192187', '0.010567326', '0.010403963', '0.009781566', '0.010167669', '0.009617320', '0.010344099', '0.010073086', '0.009837653', '0.009659053', '0.009799667', '0.009799517', '0.010567326', '0.009778258', '0.010211634', '0.010539965', '0.010297333', '0.010800241', '0.010427456', '0.010673075', '0.010497262', '0.009647606', '0.010459500', '0.010211634', '0.010252610', '0.009910458', '0.009827333', '0.009563657', '0.010315602', '0.009815614', '0.008773929', '0.010541283', '0.009659053', '0.009995789', '0.009627264', '0.009425027', '0.009488860', '0.010170794', '0.009245213', '0.010266230', '0.010192187', '0.010403963', '0.009834458']" 
8 TND_DIS_inv Multiview 0.131 0.186 0.506 0.081 0.244 0.777 0.042 1120.0 11201.0 "[['0.000308168', '0.036755808', '0.000320437', '0.000406752', '0.000399850', '0.004748794', '0.030194886', '0.033834856', '0.000395552', '0.036976762', '0.034582958', '0.000329923', '0.000279047', '0.000470297', '0.000387948', '0.032521117', '0.000344831', '0.036959346', '0.042058054', '0.000598919', '0.000318061', '0.013677724', '0.000338490', '0.001174711', '0.001182249', '0.009970969', '0.000632688', '0.015628874', '0.041184679', '0.005238368', '0.037021097', '0.000453639', '0.000383911', '0.003973761', '0.000344774', '0.036511812', '0.000491071', '0.047471344', '0.001153259', '0.000362119', '0.000379089', '0.000318270', '0.000403825', '0.000321265', '0.000275266', '0.000331504', '0.037982818', '0.000476535', '0.000406665', '0.000552377', '0.000399789', '0.000646620', '0.000559252', '0.000315515', '0.030966796', '0.000305385', '0.001892783', '0.000538582', '0.000437386', '0.000903373', '0.000746828', '0.026019149', '0.039550148', '0.000335515', '0.046709441', '0.041097656', '0.046715725', '0.000750143', '0.002148711', '0.000634824', '0.000537587', '0.000353065', '0.000842149', '0.000674289', '0.000995695', '0.037890758', '0.000655808', '0.033558168', '0.000478488', '0.000715559', '0.000805896', '0.000776297', '0.000382082', '0.000511753', '0.000372352', '0.000324609', '0.000961997', '0.000329829', '0.003515674', '0.000573888', '0.000349058', '0.001177859', '0.002777616', '0.002152825', '0.050782248', '0.000695676', '0.000380162', '0.009362708', '0.050332621', '0.003224110'], ['0.012349988', '0.001511697', '0.001680675', '0.005216361', '0.028994925', '0.004343598', '0.002310445', '0.002779863', '0.019831389', '0.005091667', '0.003357955', '0.001837607', '0.032032367', '0.002168817', '0.015680486', '0.003429262', '0.003295801', '0.001431199', '0.001580828', '0.005041129', '0.004757569', '0.017925089', '0.000893409', '0.024094833', '0.012352460', '0.001311185', '0.019981800', '0.006586223', '0.001892439', '0.009649833', '0.001659487', '0.008324538', '0.011201280', '0.018188789', '0.003868316', '0.003577450', '0.003201637', '0.001588126', '0.004317937', '0.001518533', '0.026595622', '0.000979167', '0.020849705', '0.004252654', '0.002173160', '0.011573958', '0.000970270', '0.001579937', '0.028507883', '0.023025693', '0.002411251', '0.010881099', '0.017105527', '0.016112350', '0.003976576', '0.007289696', '0.030091522', '0.003813262', '0.023855004', '0.002455033', '0.001243522', '0.004286645', '0.000906066', '0.019975495', '0.000837123', '0.001107570', '0.000894360', '0.030141169', '0.005886565', '0.008830564', '0.032020211', '0.034118816', '0.012720053', '0.005058765', '0.001545857', '0.001281942', '0.003060573', '0.005982157', '0.003075703', '0.026688676', '0.006023206', '0.016837057', '0.011439612', '0.030328888', '0.033415236', '0.002869355', '0.030822275', '0.017942449', '0.028365934', '0.006270918', '0.004200410', '0.006728085', '0.012929471', '0.012256715', '0.001387367', '0.015839521', '0.009995439', '0.001368253', '0.000599918', '0.001361670'], ['0.001710231', '0.003469181', '0.004419247', '0.016585110', '0.001617291', '0.025242951', '0.004107495', '0.003524193', '0.007637606', '0.001366288', '0.003633128', '0.034418464', '0.001844483', '0.017006911', '0.001314677', '0.004210112', '0.031377096', '0.003289964', '0.001934447', '0.011128254', '0.001962723', '0.002598546', '0.038796470', '0.003913708', '0.011774841', '0.011780335', '0.006147047', '0.012735298', '0.001366018', '0.013307579', '0.001639139', '0.000924220', '0.000867767', '0.011741931', '0.033147667', '0.005221524', '0.009444114', '0.000936686', '0.009046295', '0.037234653', '0.006933691', '0.027539719', '0.009529445', '0.000943472', '0.002129327', '0.024791578', '0.006191434', '0.024115715', '0.001274258', '0.011630672', '0.001199113', '0.003692757', '0.002552861', '0.001611135', '0.001679773', '0.001029426', '0.002101650', '0.015140580', '0.012049781', '0.014872698', '0.037488833', '0.003123836', '0.005869187', '0.016588647', '0.000787563', '0.001155470', '0.000800279', '0.002394367', '0.001504919', '0.025251843', '0.001111156', '0.000987074', '0.001425155', '0.030911013', '0.031135378', '0.003573258', '0.016709629', '0.003039951', '0.033759739', '0.001858603', '0.032206506', '0.004868672', '0.021858132', '0.003204779', '0.000832993', '0.002065993', '0.001128802', '0.017992934', '0.002557240', '0.003109168', '0.001005666', '0.032246228', '0.007405339', '0.007008483', '0.000847262', '0.008495857', '0.001221214', '0.029447995', '0.000633000', '0.036955073'], ['0.023418084', '0.002218777', '0.032585938', '0.014356096', '0.005669330', '0.003770742', '0.007221704', '0.004975990', '0.009309857', '0.003764979', '0.003817876', '0.005015793', '0.003598079', '0.016491709', '0.019888470', '0.003316734', '0.005313447', '0.002517763', '0.001312475', '0.022745607', '0.030954793', '0.003882970', '0.001872511', '0.008064772', '0.012404583', '0.016753530', '0.006925084', '0.004549190', '0.001614966', '0.008436269', '0.003248263', '0.028370952', '0.026004056', '0.003064305', '0.002790331', '0.001752398', '0.022578444', '0.001291681', '0.022001546', '0.002500204', '0.003167612', '0.011051560', '0.005836790', '0.033207312', '0.033661753', '0.001708124', '0.001373853', '0.011065155', '0.007065010', '0.002891105', '0.035082266', '0.022646917', '0.015342883', '0.019909086', '0.005652142', '0.029394131', '0.001849784', '0.019245394', '0.001681973', '0.021246811', '0.001586217', '0.008581223', '0.000833330', '0.001316012', '0.001525437', '0.002899045', '0.001558685', '0.003385128', '0.029145289', '0.002158402', '0.003384616', '0.002098705', '0.020125497', '0.001089374', '0.005096737', '0.001968718', '0.018347301', '0.001738962', '0.004408581', '0.007435862', '0.000846988', '0.014768478', '0.004180079', '0.003135242', '0.002873480', '0.033608213', '0.003775305', '0.001474305', '0.002571600', '0.028346933', '0.033862181', '0.001613127', '0.013285239', '0.013387755', '0.000678486', '0.011102863', '0.025702843', '0.000822978', '0.001058461', '0.000772411']]" "['0.142582119', '0.308255464', '0.261777163', '0.287385255']"
8 TND View1 0.291 0.363 0.882 0.174 0.376 0.060 nan 1120.0 1120.0 "['0.008770334', '0.008484385', '0.008178540', '0.006422309', '0.008542816', '0.008484385', '0.010268571', '0.010268571', '0.008750312', '0.012320525', '0.010210006', '0.006983834', '0.008776234', '0.006983834', '0.007346328', '0.007192495', '0.008750312', '0.007153546', '0.008452637', '0.011679118', '0.008770334', '0.007192495', '0.008082938', '0.007210323', '0.013922866', '0.010175787', '0.021013143', '0.010301492', '0.007210323', '0.008560380', '0.008602861', '0.008782023', '0.007055514', '0.008457254', '0.006422309', '0.013816299', '0.006422309', '0.010210006', '0.013636721', '0.008611081', '0.025545403', '0.007896023', '0.007350184', '0.021516744', '0.008770334', '0.008611081', '0.007192495', '0.008770334', '0.008770334', '0.011957114', '0.012872693', '0.008747785', '0.008542816', '0.007982487', '0.007593484', '0.013636721', '0.011957114', '0.019967131', '0.007579706', '0.007473185', '0.008452637', '0.012440179', '0.007192495', '0.007279186', '0.010175787', '0.007166242', '0.007192495', '0.007882362', '0.007192495', '0.018754493', '0.007055514', '0.007982487', '0.007982487', '0.008611081', '0.007210323', '0.008479039', '0.008782023', '0.012440179', '0.008611081', '0.008542816', '0.007210323', '0.019205447', '0.007362596', '0.008219689', '0.015395271', '0.027501056', '0.008219689', '0.010594635', '0.008479039', '0.007152726', '0.008574235', '0.010301492', '0.010175787', '0.007166242', '0.012333708', '0.008590600', '0.025212219', '0.007192495', '0.010210006', '0.010268571']" 
8 TND View2 0.116 0.167 0.418 0.072 0.191 0.004 nan 1120.0 1120.0 "['0.009407169', '0.010649795', '0.010505483', '0.009538351', '0.012115883', '0.009207170', '0.009093863', '0.009407169', '0.009631488', '0.011902353', '0.009679904', '0.010368776', '0.009206207', '0.010368776', '0.009207170', '0.009415307', '0.009919704', '0.009862955', '0.012257698', '0.012462828', '0.011164285', '0.009189132', '0.009615316', '0.010628298', '0.010387515', '0.008900270', '0.008959823', '0.010501500', '0.010980562', '0.009033228', '0.010120067', '0.008755034', '0.011048607', '0.009077931', '0.009630399', '0.009284114', '0.009525039', '0.008739004', '0.009611051', '0.009477771', '0.011071002', '0.009395195', '0.010444968', '0.012828191', '0.009111304', '0.010901934', '0.009466085', '0.010592175', '0.010767324', '0.010325499', '0.009581983', '0.009033228', '0.011080333', '0.010901934', '0.009421972', '0.010395061', '0.009447134', '0.009238640', '0.009752342', '0.009261809', '0.009844756', '0.009407169', '0.009569474', '0.010387515', '0.009757105', '0.009234644', '0.009257764', '0.009356054', '0.009356054', '0.009791939', '0.008963989', '0.009184469', '0.010649795', '0.009359477', '0.011540483', '0.009410284', '0.009281070', '0.009752342', '0.010858558', '0.011049914', '0.008891569', '0.009059735', '0.009172498', '0.009563561', '0.009832032', '0.010927411', '0.010260922', '0.010771607', '0.012520012', '0.010174237', '0.009581983', '0.011551659', '0.010468479', '0.009257764', '0.010963156', '0.009384939', '0.009431648', '0.009830778', '0.009261809', '0.011226276']" 
8 TND View3 0.159 0.193 0.539 0.098 0.191 0.014 nan 1120.0 1120.0 "['0.008704867', '0.009305836', '0.009104696', '0.010146281', '0.008131086', '0.012022266', '0.009004585', '0.009310289', '0.009017215', '0.014386848', '0.010804276', '0.008420158', '0.014158685', '0.009159282', '0.014386848', '0.014145593', '0.013792364', '0.010044948', '0.008416929', '0.008674680', '0.009008309', '0.010033611', '0.009045473', '0.009160797', '0.009257464', '0.014011599', '0.009097147', '0.009105281', '0.008727667', '0.009081954', '0.008988183', '0.008502459', '0.014039500', '0.008980019', '0.009239249', '0.009144543', '0.010900640', '0.008819299', '0.010900640', '0.010046699', '0.014237707', '0.009200102', '0.009916367', '0.013695632', '0.008793722', '0.008951116', '0.010804276', '0.009921560', '0.010042326', '0.009296256', '0.009339920', '0.009258872', '0.010900640', '0.011899616', '0.007881830', '0.010044948', '0.009599737', '0.010582536', '0.009808385', '0.009235037', '0.009159282', '0.008867662', '0.008851059', '0.008878861', '0.008851059', '0.010793427', '0.008502459', '0.010186736', '0.009523933', '0.013877943', '0.016273476', '0.009257464', '0.009893473', '0.008936770', '0.008451593', '0.008804370', '0.010607775', '0.009227972', '0.010607775', '0.009004585', '0.008323727', '0.008471239', '0.010044948', '0.010044948', '0.010208378', '0.007905057', '0.008288707', '0.008909684', '0.008747773', '0.008652213', '0.008338287', '0.010186736', '0.010607775', '0.008360883', '0.009203124', '0.010447009', '0.014145593', '0.009918584', '0.009857015', '0.010141796']" 
8 TND View4 0.099 0.189 0.436 0.075 0.227 0.005 nan 1120.0 1120.0 "['0.009804429', '0.012121279', '0.009224216', '0.011678175', '0.009697991', '0.009804429', '0.009691347', '0.011793986', '0.009852548', '0.010400377', '0.010251017', '0.009523710', '0.009571554', '0.009525571', '0.010533338', '0.009008683', '0.010461696', '0.009763802', '0.008315705', '0.010935716', '0.009832243', '0.009804429', '0.009802222', '0.010420926', '0.008721876', '0.008721876', '0.010233558', '0.009777510', '0.009176099', '0.009730619', '0.010549499', '0.010690897', '0.008458662', '0.010405526', '0.012207376', '0.008328420', '0.009681452', '0.010821855', '0.009613521', '0.010261815', '0.008328420', '0.008566695', '0.009713642', '0.009719280', '0.009964101', '0.009665149', '0.008805773', '0.012372997', '0.009343372', '0.009916130', '0.010387477', '0.009722671', '0.008486975', '0.009428250', '0.009642719', '0.009758072', '0.011181136', '0.012416580', '0.009306114', '0.011416686', '0.009958411', '0.011426215', '0.009719280', '0.010005374', '0.008305841', '0.009381232', '0.010455355', '0.008876751', '0.010231279', '0.010251017', '0.009750046', '0.008212734', '0.010221150', '0.010418364', '0.009802222', '0.010192741', '0.010174400', '0.009791083', '0.010704379', '0.011657029', '0.008898889', '0.011657029', '0.011635877', '0.008328420', '0.010209014', '0.008329044', '0.011583280', '0.008560412', '0.009748899', '0.010408096', '0.010397800', '0.012000589', '0.008563826', '0.009979530', '0.009869295', '0.010592618', '0.011667605', '0.010942781', '0.009945463', '0.009804429']" 
8 TND Concatenated 0.104 0.172 0.400 0.068 0.209 0.022 nan 1120.0 1120.0 "['0.006581236', '0.010260995', '0.006158774', '0.017451435', '0.010338597', '0.010243951', '0.010268182', '0.011824464', '0.012112917', '0.007765848', '0.008073392', '0.010325323', '0.008458437', '0.009344401', '0.010248881', '0.014149094', '0.008258198', '0.008428485', '0.011178323', '0.010224336', '0.008173867', '0.008641612', '0.010074064', '0.009258302', '0.008944490', '0.009165011', '0.012031035', '0.006837897', '0.008692939', '0.011911851', '0.007813726', '0.009028045', '0.010350586', '0.008197481', '0.012112917', '0.012321802', '0.011540267', '0.010284632', '0.009937063', '0.010350586', '0.008285848', '0.009257982', '0.019198075', '0.011949425', '0.006236951', '0.007800073', '0.009530445', '0.008687469', '0.010333834', '0.011160546', '0.010514583', '0.010292294', '0.012321802', '0.010246480', '0.008630827', '0.009401469', '0.010236727', '0.010284632', '0.010262210', '0.009937063', '0.007091666', '0.008944490', '0.010846705', '0.007886690', '0.009350130', '0.007626808', '0.008173867', '0.010011027', '0.015566722', '0.010262210', '0.008716256', '0.010221589', '0.010352534', '0.010259343', '0.010267271', '0.020116124', '0.010287905', '0.009036469', '0.009878859', '0.009153349', '0.010221589', '0.009928011', '0.006698803', '0.010240776', '0.012201373', '0.008102288', '0.013556520', '0.010351553', '0.010241161', '0.008173867', '0.008494259', '0.010224599', '0.010254610', '0.010248881', '0.009985548', '0.005643019', '0.010416579', '0.010284632', '0.009937063', '0.008812722']" 
8 TND Multiview 0.089 0.200 0.443 0.076 0.252 0.236 0.072 1120.0 1120.0 "[['0.005228388', '0.003310406', '0.005059007', '0.003601503', '0.004713703', '0.004938911', '0.019945271', '0.011009807', '0.003994019', '0.024712903', '0.012617899', '0.004261891', '0.003847308', '0.005196755', '0.004912504', '0.002478481', '0.003599329', '0.002888186', '0.004995233', '0.020719074', '0.006145587', '0.003705761', '0.003742364', '0.005060385', '0.023478368', '0.009525097', '0.026281090', '0.011071213', '0.004438897', '0.005751468', '0.004796308', '0.005488523', '0.003507059', '0.004459496', '0.004390257', '0.029343139', '0.003856436', '0.010027416', '0.019586056', '0.004579905', '0.025994658', '0.004810575', '0.004794967', '0.026505088', '0.006916479', '0.004174753', '0.006765425', '0.002938072', '0.003521197', '0.025541179', '0.030287227', '0.003298784', '0.003806162', '0.004030056', '0.004795565', '0.023517933', '0.026833406', '0.027728699', '0.006769001', '0.016517891', '0.003103387', '0.022023486', '0.006604622', '0.005733383', '0.002136489', '0.004385663', '0.004629184', '0.003513393', '0.007697448', '0.025899451', '0.002627079', '0.004086321', '0.004507715', '0.005822625', '0.005271210', '0.003743112', '0.007300067', '0.028942807', '0.004579247', '0.004900709', '0.007588818', '0.022280017', '0.004325045', '0.003975131', '0.027994679', '0.027529689', '0.005798759', '0.004147710', '0.002746800', '0.010434390', '0.005767798', '0.013613298', '0.010247433', '0.005751851', '0.030479018', '0.004094667', '0.029230824', '0.005870537', '0.012016975', '0.007786719'], ['0.014468160', '0.014809517', '0.007875462', '0.012388427', '0.008424630', '0.011413594', '0.004250247', '0.016877994', '0.006063552', '0.008546620', '0.008115879', '0.011232283', '0.013708354', '0.007586567', '0.008937228', '0.020331020', '0.012416998', '0.028238380', '0.007156340', '0.004631689', '0.009549209', '0.006751856', '0.014126959', '0.016170427', '0.004137535', '0.003088946', '0.015102707', '0.007154685', '0.007708036', '0.013763492', '0.022621566', '0.012652731', '0.012388244', '0.009204399', '0.008456095', '0.011279942', '0.014626074', '0.005781061', '0.009048291', '0.003922801', '0.006866272', '0.007244668', '0.004585612', '0.010999716', '0.007864388', '0.022516122', '0.003809248', '0.019446829', '0.008409727', '0.004860222', '0.004432335', '0.014295097', '0.006723875', '0.008611433', '0.009287839', '0.009735600', '0.003464263', '0.003656180', '0.011037217', '0.003205016', '0.014199184', '0.005992657', '0.015389862', '0.010763609', '0.021903561', '0.010314987', '0.005102688', '0.013928994', '0.008797566', '0.003760794', '0.012294500', '0.010824776', '0.010614004', '0.020453548', '0.003779777', '0.018163968', '0.006388862', '0.010301117', '0.011543346', '0.010816509', '0.006585388', '0.004888054', '0.005813296', '0.009323260', '0.008942740', '0.012218370', '0.011346797', '0.004579562', '0.016735658', '0.007274768', '0.008556415', '0.005355062', '0.006799896', '0.009402566', '0.008533438', '0.005124087', '0.002600660', '0.017584104', '0.006500221', '0.010441805'], ['0.005223834', '0.018047508', '0.011921715', '0.022250159', '0.012510095', '0.004562725', '0.004208327', '0.004647743', '0.027746480', '0.004869001', '0.002404266', '0.016634323', '0.003836497', '0.006610306', '0.007282626', '0.016108254', '0.014264607', '0.006909580', '0.007545203', '0.006042102', '0.005815682', '0.025620878', '0.016998058', '0.003048325', '0.012281539', '0.005053630', '0.006884237', '0.005382453', '0.003036508', '0.008284021', '0.004167156', '0.004387415', '0.002561199', '0.003773117', '0.014951196', '0.003921171', '0.002833395', '0.003559632', '0.005131632', '0.025695639', '0.012793279', '0.017835453', '0.012907271', '0.003055440', '0.009271183', '0.006311528', '0.020252032', '0.001693743', '0.021383034', '0.012922996', '0.002765000', '0.002359654', '0.023576437', '0.003781836', '0.008572971', '0.004486276', '0.013246347', '0.013763612', '0.020766228', '0.020781755', '0.018657247', '0.014670027', '0.012782165', '0.014665380', '0.002355529', '0.006044328', '0.003414130', '0.002632877', '0.024535609', '0.018147131', '0.017042367', '0.002762245', '0.003638575', '0.006225812', '0.017853672', '0.003275575', '0.023563769', '0.002546161', '0.018876480', '0.004576154', '0.022810832', '0.011094559', '0.006769635', '0.003439592', '0.002499553', '0.002331118', '0.004013509', '0.012650124', '0.019329494', '0.013860612', '0.003570848', '0.009091955', '0.003668421', '0.006109168', '0.003443236', '0.007829767', '0.002565361', '0.013056715', '0.012545864', '0.021516055'], ['0.014011202', '0.001955544', '0.013938737', '0.002489753', '0.013884950', '0.016483588', '0.012445375', '0.005567570', '0.006153829', '0.003941973', '0.017590415', '0.008465793', '0.014063668', '0.013168787', '0.016571119', '0.002925982', '0.007639545', '0.004976232', '0.017158486', '0.010281631', '0.016262958', '0.003073535', '0.002696668', '0.015289806', '0.005504623', '0.023498753', '0.001702661', '0.012808723', '0.020170543', '0.010141881', '0.010002486', '0.016577398', '0.020239081', '0.017033482', '0.011451851', '0.002372869', '0.017309655', '0.017660785', '0.006363622', '0.006960323', '0.003204309', '0.005524426', '0.013560807', '0.004093243', '0.012243453', '0.003391704', '0.009633994', '0.016225765', '0.007997011', '0.002078916', '0.009043580', '0.017165288', '0.004472795', '0.020452226', '0.011599595', '0.003595534', '0.002455182', '0.003293664', '0.002524656', '0.002597976', '0.003810515', '0.002442323', '0.003132598', '0.004016414', '0.012604266', '0.015749654', '0.022280138', '0.016483381', '0.002594411', '0.002059663', '0.006742326', '0.019477505', '0.022765480', '0.005258191', '0.011678597', '0.010137314', '0.004007964', '0.002799481', '0.002391631', '0.019623851', '0.002826886', '0.010226769', '0.022691622', '0.020704126', '0.005287460', '0.002196579', '0.004986396', '0.014810103', '0.003265124', '0.004876783', '0.027682504', '0.011938539', '0.015972424', '0.016335510', '0.003382052', '0.017995965', '0.016717497', '0.002938255', '0.006646014', '0.002473649']]" "['0.114001900', '0.306615114', '0.287258267', '0.292124778']"
8 TND_inv View1 0.284 0.361 0.860 0.169 0.384 0.077 nan 1120.0 1120.0 "['0.007400797', '0.007679454', '0.006884745', '0.006403652', '0.007047268', '0.007679454', '0.009252509', '0.009252509', '0.007218495', '0.014434940', '0.008976622', '0.006539508', '0.007269913', '0.006539508', '0.006632123', '0.008779875', '0.007218495', '0.008707276', '0.007700502', '0.012757183', '0.007400797', '0.008779875', '0.006850541', '0.008789001', '0.016463872', '0.008880864', '0.022066332', '0.009423616', '0.008789001', '0.007626029', '0.007083881', '0.007290561', '0.006557397', '0.007697478', '0.006403652', '0.016354162', '0.006403652', '0.008976622', '0.016164325', '0.007089333', '0.025065819', '0.008038984', '0.008803966', '0.022431025', '0.007400797', '0.007089333', '0.008779875', '0.007400797', '0.007400797', '0.013691425', '0.015260814', '0.007214769', '0.007047268', '0.006816699', '0.008806145', '0.016164325', '0.013691425', '0.021303283', '0.008255852', '0.008822576', '0.007700502', '0.014634645', '0.008779875', '0.008520828', '0.008880864', '0.008668257', '0.008779875', '0.008047587', '0.008779875', '0.020415703', '0.006557397', '0.006816699', '0.006816699', '0.007089333', '0.008789001', '0.007683043', '0.007290561', '0.014634645', '0.007089333', '0.007047268', '0.008789001', '0.020746209', '0.006636426', '0.006900197', '0.017821422', '0.026102075', '0.006900197', '0.009198166', '0.007683043', '0.008717282', '0.007615681', '0.009423616', '0.008880864', '0.008668257', '0.014457720', '0.007603133', '0.024873910', '0.008779875', '0.008976622', '0.009252509']" 
8 TND_inv View2 0.116 0.167 0.418 0.072 0.191 0.004 nan 1120.0 1120.0 "['0.009342825', '0.010688820', '0.010541078', '0.009551315', '0.012233930', '0.009244632', '0.009144255', '0.009342825', '0.009622111', '0.012069717', '0.009669877', '0.010414002', '0.009244269', '0.010414002', '0.009244632', '0.009357519', '0.009897443', '0.009885299', '0.012324090', '0.012442683', '0.011125975', '0.009236727', '0.009605182', '0.010666240', '0.010432504', '0.008843080', '0.008933418', '0.010537318', '0.010913651', '0.009052601', '0.010074852', '0.008688518', '0.010977228', '0.009121549', '0.009620976', '0.009262818', '0.009546892', '0.008677590', '0.009600753', '0.009506069', '0.011002996', '0.009325116', '0.010485495', '0.012715912', '0.009167364', '0.010866294', '0.009484351', '0.010628028', '0.010793500', '0.010366900', '0.009573596', '0.009052601', '0.011014297', '0.010866294', '0.009371488', '0.010439721', '0.009437865', '0.009253862', '0.009753084', '0.009258625', '0.009876300', '0.009342825', '0.009564814', '0.010432504', '0.009760800', '0.009252917', '0.009257851', '0.009288387', '0.009288387', '0.009819648', '0.008940108', '0.009234265', '0.010688820', '0.009290662', '0.011672976', '0.009348164', '0.009262229', '0.009753084', '0.010845420', '0.010978678', '0.008831000', '0.009094228', '0.009227028', '0.009561420', '0.009867161', '0.010879494', '0.010282685', '0.010796455', '0.012477092', '0.010153036', '0.009573596', '0.011687985', '0.010506780', '0.009257851', '0.010901176', '0.009312848', '0.009395081', '0.009866116', '0.009258625', '0.011214861']" 
8 TND_inv View3 0.159 0.193 0.539 0.098 0.191 0.014 nan 1120.0 1120.0 "['0.008696022', '0.009302413', '0.009100043', '0.010145067', '0.008120970', '0.012047018', '0.008998258', '0.009306854', '0.009011010', '0.014410697', '0.010814716', '0.008413428', '0.014181411', '0.009154097', '0.014410697', '0.014168263', '0.013814232', '0.010042929', '0.008410187', '0.008665740', '0.009002017', '0.010031417', '0.009039603', '0.009155602', '0.009254188', '0.014033839', '0.009092409', '0.009100634', '0.008718852', '0.009076877', '0.008981718', '0.008494643', '0.014061815', '0.008973497', '0.009235745', '0.009139542', '0.010907948', '0.008811119', '0.010907948', '0.010044703', '0.014260771', '0.009195349', '0.009910217', '0.013717487', '0.008785179', '0.008944472', '0.010814716', '0.009915695', '0.010040268', '0.009292867', '0.009336369', '0.009255600', '0.010907948', '0.011921606', '0.007870497', '0.010042929', '0.009595901', '0.010590463', '0.009794955', '0.009231430', '0.009154097', '0.008860487', '0.008843535', '0.008871879', '0.008843535', '0.010804144', '0.008494643', '0.010185677', '0.009520552', '0.013899911', '0.016318236', '0.009254188', '0.009885938', '0.008930107', '0.008444698', '0.008795955', '0.010616936', '0.009224156', '0.010616936', '0.008998258', '0.008315654', '0.008464033', '0.010042929', '0.010042929', '0.010207392', '0.007893804', '0.008280124', '0.008902982', '0.008738979', '0.008643179', '0.008330450', '0.010185677', '0.010616936', '0.008353422', '0.009198462', '0.010448108', '0.014168263', '0.009912557', '0.009846827', '0.010140563']" 
8 TND_inv View4 0.099 0.189 0.436 0.075 0.227 0.005 nan 1120.0 1120.0 "['0.009803616', '0.012128252', '0.009223033', '0.011690687', '0.009697016', '0.009803616', '0.009690301', '0.011805882', '0.009851245', '0.010401723', '0.010252868', '0.009520491', '0.009568918', '0.009522343', '0.010535933', '0.009000316', '0.010463673', '0.009763259', '0.008306477', '0.010940993', '0.009831076', '0.009803616', '0.009801438', '0.010422494', '0.008713196', '0.008713196', '0.010235892', '0.009776934', '0.009173603', '0.009729946', '0.010552219', '0.010694459', '0.008457926', '0.010406927', '0.012213878', '0.008320150', '0.009680299', '0.010826388', '0.009611581', '0.010263363', '0.008320150', '0.008564785', '0.009712825', '0.009718513', '0.009958158', '0.009663820', '0.008794287', '0.012383268', '0.009340716', '0.009908741', '0.010388680', '0.009721936', '0.008486410', '0.009426818', '0.009641140', '0.009757526', '0.011185537', '0.012428921', '0.009303558', '0.011424970', '0.009952230', '0.011434690', '0.009718513', '0.010001466', '0.008295883', '0.009379124', '0.010457269', '0.008864793', '0.010233670', '0.010252868', '0.009749482', '0.008196633', '0.010223762', '0.010419904', '0.009801438', '0.010195531', '0.010176914', '0.009790413', '0.010708009', '0.011669465', '0.008887174', '0.011669465', '0.011648162', '0.008320150', '0.010211792', '0.008320820', '0.011594919', '0.008558672', '0.009748331', '0.010409527', '0.010399117', '0.012009200', '0.008561997', '0.009974299', '0.009868084', '0.010595659', '0.011680086', '0.010948075', '0.009938804', '0.009803616']" 
8 TND_inv Concatenated 0.111 0.172 0.404 0.069 0.207 0.005 nan 1120.0 1120.0 "['0.008583970', '0.009769477', '0.008475632', '0.012729708', '0.009472512', '0.009736677', '0.009780007', '0.011265313', '0.011347293', '0.009911588', '0.010005175', '0.009461889', '0.010121750', '0.009209705', '0.009658251', '0.011938491', '0.010061135', '0.010112545', '0.011093025', '0.009413371', '0.010035717', '0.009093879', '0.010793381', '0.010475933', '0.010301277', '0.009182272', '0.011323621', '0.008651883', '0.010198548', '0.011289749', '0.008919286', '0.010344689', '0.009489918', '0.010042853', '0.011347293', '0.011409246', '0.011187826', '0.009612618', '0.009322436', '0.009489918', '0.010069443', '0.009196482', '0.013538624', '0.011300355', '0.008495982', '0.009921812', '0.009239613', '0.009102360', '0.009556183', '0.011088478', '0.010924065', '0.009604411', '0.011409246', '0.009742800', '0.010177113', '0.009218581', '0.009705044', '0.009612618', '0.009430011', '0.009322436', '0.008722898', '0.010301277', '0.011009475', '0.008936634', '0.009210587', '0.008872388', '0.010035717', '0.009341097', '0.012258264', '0.009430011', '0.009107610', '0.009412197', '0.009496178', '0.009766872', '0.009632264', '0.014139187', '0.009441770', '0.009162167', '0.010728600', '0.009180477', '0.009412197', '0.009320260', '0.008614631', '0.009676033', '0.011373252', '0.010013989', '0.011783964', '0.009520941', '0.009674924', '0.010035717', '0.009065771', '0.010840707', '0.010849828', '0.009658251', '0.009334468', '0.008252977', '0.009892436', '0.009612618', '0.009322436', '0.010243385']" 
8 TND_inv Multiview 0.077 0.211 0.456 0.078 0.263 0.480 0.040 1120.0 1120.0 "[['0.001195614', '0.000874882', '0.001060438', '0.000831545', '0.000991956', '0.001175045', '0.003024851', '0.002667412', '0.000776649', '0.023221195', '0.002380309', '0.000917910', '0.000971896', '0.001149563', '0.001052877', '0.000777838', '0.000878054', '0.000757844', '0.001194179', '0.010357277', '0.001448986', '0.000860921', '0.000950109', '0.001725800', '0.025589954', '0.002108029', '0.062431492', '0.002753253', '0.001610476', '0.001302594', '0.001040497', '0.001449957', '0.000891483', '0.001360946', '0.000999018', '0.038535241', '0.000827015', '0.001652500', '0.022675352', '0.001273970', '0.074787050', '0.001192708', '0.000961802', '0.064689890', '0.001673197', '0.001191900', '0.002299525', '0.000786164', '0.000885462', '0.018768642', '0.034443155', '0.000961705', '0.000866783', '0.001083106', '0.001557621', '0.033906065', '0.023922333', '0.057078205', '0.003383254', '0.003635170', '0.001203918', '0.010161244', '0.001783773', '0.001591250', '0.001129523', '0.001329545', '0.001521129', '0.001341219', '0.001493564', '0.057470366', '0.001248024', '0.001815113', '0.001447073', '0.001728449', '0.002495612', '0.000965635', '0.002484542', '0.030094376', '0.002369355', '0.001113042', '0.003797517', '0.046615083', '0.001083569', '0.000967295', '0.050324790', '0.084395625', '0.002715147', '0.001204863', '0.000828636', '0.002215204', '0.001533500', '0.004553710', '0.002965248', '0.001060223', '0.032009717', '0.001065151', '0.076644883', '0.001528319', '0.002766506', '0.001119605'], ['0.011629335', '0.013841758', '0.007050291', '0.010501600', '0.007805340', '0.012741586', '0.007861248', '0.014192432', '0.002615290', '0.013149294', '0.010422797', '0.009325406', '0.011686299', '0.005939339', '0.008261006', '0.013332378', '0.014776514', '0.025995035', '0.010002042', '0.006112694', '0.009703807', '0.005936175', '0.015392063', '0.013531240', '0.002248115', '0.004394378', '0.002458515', '0.010208441', '0.010196148', '0.011850987', '0.017491803', '0.011607456', '0.012577366', '0.010109902', '0.009027489', '0.006171769', '0.029901223', '0.009223467', '0.009377665', '0.003511026', '0.001545293', '0.010913290', '0.008551587', '0.001693122', '0.009361604', '0.017610746', '0.005399794', '0.026580090', '0.007040441', '0.005017952', '0.003784926', '0.016684903', '0.007260615', '0.009515340', '0.012035922', '0.006599968', '0.006974523', '0.001021795', '0.009670218', '0.006982058', '0.011581548', '0.004690097', '0.014897445', '0.010919040', '0.017370157', '0.015222293', '0.010206515', '0.015367649', '0.004933854', '0.000919890', '0.007963327', '0.014198688', '0.011388469', '0.015947666', '0.005758310', '0.016560774', '0.008314522', '0.008347385', '0.011189099', '0.010707448', '0.008110481', '0.001810449', '0.009543876', '0.010212424', '0.002195639', '0.001024129', '0.015365773', '0.008475242', '0.011517021', '0.009953544', '0.010545699', '0.007000496', '0.011359587', '0.009870539', '0.006326717', '0.009364640', '0.000397009', '0.020698125', '0.006908863', '0.026430687'], ['0.006141709', '0.018614300', '0.012352271', '0.025209274', '0.014211166', '0.004219817', '0.011118313', '0.007533457', '0.034150884', '0.003861323', '0.002492715', '0.015907031', '0.008015850', '0.004936068', '0.011215596', '0.024083925', '0.008109249', '0.007813686', '0.005003373', '0.006347017', '0.006689040', '0.028708613', '0.017971464', '0.004626187', '0.019378614', '0.007983340', '0.001158346', '0.009177759', '0.002927605', '0.007423793', '0.002604067', '0.004324626', '0.007093123', '0.007020937', '0.011636630', '0.002898395', '0.001391701', '0.001912406', '0.003882722', '0.022331333', '0.002157736', '0.013219016', '0.006400497', '0.000716023', '0.007560624', '0.011975135', '0.018142460', '0.001776943', '0.023465849', '0.016924256', '0.001508329', '0.001743131', '0.024799531', '0.006905193', '0.011702619', '0.001730688', '0.006264768', '0.004228157', '0.023243161', '0.019501952', '0.018163409', '0.027900860', '0.016037920', '0.008608487', '0.001841242', '0.006181086', '0.003013398', '0.001667394', '0.032593761', '0.003284478', '0.029458771', '0.002090639', '0.004131577', '0.006533993', '0.019677587', '0.004730640', '0.022251589', '0.002533871', '0.021040881', '0.004428941', '0.022299372', '0.002497255', '0.006356512', '0.003769531', '0.000717452', '0.000495878', '0.002913065', '0.009829111', '0.025313873', '0.011155962', '0.001741061', '0.010995789', '0.005795194', '0.007379496', '0.002712089', '0.006957249', '0.000452463', '0.011291909', '0.014224356', '0.010488071'], ['0.014633120', '0.004074679', '0.013571654', '0.003929958', '0.011836035', '0.016049877', '0.011990207', '0.010853314', '0.003065810', '0.003411894', '0.020225933', '0.010152374', '0.014744563', '0.021156205', '0.013493301', '0.002171793', '0.012956579', '0.003919051', '0.017914107', '0.018758077', '0.014798976', '0.002470964', '0.002715338', '0.015285684', '0.002079627', '0.022920785', '0.000812093', '0.013548065', '0.019868063', '0.012801320', '0.013267615', '0.015841566', '0.019127749', '0.015614887', '0.013670278', '0.000971442', '0.007053457', '0.021153072', '0.007590872', '0.008817071', '0.000760126', '0.009302568', '0.018525625', '0.001075439', '0.013627048', '0.003727414', '0.010843505', '0.010404624', '0.007212309', '0.001318160', '0.005544800', '0.018039199', '0.005457247', '0.018526608', '0.013976756', '0.003871072', '0.001252916', '0.000945164', '0.001250998', '0.005060997', '0.006895127', '0.001382887', '0.001626509', '0.012738517', '0.015841169', '0.016027283', '0.018415079', '0.017710175', '0.001061213', '0.000615464', '0.004116654', '0.018598363', '0.019025248', '0.007869577', '0.011411904', '0.012909240', '0.003646645', '0.002074466', '0.001985098', '0.017916109', '0.001168827', '0.007062708', '0.019581785', '0.020528788', '0.001159693', '0.000485889', '0.008903576', '0.015121206', '0.003775589', '0.010786260', '0.025074450', '0.018011851', '0.016868858', '0.014945819', '0.002183714', '0.017063003', '0.001848710', '0.001174137', '0.011482803', '0.000865524']]" "['0.146540731', '0.306176066', '0.246019155', '0.301264048']"
8 DIS View1 0.319 0.309 1.000 0.199 0.228 0.668 nan 1120.0 11201.0 "['0.001534655', '0.010132371', '0.001721966', '0.001753096', '0.001672843', '0.010132371', '0.024296302', '0.024296302', '0.001713471', '0.027197788', '0.024208849', '0.001746591', '0.001475629', '0.001746591', '0.001713665', '0.022887601', '0.001713471', '0.014542193', '0.016521806', '0.024625033', '0.001534655', '0.022887601', '0.001722164', '0.015104909', '0.026707353', '0.022960799', '0.001800741', '0.024358436', '0.015104909', '0.015371815', '0.002878472', '0.006186273', '0.001731090', '0.014194072', '0.001753096', '0.027467098', '0.001753096', '0.024208849', '0.001658772', '0.001632590', '0.001809184', '0.001680876', '0.001795582', '0.001761274', '0.001534655', '0.001632590', '0.022887601', '0.001534655', '0.001534655', '0.001573007', '0.002193181', '0.004849433', '0.001672843', '0.001627005', '0.023094721', '0.001658772', '0.001573007', '0.001591445', '0.006660101', '0.022190716', '0.016521806', '0.027259532', '0.022887601', '0.001659109', '0.022960799', '0.013291910', '0.022887601', '0.001658505', '0.022887601', '0.001664080', '0.001731090', '0.001627005', '0.001627005', '0.001632590', '0.015104909', '0.016152708', '0.006186273', '0.027259532', '0.001632590', '0.001672843', '0.015104909', '0.001563291', '0.001709173', '0.001533268', '0.001797650', '0.001810595', '0.001533268', '0.001534314', '0.016152708', '0.001612462', '0.001723980', '0.024358436', '0.022960799', '0.013291910', '0.027225325', '0.013104786', '0.001780532', '0.022887601', '0.024208849', '0.024296302']" 
8 DIS View2 0.137 0.154 0.524 0.083 0.155 0.466 nan 1120.0 11201.0 "['0.018357772', '0.018796572', '0.001891828', '0.011521335', '0.002073728', '0.018435303', '0.016157759', '0.018357772', '0.001971880', '0.002071485', '0.002006568', '0.018618295', '0.013298301', '0.018618295', '0.018435303', '0.001947143', '0.001792872', '0.001924939', '0.002011221', '0.002036147', '0.002039908', '0.001715541', '0.003007326', '0.002016945', '0.018419771', '0.012246602', '0.016840763', '0.018473785', '0.001822766', '0.016146820', '0.002049337', '0.001068608', '0.001721368', '0.017137066', '0.018771200', '0.018280474', '0.011897838', '0.001068383', '0.018780237', '0.018522449', '0.002070328', '0.018783670', '0.002104492', '0.002097461', '0.013710592', '0.001893070', '0.001538518', '0.011156914', '0.001873472', '0.002136658', '0.018756673', '0.016146820', '0.001758969', '0.001893070', '0.015598461', '0.018620322', '0.014719666', '0.018671812', '0.002007145', '0.018670192', '0.001937789', '0.018357772', '0.018776763', '0.018419771', '0.002043907', '0.018263606', '0.018434277', '0.018587222', '0.018587222', '0.011820727', '0.015055776', '0.015959794', '0.018796572', '0.012732171', '0.002017773', '0.010017742', '0.018561393', '0.002007145', '0.001953007', '0.002016877', '0.001947903', '0.002060719', '0.016987121', '0.001670196', '0.014303365', '0.001793339', '0.003085753', '0.001964931', '0.002078357', '0.016708184', '0.018756673', '0.002010209', '0.018400894', '0.018434277', '0.014393555', '0.002126021', '0.008204483', '0.012234483', '0.018670192', '0.003262063']" 
8 DIS View3 0.166 0.176 0.584 0.095 0.176 0.727 nan 1120.0 11201.0 "['0.001248444', '0.001186242', '0.001190906', '0.021111488', '0.001270134', '0.018383970', '0.004721544', '0.006925005', '0.001248247', '0.019254165', '0.030441130', '0.001195773', '0.018614935', '0.005713467', '0.019254165', '0.019208051', '0.018742818', '0.017539870', '0.001229009', '0.001250533', '0.004776407', '0.001310415', '0.005414120', '0.006359939', '0.007850141', '0.019190671', '0.006026488', '0.005839036', '0.001211036', '0.001245677', '0.001240321', '0.001209440', '0.019251710', '0.001243292', '0.001182351', '0.006248672', '0.034952175', '0.001192310', '0.034952175', '0.018590946', '0.019151622', '0.007398633', '0.001203410', '0.001197904', '0.001211635', '0.001184104', '0.030441130', '0.001191585', '0.018407835', '0.010475427', '0.001187275', '0.001185970', '0.034952175', '0.017743953', '0.001266777', '0.017539870', '0.016416499', '0.001166729', '0.019613285', '0.007067944', '0.005713467', '0.003546654', '0.001185546', '0.001186237', '0.001185546', '0.041775059', '0.001209776', '0.024211142', '0.001175935', '0.019108510', '0.001240238', '0.007850141', '0.001184375', '0.003738398', '0.001196425', '0.001190271', '0.019555321', '0.005366368', '0.019555321', '0.004721544', '0.001245309', '0.001203884', '0.017539870', '0.017539870', '0.024507789', '0.001255118', '0.001251639', '0.001185789', '0.001244819', '0.001197840', '0.001253420', '0.024211142', '0.019555321', '0.001197308', '0.007438483', '0.018420570', '0.019208051', '0.039097320', '0.013689622', '0.022839565']" 
8 DIS View4 0.119 0.169 0.519 0.079 0.194 0.766 nan 1120.0 11201.0 "['0.024074269', '0.001904232', '0.002013193', '0.001953312', '0.024000842', '0.024074269', '0.001479372', '0.001659920', '0.001987158', '0.024503242', '0.001199693', '0.001867239', '0.001479237', '0.001908856', '0.024742894', '0.001940881', '0.023910357', '0.024124973', '0.001960001', '0.001756735', '0.009300206', '0.024074269', '0.016430086', '0.024544293', '0.002004074', '0.001201003', '0.024273807', '0.001400502', '0.001137807', '0.023946805', '0.025252892', '0.001973965', '0.001960887', '0.018371724', '0.025893422', '0.001939770', '0.023951970', '0.001843949', '0.023925420', '0.024358477', '0.001939770', '0.001201091', '0.024108542', '0.001338525', '0.001454614', '0.001776859', '0.001338022', '0.026449185', '0.001622968', '0.001338335', '0.001776663', '0.001865209', '0.001983955', '0.001588032', '0.001757340', '0.002890576', '0.001984416', '0.026575044', '0.001137695', '0.027500629', '0.014404336', '0.002004194', '0.001338525', '0.024114838', '0.002099412', '0.001933775', '0.024639552', '0.001455478', '0.001270757', '0.002960782', '0.001917380', '0.001988484', '0.001842199', '0.020898079', '0.016430086', '0.001926331', '0.005426366', '0.001270745', '0.024907513', '0.028073385', '0.001460740', '0.027991584', '0.001714266', '0.001939770', '0.003976883', '0.001946785', '0.001592220', '0.001337686', '0.024027232', '0.022949994', '0.001972362', '0.001628247', '0.001270861', '0.024143552', '0.018713597', '0.025048152', '0.028112045', '0.001737830', '0.001506218', '0.024074269']" 
8 DIS Concatenated 0.128 0.161 0.478 0.072 0.198 0.601 nan 1120.0 11201.0 "['0.002277680', '0.051340461', '0.001598876', '0.000583764', '0.011989644', '0.011855352', '0.001857931', '0.001339434', '0.017757921', '0.016419454', '0.025835037', '0.011411752', '0.012342111', '0.011041407', '0.002518185', '0.002141607', '0.001302188', '0.017839119', '0.001879781', '0.002469564', '0.000566721', '0.003030126', '0.001812283', '0.002924216', '0.000843100', '0.013752587', '0.016536675', '0.003053102', '0.002379446', '0.002603792', '0.010123007', '0.012371236', '0.012037984', '0.012321383', '0.002748063', '0.002629091', '0.050307382', '0.016616493', '0.011445911', '0.012037984', '0.002970613', '0.027853884', '0.002777038', '0.002583889', '0.002234431', '0.046640359', '0.002838783', '0.010694128', '0.010882067', '0.053743158', '0.002684509', '0.012421390', '0.002629091', '0.002689046', '0.012326406', '0.015262262', '0.012205901', '0.016616493', '0.011668425', '0.011445911', '0.001392971', '0.000843100', '0.001716880', '0.010323194', '0.016569693', '0.001705402', '0.000566721', '0.002294979', '0.002698015', '0.011668425', '0.001720083', '0.013518792', '0.011990305', '0.019539712', '0.011624908', '0.029369440', '0.011386234', '0.009152466', '0.001972731', '0.008865728', '0.013518792', '0.012532871', '0.000986784', '0.000843920', '0.002480691', '0.016101081', '0.001196054', '0.003042877', '0.012180257', '0.000566721', '0.039615382', '0.002549806', '0.002543887', '0.002518185', '0.013703899', '0.002525706', '0.016434042', '0.016616493', '0.011445911', '0.000567192']" 
8 DIS Multiview 0.124 0.172 0.483 0.074 0.221 0.674 0.280 1120.0 11201.0 "[['0.002535919', '0.010582623', '0.002657187', '0.002563477', '0.002466556', '0.012140748', '0.020208353', '0.021523453', '0.002568582', '0.020793959', '0.022389451', '0.002606538', '0.002082477', '0.002541307', '0.002585841', '0.017114595', '0.002588655', '0.012819672', '0.013901778', '0.031089796', '0.002393443', '0.018391397', '0.002533744', '0.014500110', '0.032913923', '0.020439647', '0.002587757', '0.020120163', '0.012143272', '0.014506228', '0.005495838', '0.017332535', '0.002616511', '0.016024826', '0.002628094', '0.020362470', '0.002540488', '0.018718675', '0.002441272', '0.002401852', '0.002649887', '0.002564736', '0.002632951', '0.002637016', '0.002292845', '0.002482413', '0.018922877', '0.002152493', '0.002207290', '0.002396834', '0.002222484', '0.027840640', '0.002433035', '0.002546184', '0.021482723', '0.002559018', '0.002235754', '0.002656784', '0.015449677', '0.020334644', '0.015852064', '0.022552472', '0.018211536', '0.002516735', '0.016580727', '0.015155188', '0.017867414', '0.002432572', '0.020849375', '0.002409190', '0.002553588', '0.002398645', '0.002326320', '0.002387788', '0.019410105', '0.014192941', '0.016777825', '0.020260531', '0.002581398', '0.002472588', '0.018077873', '0.002681297', '0.002527265', '0.002274657', '0.002625300', '0.002625772', '0.002195960', '0.002192031', '0.015739001', '0.002504766', '0.002607785', '0.024313426', '0.016915018', '0.011370893', '0.020112026', '0.013460846', '0.002619495', '0.018382084', '0.018400857', '0.019031143'], ['0.020336637', '0.001532471', '0.021976495', '0.000968666', '0.006419665', '0.001092257', '0.001717841', '0.050100565', '0.012327217', '0.019311326', '0.043759219', '0.013907623', '0.012155388', '0.001532093', '0.008606738', '0.000950241', '0.012831802', '0.001540098', '0.000937933', '0.030552013', '0.003285556', '0.013211862', '0.001576634', '0.011600700', '0.057498362', '0.001666242', '0.001533509', '0.017234802', '0.000938099', '0.001509024', '0.001422355', '0.018037565', '0.015197542', '0.007677295', '0.014698705', '0.017038645', '0.001535065', '0.007774151', '0.001469337', '0.001227952', '0.012154159', '0.001633568', '0.006356818', '0.012930300', '0.001247580', '0.012876860', '0.001626377', '0.001554554', '0.010147801', '0.013752371', '0.004151897', '0.035910681', '0.001293073', '0.015668243', '0.025888780', '0.014091646', '0.004555623', '0.027150722', '0.016830230', '0.001654111', '0.001550438', '0.029281417', '0.001547524', '0.012765145', '0.001375622', '0.001530601', '0.001366174', '0.004743780', '0.019667601', '0.001366128', '0.010249658', '0.007236782', '0.001348523', '0.001489226', '0.001655093', '0.001446602', '0.001632830', '0.016314737', '0.013500897', '0.009208016', '0.016172225', '0.027240034', '0.002269440', '0.010882762', '0.012703924', '0.001566098', '0.009734358', '0.001672993', '0.007296775', '0.011813208', '0.013457304', '0.033213008', '0.001153470', '0.001482630', '0.015390460', '0.001324438', '0.008542115', '0.001495322', '0.001551582', '0.001596057'], ['0.018333808', '0.001543495', '0.020753611', '0.008318760', '0.001823762', '0.011792029', '0.016800299', '0.015861429', '0.011782142', '0.001896536', '0.032567728', '0.018605312', '0.001741783', '0.002701860', '0.001852333', '0.001655823', '0.017977446', '0.003829175', '0.001640712', '0.024095939', '0.012744315', '0.001761830', '0.017315442', '0.001405523', '0.037089556', '0.019959591', '0.001778379', '0.018958364', '0.001781584', '0.005501579', '0.001782425', '0.001872788', '0.001894750', '0.011697153', '0.018814897', '0.018099518', '0.001304910', '0.001854748', '0.001840318', '0.017252671', '0.009887835', '0.018466555', '0.010548641', '0.001855883', '0.004348859', '0.016586965', '0.017796069', '0.004993645', '0.001728798', '0.017064797', '0.001665001', '0.031471048', '0.001699432', '0.002979412', '0.001887757', '0.001847731', '0.001785462', '0.021506511', '0.019336265', '0.019779548', '0.017103380', '0.045286041', '0.014806775', '0.016578168', '0.001825243', '0.001830225', '0.001835999', '0.001692332', '0.001836117', '0.008326608', '0.001833861', '0.001729005', '0.001828466', '0.010888305', '0.020683987', '0.002632212', '0.019716779', '0.012995150', '0.019777147', '0.001672628', '0.019072453', '0.033957697', '0.013924874', '0.007369639', '0.001804247', '0.001773046', '0.001816334', '0.013671274', '0.001723463', '0.002271194', '0.001880127', '0.023975741', '0.002720969', '0.001619054', '0.007633853', '0.003533812', '0.001842512', '0.017082097', '0.001746720', '0.018181931'], ['0.022328991', '0.001743825', '0.022450333', '0.001507954', '0.001739831', '0.001907955', '0.020979477', '0.026767135', '0.001766616', '0.021776894', '0.058975227', '0.001757504', '0.003273965', '0.001373835', '0.017298928', '0.001721032', '0.002280918', '0.001289269', '0.001842659', '0.031073622', '0.017987888', '0.001686323', '0.001898108', '0.001411467', '0.070456058', '0.023125976', '0.001874894', '0.002495494', '0.001720311', '0.001726276', '0.002086041', '0.021122700', '0.020064680', '0.001915609', '0.004241552', '0.001939214', '0.001620326', '0.001320439', '0.006021139', '0.001649863', '0.001851919', '0.017683132', '0.001848203', '0.018896999', '0.015098863', '0.001874437', '0.003767615', '0.001655498', '0.001634650', '0.001569572', '0.017199628', '0.032943353', '0.001950680', '0.018878929', '0.027025681', '0.017992659', '0.001859996', '0.022680389', '0.001778767', '0.021183187', '0.001711270', '0.030380137', '0.001895525', '0.001852962', '0.001146646', '0.013623863', '0.003753363', '0.001727282', '0.021366086', '0.001793662', '0.001831497', '0.001425125', '0.001299007', '0.001876645', '0.018596862', '0.001258934', '0.020058353', '0.001871379', '0.020443331', '0.001488201', '0.001991666', '0.033671487', '0.001734439', '0.001411083', '0.004292584', '0.015919453', '0.001518660', '0.001688833', '0.001736677', '0.017552476', '0.019327870', '0.065857530', '0.001212696', '0.001789643', '0.001909508', '0.002127506', '0.011237596', '0.001900261', '0.002449149', '0.001676291']]" "['0.039932746', '0.350244790', '0.262037933', '0.347784549']"
8 DIS_inv View1 0.315 0.337 1.039 0.196 0.289 0.177 nan 1120.0 11201.0 "['0.006356511', '0.006491297', '0.006177980', '0.006068868', '0.006259665', '0.006491297', '0.027701791', '0.027701791', '0.006225611', '0.010419091', '0.025822666', '0.006099815', '0.006385021', '0.006099815', '0.006173304', '0.006828023', '0.006225611', '0.006634944', '0.006528998', '0.009701349', '0.006356511', '0.006828023', '0.006183148', '0.006715797', '0.009759206', '0.045307182', '0.009449597', '0.029574329', '0.006715797', '0.006511503', '0.006402015', '0.006447568', '0.006136092', '0.006527069', '0.006068868', '0.010266509', '0.006068868', '0.025822666', '0.009523855', '0.006295047', '0.009459348', '0.006335386', '0.006132307', '0.009531114', '0.006356511', '0.006295047', '0.006828023', '0.006356511', '0.006356511', '0.009517768', '0.009628515', '0.006430964', '0.006259665', '0.006264966', '0.006890764', '0.009523855', '0.009517768', '0.009634667', '0.006573015', '0.007010208', '0.006528998', '0.010417880', '0.006828023', '0.006416760', '0.045307182', '0.006668387', '0.006828023', '0.006375507', '0.006828023', '0.009591117', '0.006136092', '0.006264966', '0.006264966', '0.006295047', '0.006715797', '0.006522908', '0.006447568', '0.010417880', '0.006295047', '0.006259665', '0.006715797', '0.009643514', '0.006170538', '0.006315554', '0.009402435', '0.009456736', '0.006315554', '0.008688679', '0.006522908', '0.006503287', '0.006246590', '0.029574329', '0.045307182', '0.006668387', '0.010421603', '0.006511156', '0.009517422', '0.006828023', '0.025822666', '0.027701791']" 
8 DIS_inv View2 0.099 0.171 0.482 0.069 0.220 0.974 nan 1120.0 11201.0 "['0.001100737', '0.024718164', '0.017134983', '0.001074570', '0.018052896', '0.001071341', '0.001062735', '0.001100737', '0.001061689', '0.018805884', '0.001056299', '0.023699723', '0.001053901', '0.023699723', '0.001071341', '0.001087660', '0.019311232', '0.016686883', '0.018907001', '0.018724423', '0.018799201', '0.001059381', '0.001091535', '0.018308830', '0.022955159', '0.001053343', '0.001061358', '0.033278782', '0.024040099', '0.001062303', '0.015258767', '0.001048119', '0.018598840', '0.001062063', '0.001117009', '0.001090311', '0.001106927', '0.001049345', '0.001101837', '0.001090722', '0.018057428', '0.001089867', '0.018216113', '0.019003270', '0.001067566', '0.018354928', '0.001067471', '0.062562101', '0.018434906', '0.001050195', '0.001113830', '0.001062303', '0.025828935', '0.018354928', '0.001059414', '0.023779036', '0.001076107', '0.001076523', '0.001068368', '0.001076364', '0.001093869', '0.001100737', '0.001101223', '0.022955159', '0.001078864', '0.001075462', '0.001080527', '0.001076386', '0.001076386', '0.001098441', '0.001060184', '0.001076019', '0.024718164', '0.001070630', '0.018737677', '0.001077598', '0.001074010', '0.001068368', '0.018180801', '0.018259881', '0.001045004', '0.001052322', '0.001068078', '0.024542365', '0.001112803', '0.025746286', '0.023907943', '0.018378694', '0.018899912', '0.018538311', '0.001113830', '0.018511103', '0.047018666', '0.001080527', '0.027489459', '0.001043940', '0.001075741', '0.019214539', '0.001076364', '0.018908197']" 
8 DIS_inv View3 0.159 0.183 0.577 0.092 0.196 0.698 nan 1120.0 11201.0 "['0.001952073', '0.001995496', '0.001936793', '0.018771406', '0.001882960', '0.015420430', '0.001981554', '0.001987146', '0.001967678', '0.015679326', '0.025225708', '0.001930519', '0.015422957', '0.001978230', '0.015679326', '0.015670927', '0.015432376', '0.016499575', '0.001903869', '0.001955445', '0.001982213', '0.001850322', '0.001979166', '0.001984160', '0.002045154', '0.015661396', '0.001980810', '0.001999447', '0.001944021', '0.001897907', '0.001966536', '0.001916319', '0.015701585', '0.001964574', '0.001970552', '0.001983330', '0.025992196', '0.001938551', '0.025992196', '0.017202947', '0.015627913', '0.002033861', '0.001968292', '0.015277140', '0.001947427', '0.001967231', '0.025225708', '0.037404992', '0.016960401', '0.002005003', '0.001956609', '0.001953038', '0.025992196', '0.015337112', '0.001892006', '0.016499575', '0.002099121', '0.014821434', '0.002069646', '0.001989346', '0.001978230', '0.001965755', '0.001953309', '0.001948158', '0.001953309', '0.023992512', '0.001916014', '0.020522503', '0.002012493', '0.015597314', '0.014626806', '0.002045154', '0.042034198', '0.001966508', '0.001928519', '0.001935707', '0.056916419', '0.001976215', '0.056916419', '0.001981554', '0.001894196', '0.001921054', '0.016499575', '0.016499575', '0.019947179', '0.001899309', '0.001891501', '0.001949249', '0.001955471', '0.001938457', '0.001890952', '0.020522503', '0.056916419', '0.001927579', '0.002034589', '0.015258863', '0.015670927', '0.020495668', '0.012853175', '0.019611444']" 
8 DIS_inv View4 0.105 0.181 0.506 0.073 0.229 0.894 nan 1120.0 11201.0 "['0.009351149', '0.020156326', '0.000678458', '0.019844262', '0.007569698', '0.009351149', '0.012030451', '0.020053722', '0.000693835', '0.016526226', '0.019677028', '0.000694499', '0.011701071', '0.000686478', '0.026025750', '0.000679871', '0.020034218', '0.009323503', '0.000678344', '0.000698902', '0.011605710', '0.009351149', '0.013810250', '0.017851036', '0.000677222', '0.000684470', '0.012310232', '0.000703894', '0.000685705', '0.006959443', '0.021004746', '0.020188864', '0.000678224', '0.000705945', '0.021786749', '0.000678686', '0.006949310', '0.019530233', '0.006639198', '0.013822051', '0.000678686', '0.000684131', '0.009070197', '0.000704359', '0.000685254', '0.000702038', '0.000686325', '0.021724094', '0.000686178', '0.000694700', '0.000699681', '0.000682533', '0.000677336', '0.000688220', '0.000706599', '0.000711062', '0.019869206', '0.021727100', '0.000687471', '0.020889660', '0.016959945', '0.019746391', '0.000704359', '0.009165833', '0.000671158', '0.000681747', '0.020154651', '0.000685468', '0.000704561', '0.018776683', '0.000683302', '0.000677440', '0.000705528', '0.019620292', '0.013810250', '0.000684977', '0.018662542', '0.011360871', '0.020263381', '0.020970723', '0.000687781', '0.020960288', '0.019804342', '0.000678686', '0.018731764', '0.000678542', '0.019996636', '0.000683654', '0.008451048', '0.019914629', '0.019621531', '0.020158682', '0.000683874', '0.010663530', '0.021540543', '0.057869252', '0.020871125', '0.019719463', '0.016510494', '0.009351149']" 
8 DIS_inv Concatenated 0.091 0.172 0.462 0.067 0.231 0.806 nan 1120.0 11201.0 "['0.001235463', '0.001282847', '0.001239531', '0.019173196', '0.012128494', '0.001334624', '0.059765711', '0.018732172', '0.022274150', '0.024094351', '0.022367509', '0.001302956', '0.016592331', '0.001274798', '0.001267155', '0.018639799', '0.037247930', '0.036821805', '0.017939938', '0.001251178', '0.018325400', '0.001222639', '0.018580470', '0.001268650', '0.001296687', '0.001273475', '0.023600465', '0.001209852', '0.017893774', '0.018186979', '0.001265198', '0.017858107', '0.012669547', '0.017572334', '0.017307229', '0.018634338', '0.019060036', '0.016937835', '0.001288775', '0.012669547', '0.001241604', '0.001275029', '0.018876448', '0.018402183', '0.001236753', '0.001323900', '0.001246691', '0.001274977', '0.001278775', '0.019032950', '0.017212754', '0.001291816', '0.018634338', '0.001284008', '0.017257720', '0.001295431', '0.001297900', '0.016937835', '0.001313628', '0.001288775', '0.001247641', '0.001296687', '0.018697124', '0.001267964', '0.001291487', '0.001243329', '0.018325400', '0.001241558', '0.017943157', '0.001313628', '0.001252733', '0.001326036', '0.001333892', '0.001302833', '0.001319018', '0.019655341', '0.001300607', '0.001256479', '0.018237535', '0.001255178', '0.001326036', '0.001288122', '0.001243574', '0.001317860', '0.018397121', '0.026699493', '0.018899495', '0.001224537', '0.001331223', '0.018325400', '0.001269768', '0.017004807', '0.018234806', '0.001267155', '0.001319541', '0.001231853', '0.024157075', '0.016937835', '0.001288775', '0.018037084']" 
8 DIS_inv Multiview 0.098 0.176 0.467 0.069 0.236 0.218 0.388 1120.0 11201.0 "[['0.004018946', '0.004078266', '0.005159207', '0.004972412', '0.003941082', '0.004070707', '0.010307047', '0.009901727', '0.004746856', '0.039600160', '0.007322183', '0.004696710', '0.004134475', '0.003999061', '0.004013992', '0.007408299', '0.005996667', '0.015195950', '0.004114910', '0.016471105', '0.003997991', '0.006002261', '0.004027545', '0.006235486', '0.016548142', '0.024375279', '0.015189335', '0.009908402', '0.005876597', '0.004125316', '0.004016144', '0.004080710', '0.007984921', '0.004204483', '0.004361907', '0.012008597', '0.003907512', '0.007757312', '0.015713904', '0.004024624', '0.015154736', '0.005386338', '0.004036142', '0.015951099', '0.003979692', '0.004309171', '0.028462399', '0.004347851', '0.004203717', '0.016100597', '0.014245431', '0.008422420', '0.006467994', '0.004611951', '0.018007090', '0.016227510', '0.009287117', '0.016096331', '0.016608398', '0.023012333', '0.006820301', '0.018753763', '0.009063443', '0.004127074', '0.024472617', '0.016265331', '0.009981933', '0.004286251', '0.040841471', '0.015728308', '0.007419048', '0.008943456', '0.004403988', '0.003904285', '0.016339790', '0.005246941', '0.004359886', '0.014966389', '0.004010316', '0.004157904', '0.023573142', '0.016114108', '0.003989014', '0.004046459', '0.004689332', '0.003843802', '0.003937915', '0.004152962', '0.015973782', '0.004088463', '0.004858410', '0.017042214', '0.016672993', '0.005363910', '0.018090505', '0.015883761', '0.004515047', '0.011971660', '0.017468439', '0.016217113'], ['0.004761680', '0.004120557', '0.005167202', '0.016007986', '0.005635120', '0.004349348', '0.004555853', '0.004946238', '0.010745344', '0.042612903', '0.004461200', '0.010259878', '0.007253909', '0.004163181', '0.004602159', '0.009034911', '0.016871611', '0.011529757', '0.004303734', '0.016740844', '0.004369094', '0.004807414', '0.004286567', '0.007540758', '0.015827762', '0.006811198', '0.014898807', '0.005022845', '0.005791349', '0.004415213', '0.004422190', '0.004625970', '0.041945834', '0.004443800', '0.021193681', '0.004921939', '0.004186370', '0.004479561', '0.015500141', '0.004308199', '0.016792914', '0.004327692', '0.007018473', '0.017055709', '0.004287337', '0.009858157', '0.005995816', '0.004339335', '0.008986768', '0.018329732', '0.005336215', '0.021935431', '0.014476088', '0.008840476', '0.016724765', '0.017094884', '0.009589244', '0.015701288', '0.021586806', '0.008357235', '0.004531671', '0.017220346', '0.004423382', '0.007183096', '0.016099535', '0.014812333', '0.004652959', '0.009931171', '0.014823157', '0.014948492', '0.016823873', '0.019989738', '0.006711700', '0.004208272', '0.005531893', '0.004444397', '0.004273787', '0.007647498', '0.004537171', '0.007932833', '0.025633382', '0.016365176', '0.004483406', '0.006185129', '0.015185199', '0.004087849', '0.005706191', '0.004386188', '0.016180085', '0.005942449', '0.009600543', '0.016751884', '0.015231311', '0.004188632', '0.010565434', '0.009119440', '0.008210155', '0.004603302', '0.010007880', '0.004282570'], ['0.004619987', '0.004588101', '0.013083780', '0.016305447', '0.003998244', '0.004628007', '0.004799655', '0.004654787', '0.016083952', '0.005190551', '0.004482901', '0.018441258', '0.004666128', '0.006436938', '0.004103142', '0.004677025', '0.021471376', '0.015423910', '0.004264016', '0.017729828', '0.004599133', '0.004300649', '0.012991989', '0.004566811', '0.016305452', '0.020496678', '0.014077765', '0.007844827', '0.004119076', '0.004548399', '0.004055010', '0.004068655', '0.003883396', '0.004602030', '0.032869015', '0.004812997', '0.004740631', '0.003854826', '0.015417019', '0.011594826', '0.015955599', '0.019242890', '0.009349975', '0.006806611', '0.004557938', '0.009271869', '0.021063626', '0.007665166', '0.006703346', '0.018396601', '0.004593039', '0.005700310', '0.014354102', '0.004912184', '0.009675676', '0.007724195', '0.004460857', '0.016956752', '0.021068228', '0.031283144', '0.013080986', '0.015866840', '0.007371613', '0.009231404', '0.004069134', '0.010151813', '0.004070629', '0.004387497', '0.014409651', '0.016315233', '0.014327934', '0.005349053', '0.003982568', '0.004737564', '0.017179521', '0.004726991', '0.010524666', '0.004810969', '0.009833269', '0.004476225', '0.037208781', '0.015895426', '0.007454107', '0.004687382', '0.004616540', '0.004443262', '0.003909405', '0.006526405', '0.014777160', '0.004840855', '0.004086287', '0.018693345', '0.015071823', '0.004346473', '0.005359729', '0.015018129', '0.004261179', '0.013416307', '0.013994334', '0.019349238'], ['0.006778508', '0.003896574', '0.015774203', '0.013726921', '0.004119882', '0.003660191', '0.009812263', '0.008234972', '0.004304258', '0.054442503', '0.004373422', '0.004179914', '0.006542907', '0.006432642', '0.008536527', '0.004113815', '0.005353599', '0.013903358', '0.003727550', '0.016188113', '0.006589298', '0.003952994', '0.003668370', '0.004330165', '0.014688998', '0.017914236', '0.008112601', '0.004331531', '0.004341895', '0.003891090', '0.005271304', '0.006899044', '0.055429474', '0.003836734', '0.014566095', '0.003766295', '0.005711895', '0.004330278', '0.015057188', '0.004006661', '0.013916068', '0.014326488', '0.004092333', '0.017596761', '0.005700761', '0.003930642', '0.015244601', '0.008042839', '0.004241042', '0.007580589', '0.015157457', '0.027010260', '0.014450009', '0.012883227', '0.015510576', '0.016785007', '0.003938349', '0.015740715', '0.005193077', '0.025003387', '0.004139769', '0.012919870', '0.003799638', '0.004049154', '0.014656829', '0.015518785', '0.009226215', '0.006617418', '0.017583838', '0.004241447', '0.013166439', '0.024249975', '0.010679825', '0.003707909', '0.015090010', '0.004386335', '0.005835902', '0.004138009', '0.004677359', '0.007189794', '0.003500219', '0.015269030', '0.005349556', '0.005810603', '0.013428605', '0.005658535', '0.003910455', '0.004279763', '0.011137648', '0.006289863', '0.017341083', '0.015324433', '0.014715976', '0.003922407', '0.004301367', '0.014239957', '0.011957939', '0.003959726', '0.014349932', '0.004235876']]" "['0.036387339', '0.454425871', '0.133378074', '0.375808775']"
8 Cbound View1 0.289 0.328 0.886 0.161 0.335 0.450 nan 1120.0 1120.0 "['0.002425605', '0.004151774', '0.002367473', '0.002350868', '0.002382159', '0.004151774', '0.019237641', '0.019237641', '0.002375352', '0.023822468', '0.018472269', '0.002355361', '0.002438755', '0.002355361', '0.002363436', '0.012460401', '0.002375352', '0.011187262', '0.006719922', '0.023301022', '0.002425605', '0.012460401', '0.002366815', '0.013876701', '0.023236442', '0.025500355', '0.002486784', '0.020092776', '0.013876701', '0.006075226', '0.002482284', '0.002552000', '0.002358333', '0.005704428', '0.002350868', '0.023729106', '0.002350868', '0.018472269', '0.022334578', '0.002392633', '0.002488518', '0.002396274', '0.002373072', '0.021534858', '0.002425605', '0.002392633', '0.012460401', '0.002425605', '0.002425605', '0.022598911', '0.022908047', '0.002525183', '0.002382159', '0.002385865', '0.013857622', '0.022334578', '0.022598911', '0.022695055', '0.004706210', '0.026089892', '0.006719922', '0.023819517', '0.012460401', '0.002410728', '0.025500355', '0.010173010', '0.012460401', '0.002403799', '0.012460401', '0.022479661', '0.002358333', '0.002385865', '0.002385865', '0.002392633', '0.013876701', '0.006537119', '0.002552000', '0.023819517', '0.002392633', '0.002382159', '0.013876701', '0.022749992', '0.002364310', '0.002407599', '0.002454072', '0.002491620', '0.002407599', '0.002560685', '0.006537119', '0.002432965', '0.002377889', '0.020092776', '0.025500355', '0.010173010', '0.023825791', '0.005013206', '0.020930862', '0.012460401', '0.018472269', '0.019237641']" 
8 Cbound View2 0.096 0.173 0.571 0.069 0.207 2.063 nan 1120.0 1120.0 "['0.000981613', '0.034015447', '0.030516095', '0.000118287', '0.029583102', '0.000639082', '0.000115865', '0.000981613', '0.000115404', '0.029512541', '0.000115383', '0.014014583', '0.000116071', '0.014014583', '0.000639082', '0.000116190', '0.000117492', '0.000116423', '0.030429848', '0.030278558', '0.031998564', '0.000114741', '0.000117702', '0.000119005', '0.015954204', '0.000114524', '0.000115328', '0.033835292', '0.031039955', '0.000115490', '0.000116164', '0.000114055', '0.031298943', '0.000116223', '0.001779478', '0.000119840', '0.000118184', '0.000114035', '0.001701950', '0.001273625', '0.000119333', '0.001088339', '0.000116157', '0.029567977', '0.000115473', '0.030748103', '0.000115833', '0.032724593', '0.030794227', '0.000116333', '0.001589539', '0.000115490', '0.031218998', '0.030748103', '0.000118489', '0.014810578', '0.000118238', '0.000774941', '0.000115550', '0.000820473', '0.000116264', '0.000981613', '0.001555064', '0.015954204', '0.000115409', '0.000119348', '0.000713506', '0.000986855', '0.000986855', '0.002736155', '0.000114950', '0.000116387', '0.034015447', '0.000116964', '0.030132497', '0.000116936', '0.000831163', '0.000115550', '0.030330235', '0.029781843', '0.000114457', '0.000115027', '0.000116854', '0.000116022', '0.003954864', '0.031119101', '0.032444786', '0.030149154', '0.029769588', '0.013594622', '0.001589539', '0.030210517', '0.033759646', '0.000713506', '0.032688301', '0.000116249', '0.000116927', '0.003744104', '0.000820473', '0.032057665']" 
8 Cbound View3 0.141 0.186 0.627 0.092 0.188 1.489 nan 1120.0 1120.0 "['0.000429411', '0.000426626', '0.000419025', '0.006492971', '0.000418418', '0.034135707', '0.001801486', '0.002642962', '0.000436438', '0.035140146', '0.037743770', '0.000417259', '0.034342930', '0.000452175', '0.035140146', '0.035084184', '0.034275323', '0.005907639', '0.000416052', '0.000427850', '0.001815307', '0.000421784', '0.000451235', '0.001744640', '0.002911794', '0.035055026', '0.000449119', '0.002311093', '0.000425454', '0.000416337', '0.000434244', '0.000415845', '0.035168130', '0.000434996', '0.000423097', '0.001627144', '0.037830424', '0.000421149', '0.037830424', '0.005917287', '0.034974203', '0.002709115', '0.000417514', '0.033723667', '0.000426343', '0.000420320', '0.037743770', '0.000439794', '0.005990163', '0.002178455', '0.000428572', '0.000425182', '0.037830424', '0.033788577', '0.000417898', '0.005907639', '0.004907539', '0.000423462', '0.007649237', '0.002220526', '0.000452175', '0.000445638', '0.000419171', '0.000419260', '0.000419171', '0.037911095', '0.000415845', '0.006746774', '0.000422847', '0.034880519', '0.000418145', '0.002911794', '0.000436350', '0.000447463', '0.000417298', '0.000417874', '0.037543781', '0.001759222', '0.037543781', '0.001801486', '0.000417097', '0.000415839', '0.005907639', '0.005907639', '0.007532976', '0.000417077', '0.000417261', '0.000419380', '0.000429136', '0.000421204', '0.000417109', '0.006746774', '0.037543781', '0.000416621', '0.002718949', '0.034709368', '0.035084184', '0.035919417', '0.005263424', '0.006587952']" 
8 Cbound View4 0.104 0.184 0.593 0.074 0.219 1.845 nan 1120.0 1120.0 "['0.001821981', '0.026717737', '0.000142895', '0.026287902', '0.001785253', '0.001821981', '0.000148721', '0.027127206', '0.000144379', '0.011821448', '0.026959110', '0.000144256', '0.000147567', '0.000144007', '0.029276811', '0.000142714', '0.028166231', '0.001920189', '0.000142301', '0.026641669', '0.002565495', '0.001821981', '0.002400335', '0.010380597', '0.000142521', '0.000142858', '0.007897014', '0.000148007', '0.000144466', '0.001813259', '0.029030394', '0.000148677', '0.000142277', '0.028040694', '0.029189007', '0.000142215', '0.001767708', '0.026254052', '0.001631467', '0.009943596', '0.000142215', '0.000142358', '0.001816620', '0.000147755', '0.000149662', '0.000145453', '0.000143002', '0.029025661', '0.000144499', '0.000149870', '0.025933247', '0.000145075', '0.000142367', '0.000145001', '0.000145455', '0.000150374', '0.025599726', '0.029009024', '0.000145270', '0.028318437', '0.007314486', '0.025633335', '0.000147755', '0.002610547', '0.000144006', '0.000143470', '0.028228438', '0.000143476', '0.026859028', '0.027402341', '0.000144735', '0.000142506', '0.000148321', '0.028041376', '0.002400335', '0.000146679', '0.027497964', '0.000148613', '0.028208498', '0.028291948', '0.000143546', '0.028291948', '0.027017543', '0.000142215', '0.027448235', '0.000142241', '0.027161876', '0.000142297', '0.001749441', '0.028103963', '0.000146884', '0.027203444', '0.000142327', '0.002192859', '0.003096425', '0.029322812', '0.028090537', '0.026700264', '0.000149225', '0.001821981']" 
8 Cbound Concatenated 0.090 0.176 0.566 0.067 0.219 1.800 nan 1120.0 1120.0 "['0.000137502', '0.001348334', '0.000137045', '0.029127683', '0.001279333', '0.002043364', '0.000139591', '0.028776752', '0.030377124', '0.005022041', '0.032085869', '0.001262360', '0.005112838', '0.000139447', '0.000138410', '0.028522117', '0.000142342', '0.031029390', '0.028434766', '0.000137962', '0.028755629', '0.000139783', '0.028348621', '0.000139544', '0.028668726', '0.000138527', '0.030596292', '0.000141068', '0.000140697', '0.027651355', '0.000137918', '0.008741460', '0.001325358', '0.003615930', '0.027185002', '0.027735243', '0.029614571', '0.001275399', '0.000141587', '0.001325358', '0.000138960', '0.000138412', '0.028281331', '0.027727148', '0.000137541', '0.006714352', '0.000138306', '0.000140256', '0.001366367', '0.029568331', '0.026780209', '0.001296326', '0.027735243', '0.000138488', '0.005257284', '0.000139049', '0.001849981', '0.001275399', '0.001149597', '0.000141587', '0.000136979', '0.028668726', '0.028524382', '0.000138006', '0.000138849', '0.000137159', '0.028755629', '0.000137853', '0.027991440', '0.001149597', '0.000137428', '0.000762337', '0.001328473', '0.001922953', '0.001687029', '0.029789038', '0.001194433', '0.000138880', '0.028149515', '0.000138750', '0.000762337', '0.000140256', '0.000136816', '0.000140064', '0.027962856', '0.009755110', '0.028899830', '0.000139480', '0.001833678', '0.028755629', '0.000137647', '0.027184077', '0.027302394', '0.000138410', '0.000140864', '0.000138541', '0.003809653', '0.001275399', '0.000141587', '0.028851412']" 
8 Cbound Multiview 0.125 0.204 0.599 0.082 0.249 0.041 0.029 1120.0 1120.0 "[['0.007388403', '0.011319902', '0.007398373', '0.007350000', '0.007292368', '0.012048148', '0.013059228', '0.013108185', '0.007349363', '0.013088530', '0.013109259', '0.007358926', '0.007202461', '0.007321524', '0.007350902', '0.012865257', '0.007375902', '0.012472552', '0.012370259', '0.013232793', '0.007282598', '0.012957534', '0.007319993', '0.012614565', '0.013225782', '0.013053846', '0.007327832', '0.013060385', '0.012125089', '0.012571008', '0.008889322', '0.012549986', '0.007359381', '0.012890811', '0.007387399', '0.013092181', '0.007312890', '0.012999064', '0.007309601', '0.007271609', '0.007384279', '0.007344544', '0.007373886', '0.007369546', '0.007250976', '0.007319356', '0.013070573', '0.007189188', '0.007202094', '0.007261532', '0.012984534', '0.013174985', '0.007279248', '0.007341129', '0.013084428', '0.007331458', '0.007160223', '0.007660756', '0.012878263', '0.013060603', '0.012806111', '0.013141956', '0.012981750', '0.007329886', '0.012863425', '0.012738727', '0.012979205', '0.007280949', '0.013071323', '0.007245681', '0.007328375', '0.007270743', '0.007232863', '0.007267320', '0.013064994', '0.012612309', '0.012819347', '0.013100533', '0.007381043', '0.007295794', '0.012982010', '0.007939627', '0.007321924', '0.007261076', '0.007363038', '0.007346646', '0.007214794', '0.007177886', '0.012838420', '0.007327003', '0.007353840', '0.013159548', '0.013113986', '0.011907316', '0.013107658', '0.012966913', '0.007356084', '0.012995098', '0.013035655', '0.013034292'], ['0.012593366', '0.006851397', '0.012561782', '0.008856313', '0.011152936', '0.006748163', '0.007189499', '0.012901726', '0.012419673', '0.012605706', '0.012774669', '0.012465950', '0.012423328', '0.006845906', '0.011700127', '0.006650295', '0.012552052', '0.006890319', '0.006682615', '0.012697183', '0.007377693', '0.012450626', '0.006866917', '0.012422070', '0.012782983', '0.006936544', '0.006829490', '0.012581664', '0.006655162', '0.006644263', '0.006819759', '0.012593245', '0.012485932', '0.012597545', '0.012581761', '0.012589777', '0.006837848', '0.011579478', '0.006866710', '0.006749032', '0.012479573', '0.006897123', '0.011945455', '0.012407730', '0.006774361', '0.012428892', '0.006928943', '0.006860306', '0.012219684', '0.012462279', '0.012621464', '0.012731718', '0.006745528', '0.012498555', '0.012659922', '0.012446535', '0.010781604', '0.012547217', '0.012605904', '0.007037394', '0.006885848', '0.012691996', '0.006882850', '0.012411230', '0.006781098', '0.006903952', '0.006853482', '0.011236520', '0.012603408', '0.006779325', '0.012352485', '0.011832724', '0.006754002', '0.006826758', '0.006925835', '0.006839145', '0.006953422', '0.012603131', '0.011948511', '0.012048082', '0.012592793', '0.012640108', '0.008214075', '0.012322397', '0.012484041', '0.006851824', '0.012092729', '0.007105962', '0.012432480', '0.012236815', '0.012371137', '0.012693705', '0.008653122', '0.006833689', '0.012606441', '0.007073066', '0.012155304', '0.006862674', '0.006886671', '0.006885518'], ['0.012425247', '0.006810945', '0.012660005', '0.012352662', '0.006918110', '0.012302252', '0.012568451', '0.012877057', '0.012429660', '0.006963938', '0.012756298', '0.012643768', '0.006727778', '0.009063793', '0.006938317', '0.006857790', '0.012652508', '0.010988268', '0.006856414', '0.012726299', '0.011964081', '0.006911271', '0.012610820', '0.006771350', '0.012780775', '0.012664263', '0.006886772', '0.012648316', '0.006905639', '0.010647882', '0.006910287', '0.006957241', '0.006953633', '0.012481176', '0.012672006', '0.012625366', '0.006728737', '0.006938071', '0.009578600', '0.012603393', '0.012500214', '0.012625674', '0.012346473', '0.006937479', '0.009410443', '0.012560972', '0.012689220', '0.010753312', '0.006877235', '0.012584506', '0.006945591', '0.012766003', '0.006864775', '0.007755600', '0.006982330', '0.006934216', '0.006902523', '0.012673170', '0.012682184', '0.012671094', '0.012632568', '0.012822786', '0.012536537', '0.012566554', '0.006921962', '0.006939730', '0.006937094', '0.006871882', '0.006973710', '0.012080310', '0.006922243', '0.006884068', '0.006916587', '0.012021368', '0.012713136', '0.008750317', '0.012680343', '0.012502765', '0.012668619', '0.006861187', '0.012676261', '0.012734617', '0.012436979', '0.011069379', '0.006924325', '0.006725148', '0.006916654', '0.012386098', '0.006917382', '0.007614737', '0.006944759', '0.012724061', '0.012666586', '0.006849162', '0.012441026', '0.012438270', '0.006936835', '0.012611629', '0.006914715', '0.012645357'], ['0.013491908', '0.007290983', '0.013497788', '0.007239418', '0.007280828', '0.007353566', '0.013495704', '0.013571247', '0.007315287', '0.013498827', '0.013703619', '0.007302842', '0.010582227', '0.007166588', '0.013413880', '0.007286030', '0.009506955', '0.007180680', '0.007322559', '0.013574258', '0.013400361', '0.007300302', '0.007333381', '0.007210539', '0.013689198', '0.013522672', '0.007316811', '0.007697800', '0.007282921', '0.007309652', '0.009946732', '0.013497552', '0.013467545', '0.007396445', '0.012970506', '0.007377743', '0.007220494', '0.007137924', '0.013102583', '0.007258638', '0.007337842', '0.013387941', '0.007340426', '0.013433534', '0.013319106', '0.007339951', '0.013451086', '0.007250686', '0.007247828', '0.007248783', '0.013503103', '0.013588296', '0.009435475', '0.013430918', '0.013537632', '0.013399919', '0.007323497', '0.013480808', '0.007374304', '0.013486496', '0.007313967', '0.013562135', '0.007349775', '0.007336810', '0.007175296', '0.013384259', '0.012012093', '0.007276800', '0.013480632', '0.007306325', '0.007311661', '0.007143489', '0.007126002', '0.007330371', '0.013569144', '0.007158265', '0.013481676', '0.007431262', '0.013461083', '0.007769254', '0.007388419', '0.013543003', '0.007285768', '0.007184721', '0.012112990', '0.013296322', '0.007237327', '0.007259779', '0.007326614', '0.013387813', '0.013448228', '0.013654537', '0.013755712', '0.007305560', '0.007414143', '0.013486714', '0.013284582', '0.007349694', '0.010567964', '0.007297189']]" "['0.156621337', '0.282496750', '0.278685629', '0.282196313']"
8 C_TND View1 0.302 0.353 0.945 0.176 0.354 0.050 nan 1120.0 1120.0 "['0.007810455', '0.008495903', '0.006852616', '0.006329899', '0.007229180', '0.008495903', '0.010819471', '0.010819471', '0.007064028', '0.016935084', '0.010758413', '0.006466675', '0.007872467', '0.006466675', '0.006787033', '0.009813827', '0.007064028', '0.009024078', '0.008725420', '0.013357053', '0.007810455', '0.009813827', '0.006837403', '0.009087577', '0.016265938', '0.010201237', '0.014949456', '0.010845306', '0.009087577', '0.008643663', '0.008013067', '0.008231096', '0.006617385', '0.008614188', '0.006329899', '0.018859917', '0.006329899', '0.010758413', '0.014010559', '0.007410930', '0.016393030', '0.007571464', '0.006543763', '0.017061101', '0.007810455', '0.007410930', '0.009813827', '0.007810455', '0.007810455', '0.012975003', '0.014323529', '0.008160494', '0.007229180', '0.007284563', '0.009986812', '0.014010559', '0.012975003', '0.018771412', '0.008635051', '0.009870370', '0.008725420', '0.017182775', '0.009813827', '0.007851184', '0.010201237', '0.008950073', '0.009813827', '0.007688220', '0.009813827', '0.017174164', '0.006617385', '0.007284563', '0.007284563', '0.007410930', '0.009087577', '0.008701650', '0.008231096', '0.017182775', '0.007410930', '0.007229180', '0.009087577', '0.018429849', '0.006815966', '0.007558834', '0.012947117', '0.016978618', '0.007558834', '0.009243220', '0.008701650', '0.008124839', '0.007129346', '0.010845306', '0.010201237', '0.008950073', '0.016987670', '0.008539391', '0.018500645', '0.009813827', '0.010758413', '0.010819471']" 
8 C_TND View2 0.116 0.166 0.525 0.072 0.189 0.003 nan 1120.0 1120.0 "['0.009885207', '0.011169042', '0.010185017', '0.009730916', '0.010989113', '0.009745917', '0.009397876', '0.009885207', '0.009200933', '0.010834787', '0.009154368', '0.010848604', '0.009435787', '0.010848604', '0.009745917', '0.009464999', '0.009711605', '0.009518436', '0.011510351', '0.011621550', '0.011237089', '0.009047789', '0.009690026', '0.010023082', '0.010843757', '0.009104987', '0.009306532', '0.010937888', '0.010719899', '0.009334818', '0.009408592', '0.008798300', '0.010873022', '0.009445725', '0.010190470', '0.009761874', '0.009719892', '0.008784297', '0.010192582', '0.010018677', '0.010152568', '0.009985665', '0.009252072', '0.011540094', '0.009330282', '0.010562090', '0.009391792', '0.010776971', '0.010462165', '0.008552788', '0.010138365', '0.009334818', '0.010880822', '0.010562090', '0.009720867', '0.010876815', '0.009708248', '0.009824562', '0.009225297', '0.009849450', '0.009479304', '0.009885207', '0.010148625', '0.010843757', '0.009092665', '0.009731526', '0.009778403', '0.009925404', '0.009925404', '0.009994897', '0.009225466', '0.009478073', '0.011169042', '0.009569395', '0.010863038', '0.009572380', '0.009847813', '0.009225297', '0.010416926', '0.010422805', '0.008565535', '0.008382014', '0.009530565', '0.009432127', '0.010081705', '0.010691793', '0.010339124', '0.010311108', '0.011387121', '0.010500840', '0.010138365', '0.010899744', '0.010878591', '0.009778403', '0.011202904', '0.008049827', '0.009574419', '0.010033408', '0.009849450', '0.011326092']" 
8 C_TND View3 0.162 0.188 0.628 0.098 0.180 0.019 nan 1120.0 1120.0 "['0.009155786', '0.009108827', '0.008569181', '0.011526734', '0.006623927', '0.011488144', '0.009746404', '0.009813249', '0.009371907', '0.014440284', '0.011515256', '0.008374546', '0.013151109', '0.009629440', '0.014440284', '0.014163286', '0.012835333', '0.011412202', '0.007462958', '0.009102757', '0.009750173', '0.004471920', '0.009594361', '0.009680239', '0.010255454', '0.014014599', '0.009582456', '0.009935951', '0.009015093', '0.007154971', '0.009319686', '0.007747123', '0.014193956', '0.009335873', '0.008918427', '0.009663502', '0.011656060', '0.008777356', '0.011656060', '0.011414191', '0.014080133', '0.010165525', '0.008226377', '0.012152823', '0.009056503', '0.008709097', '0.011515256', '0.009578799', '0.011381947', '0.009723257', '0.009191601', '0.009037192', '0.011656060', '0.011143679', '0.006845260', '0.011412202', '0.010341363', '0.008982261', '0.010352118', '0.009756292', '0.009629440', '0.009494882', '0.008599717', '0.008607889', '0.008599717', '0.011535810', '0.007747123', '0.011572600', '0.008909627', '0.013672942', '0.007472517', '0.010255454', '0.009494167', '0.009532032', '0.008376480', '0.008434658', '0.011249131', '0.009674080', '0.011249131', '0.009746404', '0.006996643', '0.007777580', '0.011412202', '0.011412202', '0.011486252', '0.007105209', '0.006948854', '0.008619386', '0.009151419', '0.008780381', '0.006987127', '0.011572600', '0.011249131', '0.008252113', '0.010168752', '0.010283368', '0.014163286', '0.009895062', '0.011013825', '0.011494106']" 
8 C_TND View4 0.099 0.188 0.565 0.075 0.225 0.009 nan 1120.0 1120.0 "['0.010811406', '0.011341523', '0.008278958', '0.010744182', '0.010517478', '0.010811406', '0.009690771', '0.011397048', '0.008960004', '0.011119477', '0.010172223', '0.008996372', '0.009568686', '0.008910009', '0.011308732', '0.008370971', '0.010786433', '0.010584340', '0.007633527', '0.010504026', '0.009988622', '0.010811406', '0.010026731', '0.011165177', '0.007958251', '0.008719305', '0.010852654', '0.009632565', '0.009111920', '0.010596620', '0.011226101', '0.009797683', '0.007809605', '0.010681733', '0.013474780', '0.007697830', '0.010477571', '0.010272805', '0.010405324', '0.010882830', '0.007697830', '0.008542996', '0.010533531', '0.009601189', '0.009805925', '0.009271190', '0.008749599', '0.013693206', '0.009094988', '0.009817639', '0.009958733', '0.009186117', '0.007777610', '0.009197112', '0.009272795', '0.009801811', '0.010188821', '0.013764401', '0.009255288', '0.011913742', '0.010174913', '0.010298720', '0.009601189', '0.010849134', '0.006841001', '0.008718880', '0.010804771', '0.008905950', '0.010128590', '0.010316155', '0.009095712', '0.007464430', '0.009709520', '0.010694251', '0.010026731', '0.009484704', '0.010282929', '0.009692342', '0.011068659', '0.012138214', '0.008922637', '0.012138214', '0.011205272', '0.007697830', '0.010296537', '0.007681145', '0.011271098', '0.008495620', '0.010730169', '0.010708776', '0.009523630', '0.011631646', '0.008519670', '0.011015035', '0.010121427', '0.011399115', '0.012008682', '0.010536199', '0.009767517', '0.010811406']" 
8 C_TND Concatenated 0.112 0.171 0.521 0.069 0.205 0.006 nan 1120.0 1120.0 "['0.008259724', '0.009880125', '0.008302853', '0.012907428', '0.010090243', '0.010416409', '0.009548687', '0.011107099', '0.011925554', '0.010293128', '0.010280076', '0.010098121', '0.010789904', '0.009522100', '0.009140836', '0.011483583', '0.009931899', '0.010496940', '0.010814830', '0.008926739', '0.010026472', '0.007755121', '0.010544859', '0.009363225', '0.010239926', '0.009382296', '0.011983636', '0.007245422', '0.009755027', '0.010627231', '0.009294423', '0.011081166', '0.010111551', '0.010782371', '0.010489812', '0.010724728', '0.011429870', '0.009923141', '0.009732462', '0.010111551', '0.008844222', '0.009356648', '0.012708899', '0.010662529', '0.008160862', '0.010093626', '0.008408585', '0.009591579', '0.010023827', '0.011304269', '0.010185324', '0.009937258', '0.010724728', '0.009086581', '0.010896151', '0.009468717', '0.010088460', '0.009923141', '0.010013118', '0.009732462', '0.008639616', '0.010239926', '0.010782108', '0.009309749', '0.009437685', '0.008700816', '0.010026472', '0.008950630', '0.011451593', '0.010013118', '0.008902387', '0.009775690', '0.010096547', '0.010014115', '0.010324609', '0.014867814', '0.010049081', '0.009443970', '0.010434584', '0.009422733', '0.009775690', '0.009621891', '0.008590990', '0.009629454', '0.010802226', '0.010404501', '0.011575367', '0.008081696', '0.010213657', '0.010026472', '0.009177275', '0.010235091', '0.010268561', '0.009140836', '0.009679681', '0.007727785', '0.010250330', '0.009923141', '0.009732462', '0.010228021']" 
8 C_TND Multiview 0.098 0.173 0.548 0.070 0.215 0.345 0.620 1120.0 1120.0 "[['0.000004091', '0.000013204', '0.000003232', '0.000002852', '0.000004443', '0.000009587', '0.000037833', '0.000036981', '0.000003238', '0.000047723', '0.000134086', '0.000002942', '0.000003805', '0.000005285', '0.000003597', '0.000016651', '0.000003133', '0.000016836', '0.000011364', '0.000032147', '0.000004534', '0.000028615', '0.000003986', '0.000008863', '0.000036943', '0.000027823', '0.000214330', '0.000035173', '0.000023200', '0.000010436', '0.000004637', '0.000006276', '0.000002479', '0.000009237', '0.000003449', '0.997880101', '0.000004784', '0.000059992', '0.000028979', '0.000004926', '0.000028947', '0.000005437', '0.000004869', '0.000026567', '0.000004870', '0.000004161', '0.000058170', '0.000006436', '0.000005269', '0.000032072', '0.000031866', '0.000006286', '0.000004224', '0.000003592', '0.000024056', '0.000026954', '0.000032317', '0.000048970', '0.000012375', '0.000032297', '0.000009443', '0.000043285', '0.000036800', '0.000006493', '0.000045385', '0.000007672', '0.000023983', '0.000005008', '0.000030690', '0.000032775', '0.000003942', '0.000005264', '0.000006180', '0.000009157', '0.000028554', '0.000012230', '0.000012493', '0.000034046', '0.000007218', '0.000003977', '0.000026940', '0.000033887', '0.000004234', '0.000004353', '0.000009905', '0.000007352', '0.000008589', '0.000014529', '0.000012235', '0.000011090', '0.000003986', '0.000040949', '0.000038365', '0.000008382', '0.000063151', '0.000009684', '0.000006615', '0.000034464', '0.000069303', '0.000035922'], ['0.010520318', '0.009094869', '0.005294639', '0.010317241', '0.012362964', '0.012433262', '0.006476171', '0.012802456', '0.004948456', '0.013165963', '0.010945987', '0.005863931', '0.013225882', '0.004123113', '0.009535971', '0.020725202', '0.009446653', '0.013531014', '0.012103816', '0.007012856', '0.007799682', '0.014777655', '0.003038075', '0.014088005', '0.005779458', '0.002043803', '0.010813969', '0.010011236', '0.012478984', '0.012036039', '0.013896998', '0.010660991', '0.011996017', '0.012423725', '0.007698273', '0.000025195', '0.012956322', '0.010506124', '0.014279029', '0.001967883', '0.007468638', '0.002261679', '0.008902869', '0.013434733', '0.007858841', '0.015738182', '0.002016513', '0.009718775', '0.012741883', '0.010794535', '0.009495169', '0.014572272', '0.009187040', '0.010607933', '0.015400199', '0.015383387', '0.013899426', '0.007764121', '0.010034625', '0.004971680', '0.004526466', '0.010489809', '0.007942559', '0.010129009', '0.014093647', '0.013301618', '0.009363944', '0.017801911', '0.010377347', '0.005463593', '0.020205300', '0.014764413', '0.010968538', '0.009450813', '0.002704975', '0.012551895', '0.005144232', '0.013824761', '0.005642419', '0.011890818', '0.007142852', '0.007431074', '0.008469076', '0.011180495', '0.013483204', '0.009776191', '0.016192073', '0.007059540', '0.014607701', '0.010067220', '0.009334749', '0.006961899', '0.009990142', '0.009011439', '0.012545363', '0.008517564', '0.011445817', '0.009717543', '0.007480813', '0.003486495'], ['0.003684462', '0.016992588', '0.010766722', '0.021408862', '0.002152903', '0.009114335', '0.006145644', '0.004159112', '0.027447302', '0.001535925', '0.004985388', '0.026681542', '0.004458883', '0.006017069', '0.002078004', '0.006823099', '0.018403374', '0.010324105', '0.005353407', '0.007173109', '0.004596448', '0.006678005', '0.031225236', '0.003503511', '0.016429773', '0.007383459', '0.011683664', '0.011988589', '0.002184655', '0.008432325', '0.001694664', '0.001569532', '0.001064004', '0.008268134', '0.017171761', '0.000025932', '0.003598337', '0.001069103', '0.004722642', '0.031215169', '0.025423653', '0.018002572', '0.012205084', '0.001579770', '0.003141929', '0.012241785', '0.024993850', '0.007173299', '0.007689362', '0.018772462', '0.001579228', '0.001914674', '0.008862217', '0.003101945', '0.002302789', '0.001667811', '0.007331252', '0.013772474', '0.021659508', '0.016292963', '0.027412409', '0.018077848', '0.020037865', '0.014702867', '0.001251074', '0.002401529', '0.001629112', '0.001800264', '0.003807075', '0.029465672', '0.003977410', '0.001880172', '0.001876069', '0.013530135', '0.020878406', '0.004836191', '0.021645295', '0.005919019', '0.026477875', '0.002455907', '0.023270551', '0.020000823', '0.009769462', '0.003613893', '0.001599757', '0.001982740', '0.001398624', '0.013113893', '0.013225264', '0.004139770', '0.000926119', '0.019126447', '0.006781101', '0.006183969', '0.008421521', '0.005780275', '0.001703004', '0.019240517', '0.004903194', '0.030837454'], ['0.014909599', '0.003711326', '0.014621142', '0.003092863', '0.012075783', '0.005535204', '0.016140029', '0.012618040', '0.002874894', '0.014912114', '0.012261941', '0.002761114', '0.012040447', '0.016783638', '0.016797669', '0.003332638', '0.005365320', '0.006455831', '0.008656013', '0.020283723', '0.015756868', '0.006458043', '0.001295462', '0.011422679', '0.011097153', '0.023877965', '0.003061736', '0.008778658', '0.012185615', '0.006869144', '0.012007659', '0.016329309', '0.021509737', '0.006696546', '0.007237018', '0.000018695', '0.012067752', '0.016035326', '0.012439634', '0.002527700', '0.002312052', '0.011280567', '0.007149477', '0.015020035', '0.016470952', '0.002195733', '0.006331002', '0.012880066', '0.009034288', '0.002262541', '0.017323673', '0.015912134', '0.011010569', '0.017534984', '0.014674484', '0.012891890', '0.004048048', '0.009858657', '0.001629601', '0.009589897', '0.003021523', '0.005236222', '0.001587680', '0.004553987', '0.013600189', '0.015798096', '0.015924364', '0.009085002', '0.014011878', '0.000912211', '0.006512769', '0.013164893', '0.015400445', '0.003329658', '0.010526799', '0.010905327', '0.005714744', '0.008542694', '0.002659767', '0.013837115', '0.001118510', '0.009111595', '0.011940314', '0.014553046', '0.013460770', '0.016099809', '0.006522423', '0.009144309', '0.004791305', '0.014356984', '0.023919782', '0.010238989', '0.013359080', '0.010499254', '0.006144131', '0.014076550', '0.016948843', '0.001187395', '0.015106677', '0.000782235']]" "['0.009391488', '0.374125510', '0.265404314', '0.351078719']"
9 Uniform View1 0.343 0.352 0.814 0.211 0.282 0.000 nan 1120.0 1120.0 "['0.010000000', '0.010000000', '0.010000000', '0.010000000', '0.010000000', '0.010000000', '0.010000000', '0.010000000', '0.010000000', '0.010000000', '0.010000000', '0.010000000', '0.010000000', '0.010000000', '0.010000000', '0.010000000', '0.010000000', '0.010000000', '0.010000000', '0.010000000', '0.010000000', '0.010000000', '0.010000000', '0.010000000', '0.010000000', '0.010000000', '0.010000000', '0.010000000', '0.010000000', '0.010000000', '0.010000000', '0.010000000', '0.010000000', '0.010000000', '0.010000000', '0.010000000', '0.010000000', '0.010000000', '0.010000000', '0.010000000', '0.010000000', '0.010000000', '0.010000000', '0.010000000', '0.010000000', '0.010000000', '0.010000000', '0.010000000', '0.010000000', '0.010000000', '0.010000000', '0.010000000', '0.010000000', '0.010000000', '0.010000000', '0.010000000', '0.010000000', '0.010000000', '0.010000000', '0.010000000', '0.010000000', '0.010000000', '0.010000000', '0.010000000', '0.010000000', '0.010000000', '0.010000000', '0.010000000', '0.010000000', '0.010000000', '0.010000000', '0.010000000', '0.010000000', '0.010000000', '0.010000000', '0.010000000', '0.010000000', '0.010000000', '0.010000000', '0.010000000', '0.010000000', '0.010000000', '0.010000000', '0.010000000', '0.010000000', '0.010000000', '0.010000000', '0.010000000', '0.010000000', '0.010000000', '0.010000000', '0.010000000', '0.010000000', '0.010000000', '0.010000000', '0.010000000', '0.010000000', '0.010000000', '0.010000000', '0.010000000']" 
9 Uniform View2 0.118 0.170 0.430 0.077 0.186 0.000 nan 1120.0 1120.0 "['0.010000000', '0.010000000', '0.010000000', '0.010000000', '0.010000000', '0.010000000', '0.010000000', '0.010000000', '0.010000000', '0.010000000', '0.010000000', '0.010000000', '0.010000000', '0.010000000', '0.010000000', '0.010000000', '0.010000000', '0.010000000', '0.010000000', '0.010000000', '0.010000000', '0.010000000', '0.010000000', '0.010000000', '0.010000000', '0.010000000', '0.010000000', '0.010000000', '0.010000000', '0.010000000', '0.010000000', '0.010000000', '0.010000000', '0.010000000', '0.010000000', '0.010000000', '0.010000000', '0.010000000', '0.010000000', '0.010000000', '0.010000000', '0.010000000', '0.010000000', '0.010000000', '0.010000000', '0.010000000', '0.010000000', '0.010000000', '0.010000000', '0.010000000', '0.010000000', '0.010000000', '0.010000000', '0.010000000', '0.010000000', '0.010000000', '0.010000000', '0.010000000', '0.010000000', '0.010000000', '0.010000000', '0.010000000', '0.010000000', '0.010000000', '0.010000000', '0.010000000', '0.010000000', '0.010000000', '0.010000000', '0.010000000', '0.010000000', '0.010000000', '0.010000000', '0.010000000', '0.010000000', '0.010000000', '0.010000000', '0.010000000', '0.010000000', '0.010000000', '0.010000000', '0.010000000', '0.010000000', '0.010000000', '0.010000000', '0.010000000', '0.010000000', '0.010000000', '0.010000000', '0.010000000', '0.010000000', '0.010000000', '0.010000000', '0.010000000', '0.010000000', '0.010000000', '0.010000000', '0.010000000', '0.010000000', '0.010000000']" 
9 Uniform View3 0.146 0.217 0.533 0.105 0.225 0.000 nan 1120.0 1120.0 "['0.010000000', '0.010000000', '0.010000000', '0.010000000', '0.010000000', '0.010000000', '0.010000000', '0.010000000', '0.010000000', '0.010000000', '0.010000000', '0.010000000', '0.010000000', '0.010000000', '0.010000000', '0.010000000', '0.010000000', '0.010000000', '0.010000000', '0.010000000', '0.010000000', '0.010000000', '0.010000000', '0.010000000', '0.010000000', '0.010000000', '0.010000000', '0.010000000', '0.010000000', '0.010000000', '0.010000000', '0.010000000', '0.010000000', '0.010000000', '0.010000000', '0.010000000', '0.010000000', '0.010000000', '0.010000000', '0.010000000', '0.010000000', '0.010000000', '0.010000000', '0.010000000', '0.010000000', '0.010000000', '0.010000000', '0.010000000', '0.010000000', '0.010000000', '0.010000000', '0.010000000', '0.010000000', '0.010000000', '0.010000000', '0.010000000', '0.010000000', '0.010000000', '0.010000000', '0.010000000', '0.010000000', '0.010000000', '0.010000000', '0.010000000', '0.010000000', '0.010000000', '0.010000000', '0.010000000', '0.010000000', '0.010000000', '0.010000000', '0.010000000', '0.010000000', '0.010000000', '0.010000000', '0.010000000', '0.010000000', '0.010000000', '0.010000000', '0.010000000', '0.010000000', '0.010000000', '0.010000000', '0.010000000', '0.010000000', '0.010000000', '0.010000000', '0.010000000', '0.010000000', '0.010000000', '0.010000000', '0.010000000', '0.010000000', '0.010000000', '0.010000000', '0.010000000', '0.010000000', '0.010000000', '0.010000000', '0.010000000']" 
9 Uniform View4 0.097 0.197 0.489 0.079 0.235 0.000 nan 1120.0 1120.0 "['0.010000000', '0.010000000', '0.010000000', '0.010000000', '0.010000000', '0.010000000', '0.010000000', '0.010000000', '0.010000000', '0.010000000', '0.010000000', '0.010000000', '0.010000000', '0.010000000', '0.010000000', '0.010000000', '0.010000000', '0.010000000', '0.010000000', '0.010000000', '0.010000000', '0.010000000', '0.010000000', '0.010000000', '0.010000000', '0.010000000', '0.010000000', '0.010000000', '0.010000000', '0.010000000', '0.010000000', '0.010000000', '0.010000000', '0.010000000', '0.010000000', '0.010000000', '0.010000000', '0.010000000', '0.010000000', '0.010000000', '0.010000000', '0.010000000', '0.010000000', '0.010000000', '0.010000000', '0.010000000', '0.010000000', '0.010000000', '0.010000000', '0.010000000', '0.010000000', '0.010000000', '0.010000000', '0.010000000', '0.010000000', '0.010000000', '0.010000000', '0.010000000', '0.010000000', '0.010000000', '0.010000000', '0.010000000', '0.010000000', '0.010000000', '0.010000000', '0.010000000', '0.010000000', '0.010000000', '0.010000000', '0.010000000', '0.010000000', '0.010000000', '0.010000000', '0.010000000', '0.010000000', '0.010000000', '0.010000000', '0.010000000', '0.010000000', '0.010000000', '0.010000000', '0.010000000', '0.010000000', '0.010000000', '0.010000000', '0.010000000', '0.010000000', '0.010000000', '0.010000000', '0.010000000', '0.010000000', '0.010000000', '0.010000000', '0.010000000', '0.010000000', '0.010000000', '0.010000000', '0.010000000', '0.010000000', '0.010000000']" 
9 Uniform Concatenated 0.115 0.175 0.441 0.074 0.200 0.000 nan 1120.0 1120.0 "['0.010000000', '0.010000000', '0.010000000', '0.010000000', '0.010000000', '0.010000000', '0.010000000', '0.010000000', '0.010000000', '0.010000000', '0.010000000', '0.010000000', '0.010000000', '0.010000000', '0.010000000', '0.010000000', '0.010000000', '0.010000000', '0.010000000', '0.010000000', '0.010000000', '0.010000000', '0.010000000', '0.010000000', '0.010000000', '0.010000000', '0.010000000', '0.010000000', '0.010000000', '0.010000000', '0.010000000', '0.010000000', '0.010000000', '0.010000000', '0.010000000', '0.010000000', '0.010000000', '0.010000000', '0.010000000', '0.010000000', '0.010000000', '0.010000000', '0.010000000', '0.010000000', '0.010000000', '0.010000000', '0.010000000', '0.010000000', '0.010000000', '0.010000000', '0.010000000', '0.010000000', '0.010000000', '0.010000000', '0.010000000', '0.010000000', '0.010000000', '0.010000000', '0.010000000', '0.010000000', '0.010000000', '0.010000000', '0.010000000', '0.010000000', '0.010000000', '0.010000000', '0.010000000', '0.010000000', '0.010000000', '0.010000000', '0.010000000', '0.010000000', '0.010000000', '0.010000000', '0.010000000', '0.010000000', '0.010000000', '0.010000000', '0.010000000', '0.010000000', '0.010000000', '0.010000000', '0.010000000', '0.010000000', '0.010000000', '0.010000000', '0.010000000', '0.010000000', '0.010000000', '0.010000000', '0.010000000', '0.010000000', '0.010000000', '0.010000000', '0.010000000', '0.010000000', '0.010000000', '0.010000000', '0.010000000', '0.010000000']" 
9 Uniform Multiview 0.129 0.233 0.566 0.093 0.281 0.000 0.000 1120.0 1120.0 "[['0.010000000', '0.010000000', '0.010000000', '0.010000000', '0.010000000', '0.010000000', '0.010000000', '0.010000000', '0.010000000', '0.010000000', '0.010000000', '0.010000000', '0.010000000', '0.010000000', '0.010000000', '0.010000000', '0.010000000', '0.010000000', '0.010000000', '0.010000000', '0.010000000', '0.010000000', '0.010000000', '0.010000000', '0.010000000', '0.010000000', '0.010000000', '0.010000000', '0.010000000', '0.010000000', '0.010000000', '0.010000000', '0.010000000', '0.010000000', '0.010000000', '0.010000000', '0.010000000', '0.010000000', '0.010000000', '0.010000000', '0.010000000', '0.010000000', '0.010000000', '0.010000000', '0.010000000', '0.010000000', '0.010000000', '0.010000000', '0.010000000', '0.010000000', '0.010000000', '0.010000000', '0.010000000', '0.010000000', '0.010000000', '0.010000000', '0.010000000', '0.010000000', '0.010000000', '0.010000000', '0.010000000', '0.010000000', '0.010000000', '0.010000000', '0.010000000', '0.010000000', '0.010000000', '0.010000000', '0.010000000', '0.010000000', '0.010000000', '0.010000000', '0.010000000', '0.010000000', '0.010000000', '0.010000000', '0.010000000', '0.010000000', '0.010000000', '0.010000000', '0.010000000', '0.010000000', '0.010000000', '0.010000000', '0.010000000', '0.010000000', '0.010000000', '0.010000000', '0.010000000', '0.010000000', '0.010000000', '0.010000000', '0.010000000', '0.010000000', '0.010000000', '0.010000000', '0.010000000', '0.010000000', '0.010000000', '0.010000000'], ['0.010000000', '0.010000000', '0.010000000', '0.010000000', '0.010000000', '0.010000000', '0.010000000', '0.010000000', '0.010000000', '0.010000000', '0.010000000', '0.010000000', '0.010000000', '0.010000000', '0.010000000', '0.010000000', '0.010000000', '0.010000000', '0.010000000', '0.010000000', '0.010000000', '0.010000000', '0.010000000', '0.010000000', '0.010000000', '0.010000000', '0.010000000', '0.010000000', '0.010000000', '0.010000000', '0.010000000', '0.010000000', '0.010000000', '0.010000000', '0.010000000', '0.010000000', '0.010000000', '0.010000000', '0.010000000', '0.010000000', '0.010000000', '0.010000000', '0.010000000', '0.010000000', '0.010000000', '0.010000000', '0.010000000', '0.010000000', '0.010000000', '0.010000000', '0.010000000', '0.010000000', '0.010000000', '0.010000000', '0.010000000', '0.010000000', '0.010000000', '0.010000000', '0.010000000', '0.010000000', '0.010000000', '0.010000000', '0.010000000', '0.010000000', '0.010000000', '0.010000000', '0.010000000', '0.010000000', '0.010000000', '0.010000000', '0.010000000', '0.010000000', '0.010000000', '0.010000000', '0.010000000', '0.010000000', '0.010000000', '0.010000000', '0.010000000', '0.010000000', '0.010000000', '0.010000000', '0.010000000', '0.010000000', '0.010000000', '0.010000000', '0.010000000', '0.010000000', '0.010000000', '0.010000000', '0.010000000', '0.010000000', '0.010000000', '0.010000000', '0.010000000', '0.010000000', '0.010000000', '0.010000000', '0.010000000', '0.010000000'], ['0.010000000', '0.010000000', '0.010000000', '0.010000000', '0.010000000', '0.010000000', '0.010000000', '0.010000000', '0.010000000', '0.010000000', '0.010000000', '0.010000000', '0.010000000', '0.010000000', '0.010000000', '0.010000000', '0.010000000', '0.010000000', '0.010000000', '0.010000000', '0.010000000', '0.010000000', '0.010000000', '0.010000000', '0.010000000', '0.010000000', '0.010000000', '0.010000000', '0.010000000', '0.010000000', '0.010000000', '0.010000000', '0.010000000', '0.010000000', '0.010000000', '0.010000000', '0.010000000', '0.010000000', '0.010000000', '0.010000000', '0.010000000', '0.010000000', '0.010000000', '0.010000000', '0.010000000', '0.010000000', '0.010000000', '0.010000000', '0.010000000', '0.010000000', '0.010000000', '0.010000000', '0.010000000', '0.010000000', '0.010000000', '0.010000000', '0.010000000', '0.010000000', '0.010000000', '0.010000000', '0.010000000', '0.010000000', '0.010000000', '0.010000000', '0.010000000', '0.010000000', '0.010000000', '0.010000000', '0.010000000', '0.010000000', '0.010000000', '0.010000000', '0.010000000', '0.010000000', '0.010000000', '0.010000000', '0.010000000', '0.010000000', '0.010000000', '0.010000000', '0.010000000', '0.010000000', '0.010000000', '0.010000000', '0.010000000', '0.010000000', '0.010000000', '0.010000000', '0.010000000', '0.010000000', '0.010000000', '0.010000000', '0.010000000', '0.010000000', '0.010000000', '0.010000000', '0.010000000', '0.010000000', '0.010000000', '0.010000000'], ['0.010000000', '0.010000000', '0.010000000', '0.010000000', '0.010000000', '0.010000000', '0.010000000', '0.010000000', '0.010000000', '0.010000000', '0.010000000', '0.010000000', '0.010000000', '0.010000000', '0.010000000', '0.010000000', '0.010000000', '0.010000000', '0.010000000', '0.010000000', '0.010000000', '0.010000000', '0.010000000', '0.010000000', '0.010000000', '0.010000000', '0.010000000', '0.010000000', '0.010000000', '0.010000000', '0.010000000', '0.010000000', '0.010000000', '0.010000000', '0.010000000', '0.010000000', '0.010000000', '0.010000000', '0.010000000', '0.010000000', '0.010000000', '0.010000000', '0.010000000', '0.010000000', '0.010000000', '0.010000000', '0.010000000', '0.010000000', '0.010000000', '0.010000000', '0.010000000', '0.010000000', '0.010000000', '0.010000000', '0.010000000', '0.010000000', '0.010000000', '0.010000000', '0.010000000', '0.010000000', '0.010000000', '0.010000000', '0.010000000', '0.010000000', '0.010000000', '0.010000000', '0.010000000', '0.010000000', '0.010000000', '0.010000000', '0.010000000', '0.010000000', '0.010000000', '0.010000000', '0.010000000', '0.010000000', '0.010000000', '0.010000000', '0.010000000', '0.010000000', '0.010000000', '0.010000000', '0.010000000', '0.010000000', '0.010000000', '0.010000000', '0.010000000', '0.010000000', '0.010000000', '0.010000000', '0.010000000', '0.010000000', '0.010000000', '0.010000000', '0.010000000', '0.010000000', '0.010000000', '0.010000000', '0.010000000', '0.010000000']]" "['0.250000000', '0.250000000', '0.250000000', '0.250000000']"
9 PBkl View1 0.308 0.315 0.743 0.184 0.261 0.631 nan 1120.0 1120.0 "['0.001423561', '0.025161855', '0.001502663', '0.017321333', '0.022813892', '0.022259556', '0.001477816', '0.001431393', '0.001270272', '0.001252797', '0.001505600', '0.022813892', '0.001328107', '0.001408267', '0.001370791', '0.023178255', '0.023178255', '0.017733198', '0.001375770', '0.001481766', '0.025204817', '0.014142218', '0.001370791', '0.004475055', '0.022813892', '0.001370791', '0.001493089', '0.001468634', '0.012769368', '0.001375770', '0.012769368', '0.019125348', '0.001989008', '0.001385044', '0.022259556', '0.007958213', '0.017321333', '0.012769368', '0.001490939', '0.019694963', '0.021556504', '0.001509499', '0.005699679', '0.019125348', '0.014142218', '0.012769368', '0.001408267', '0.020426331', '0.001477816', '0.019694963', '0.025161855', '0.025225617', '0.001487043', '0.001423561', '0.012769368', '0.001497631', '0.016405549', '0.001471110', '0.001450418', '0.012769368', '0.004475055', '0.006404703', '0.013476187', '0.001494451', '0.001438405', '0.001389363', '0.014142218', '0.020426331', '0.023003651', '0.001380517', '0.001490939', '0.016879562', '0.001320719', '0.006404703', '0.006404703', '0.020426331', '0.012769368', '0.023178255', '0.001499970', '0.018811569', '0.006404703', '0.001450418', '0.001431393', '0.001510295', '0.001411580', '0.001335148', '0.001335148', '0.014142218', '0.025161855', '0.001510682', '0.012769368', '0.001320719', '0.025139680', '0.023178255', '0.014142218', '0.001320719', '0.018811569', '0.001370791', '0.017733198', '0.019694963']" 
9 PBkl View2 0.141 0.148 0.390 0.094 0.109 1.358 nan 1120.0 1120.0 "['0.030890899', '0.000756719', '0.000755829', '0.000841678', '0.009033634', '0.000957661', '0.015736777', '0.000778396', '0.000748837', '0.001036016', '0.000812496', '0.000802475', '0.004466761', '0.015736777', '0.000921729', '0.002381035', '0.015736777', '0.000748555', '0.000744957', '0.030890899', '0.022431882', '0.000794493', '0.070338391', '0.003234470', '0.000919165', '0.007526758', '0.002050259', '0.035652082', '0.001767352', '0.000750968', '0.000768959', '0.035652082', '0.000751902', '0.022431882', '0.002381035', '0.000758795', '0.000841678', '0.000771620', '0.000802475', '0.002381035', '0.000768959', '0.003234470', '0.000919165', '0.002770715', '0.070338391', '0.040668499', '0.002770715', '0.001322214', '0.000921729', '0.000889309', '0.000747580', '0.000752994', '0.000940630', '0.000755829', '0.002381035', '0.001322214', '0.035652082', '0.000802475', '0.000788046', '0.005289179', '0.000755829', '0.000921729', '0.000957661', '0.030890899', '0.001158190', '0.000782770', '0.000746457', '0.000919165', '0.000919165', '0.070338391', '0.000771620', '0.002381035', '0.030890899', '0.000756719', '0.045825027', '0.013087625', '0.002050259', '0.000762921', '0.000802475', '0.035652082', '0.015736777', '0.002381035', '0.000921729', '0.067385465', '0.000747368', '0.067385465', '0.003234470', '0.000957661', '0.000812496', '0.002381035', '0.000889309', '0.001036016', '0.000862814', '0.000746795', '0.045825027', '0.000747580', '0.000751902', '0.000746622', '0.000825258', '0.022431882']" 
9 PBkl View3 0.154 0.199 0.495 0.111 0.175 0.253 nan 1120.0 1120.0 "['0.016523840', '0.003541066', '0.016785961', '0.003273386', '0.015550595', '0.003304387', '0.003527709', '0.003524456', '0.003236275', '0.016291954', '0.003528450', '0.003548916', '0.016419351', '0.003478455', '0.016728323', '0.003526143', '0.013422351', '0.003236275', '0.016894219', '0.006699980', '0.003528450', '0.003521664', '0.003535656', '0.014737417', '0.016337419', '0.003517354', '0.016611079', '0.016728323', '0.016611079', '0.003507602', '0.016337419', '0.003493376', '0.003236275', '0.003526143', '0.003169535', '0.004922139', '0.016243044', '0.016337419', '0.016907318', '0.003169535', '0.010163028', '0.003518501', '0.015930006', '0.016419351', '0.003528450', '0.003525314', '0.010163028', '0.003530525', '0.016419351', '0.003507602', '0.016583664', '0.015660819', '0.003236275', '0.003429123', '0.012889868', '0.003529167', '0.016866436', '0.003529167', '0.016337419', '0.013422351', '0.003528450', '0.016919928', '0.003507602', '0.016337419', '0.016071253', '0.003505901', '0.003488034', '0.003528450', '0.016866436', '0.003521664', '0.016685016', '0.016866436', '0.016707208', '0.016291954', '0.003510740', '0.010163028', '0.004922139', '0.015660819', '0.016866436', '0.003541066', '0.016491164', '0.004922139', '0.016379777', '0.016851673', '0.016491164', '0.016866436', '0.016523840', '0.015129257', '0.016337419', '0.016379777', '0.016337419', '0.004922139', '0.016611079', '0.003509212', '0.003169535', '0.003534102', '0.003495795', '0.016785961', '0.003429123', '0.016133215']" 
9 PBkl View4 0.151 0.171 0.443 0.112 0.118 1.592 nan 1120.0 1120.0 "['0.002098071', '0.001053817', '0.000991140', '0.003266201', '0.063986190', '0.000980561', '0.000830567', '0.001840733', '0.001204156', '0.000830567', '0.018321237', '0.000815389', '0.063986190', '0.026158541', '0.000980561', '0.001106897', '0.000774503', '0.000921422', '0.000774503', '0.001631061', '0.000759575', '0.063986190', '0.000764832', '0.113696575', '0.007537869', '0.000763230', '0.001053817', '0.000991140', '0.021915961', '0.113696575', '0.000795135', '0.002413242', '0.010709427', '0.000815389', '0.002413242', '0.001840733', '0.000921422', '0.000764832', '0.003266201', '0.000778188', '0.000980561', '0.000754823', '0.021915961', '0.002413242', '0.006341422', '0.000774503', '0.000778188', '0.000830567', '0.000788209', '0.000754823', '0.015307296', '0.000980561', '0.000795135', '0.000880087', '0.000753311', '0.021915961', '0.000757078', '0.000980561', '0.000757813', '0.000991140', '0.063986190', '0.002413242', '0.000771440', '0.000788209', '0.003266201', '0.000774503', '0.001204156', '0.002413242', '0.000851220', '0.001204156', '0.001053817', '0.000815389', '0.000752484', '0.000749862', '0.000851220', '0.000752036', '0.000815389', '0.026158541', '0.000778188', '0.001204156', '0.000921422', '0.000980561', '0.000980561', '0.003266201', '0.000830567', '0.002413242', '0.113696575', '0.000815389', '0.001840733', '0.000763230', '0.000771440', '0.000752736', '0.000764832', '0.110925324', '0.000851220', '0.018321237', '0.001204156', '0.000760635', '0.000815389', '0.003833783']" 
9 PBkl Concatenated 0.140 0.149 0.393 0.090 0.118 1.260 nan 1120.0 1120.0 "['0.000905864', '0.033556223', '0.000902120', '0.001399003', '0.000902578', '0.000901965', '0.000950124', '0.002369080', '0.004220807', '0.047855560', '0.000903257', '0.000920844', '0.000901947', '0.000904226', '0.047855560', '0.003659050', '0.000903643', '0.006431753', '0.014570740', '0.012756606', '0.000902120', '0.000903068', '0.021356642', '0.001027581', '0.000950124', '0.001027581', '0.000993542', '0.000902706', '0.001027581', '0.000909539', '0.000927697', '0.000920844', '0.000993542', '0.000908161', '0.014570740', '0.065029703', '0.000907206', '0.002052742', '0.000909285', '0.065029703', '0.000902706', '0.001570638', '0.001111690', '0.018863922', '0.004862234', '0.047855560', '0.001111690', '0.065029703', '0.065029703', '0.000993542', '0.001787501', '0.000902276', '0.001787501', '0.001268634', '0.000906512', '0.000927697', '0.000903068', '0.016603466', '0.000905693', '0.000920844', '0.001787501', '0.001570638', '0.000920844', '0.000902884', '0.001074051', '0.001787501', '0.001570638', '0.000906031', '0.001111690', '0.001399003', '0.001074051', '0.014570740', '0.000968287', '0.018863922', '0.000920844', '0.037072785', '0.004862234', '0.037072785', '0.000901947', '0.000968287', '0.009728695', '0.003167663', '0.000902120', '0.007388479', '0.040685296', '0.062698558', '0.000903019', '0.003659050', '0.000903643', '0.000903019', '0.007388479', '0.002739447', '0.047855560', '0.001067778', '0.000903640', '0.024081010', '0.040685296', '0.006431753', '0.000903449', '0.006431753']" 
9 PBkl Multiview 0.137 0.153 0.410 0.086 0.143 1.590 1.032 1120.0 1120.0 "[['0.001481642', '0.036547292', '0.001589558', '0.013922367', '0.026250148', '0.024427524', '0.001556492', '0.001492711', '0.001226184', '0.001099947', '0.001593426', '0.026250148', '0.001335794', '0.001459735', '0.001404046', '0.027555253', '0.027555253', '0.014528620', '0.001411639', '0.001561792', '0.036784451', '0.010170965', '0.001404046', '0.003179642', '0.026250148', '0.001404046', '0.001576893', '0.001544097', '0.008917515', '0.001411639', '0.008917515', '0.016861025', '0.001496987', '0.001425602', '0.024427524', '0.005426200', '0.013922367', '0.008917515', '0.001574037', '0.017964100', '0.022364594', '0.001598545', '0.003981608', '0.016861025', '0.010170965', '0.008917515', '0.001459735', '0.019533539', '0.001556492', '0.017964100', '0.036547292', '0.036899980', '0.001568847', '0.001481642', '0.008917515', '0.001582915', '0.012688143', '0.001547451', '0.001519199', '0.008917515', '0.003179642', '0.004433091', '0.009541938', '0.001578700', '0.001502534', '0.001432039', '0.010170965', '0.019533539', '0.026918679', '0.001418811', '0.001574037', '0.013308517', '0.001323241', '0.004433091', '0.004433091', '0.019533539', '0.008917515', '0.027555253', '0.001586004', '0.016293056', '0.004433091', '0.001519199', '0.001492711', '0.001599586', '0.001464518', '0.001347522', '0.001347522', '0.010170965', '0.036547292', '0.001600095', '0.008917515', '0.001323241', '0.036425639', '0.027555253', '0.010170965', '0.001323241', '0.016293056', '0.001404046', '0.014528620', '0.017964100'], ['0.000946504', '0.000701150', '0.000602810', '0.000514922', '0.001914019', '0.000782985', '0.000701150', '0.000814224', '0.000778162', '0.001268949', '0.000655013', '0.000778162', '0.000560643', '0.043083910', '0.000532943', '0.000868010', '0.028186338', '0.000511963', '0.000602810', '0.000542519', '0.004225201', '0.000814224', '0.085021175', '0.017514745', '0.000516718', '0.001149104', '0.000520345', '0.000946504', '0.000638244', '0.000701150', '0.000811150', '0.000624372', '0.001914019', '0.000782985', '0.001550463', '0.022264373', '0.017514745', '0.000778162', '0.001149104', '0.003619493', '0.000547530', '0.000536354', '0.000528628', '0.000525062', '0.000778162', '0.085021175', '0.000574542', '0.001041272', '0.000524010', '0.000782985', '0.001041272', '0.000580316', '0.000556888', '0.013823563', '0.013823563', '0.000564792', '0.028186338', '0.000586841', '0.000550373', '0.000602810', '0.000586841', '0.060775556', '0.000547530', '0.001041272', '0.007218461', '0.035216849', '0.000521187', '0.004225201', '0.035216849', '0.000602810', '0.000547530', '0.028186338', '0.000701150', '0.022264373', '0.000638244', '0.000655013', '0.043083910', '0.043083910', '0.002142034', '0.001719272', '0.000701150', '0.043083910', '0.000512406', '0.001149104', '0.000638244', '0.043083910', '0.000771763', '0.000638244', '0.000811150', '0.000624372', '0.011001357', '0.028186338', '0.000538254', '0.081548885', '0.000519545', '0.081548885', '0.001149104', '0.013823563', '0.000528628', '0.000586841'], ['0.019542439', '0.033246554', '0.000655696', '0.000639603', '0.000676361', '0.000647411', '0.000681447', '0.000670758', '0.000682729', '0.000639603', '0.000640481', '0.000680886', '0.028361160', '0.008955283', '0.010168837', '0.010168837', '0.000653115', '0.003145219', '0.000648648', '0.000639603', '0.000639461', '0.000642991', '0.004620508', '0.000645916', '0.034757923', '0.006027683', '0.038905960', '0.034757923', '0.000671362', '0.000656911', '0.002782991', '0.000665806', '0.016107146', '0.044571180', '0.000690609', '0.001159895', '0.008955283', '0.010168837', '0.034757923', '0.000668801', '0.000677177', '0.005274996', '0.010168837', '0.000671362', '0.007861909', '0.024877360', '0.028361160', '0.000644432', '0.007861909', '0.000694538', '0.000816281', '0.000760695', '0.012941111', '0.019542439', '0.007861909', '0.010168837', '0.008955283', '0.000670758', '0.038905960', '0.044571180', '0.000648890', '0.000676776', '0.000660265', '0.008955283', '0.034757923', '0.012941111', '0.008955283', '0.000675036', '0.007861909', '0.000816281', '0.008955283', '0.034757923', '0.034757923', '0.040159605', '0.000677942', '0.002470478', '0.000642991', '0.001421292', '0.012941111', '0.000639603', '0.003145219', '0.000684481', '0.000682729', '0.008955283', '0.000673048', '0.010168837', '0.000666601', '0.044571180', '0.000681447', '0.028361160', '0.000718160', '0.000683861', '0.000679670', '0.038905960', '0.000642991', '0.033246554', '0.012941111', '0.000640481', '0.000642991', '0.000647411'], ['0.000779164', '0.000854249', '0.001301139', '0.001301139', '0.001301139', '0.077271335', '0.000831133', '0.000787614', '0.003193830', '0.000854249', '0.003193830', '0.000779463', '0.000831133', '0.000779754', '0.077271335', '0.001301139', '0.000817241', '0.007988914', '0.018659016', '0.033237677', '0.000779164', '0.002734933', '0.002041173', '0.000792734', '0.002358157', '0.000782749', '0.000854249', '0.001766443', '0.000801784', '0.003193830', '0.001107657', '0.000801784', '0.015098254', '0.000782093', '0.004476623', '0.000783569', '0.004476623', '0.000782093', '0.000801784', '0.000831133', '0.000785919', '0.004476623', '0.062630460', '0.000783569', '0.000779142', '0.000780492', '0.077271335', '0.000854249', '0.015098254', '0.000779226', '0.000831133', '0.000854249', '0.009844421', '0.027792988', '0.027792988', '0.000792734', '0.000779639', '0.000796609', '0.002041173', '0.000779201', '0.000796609', '0.033237677', '0.001521638', '0.095737241', '0.101075105', '0.000781564', '0.000854249', '0.003193830', '0.000779180', '0.000784603', '0.000826819', '0.000779250', '0.001301139', '0.000792734', '0.018659016', '0.000779890', '0.000779639', '0.000779754', '0.000785919', '0.000781564', '0.000826819', '0.000796609', '0.001301139', '0.004476623', '0.001301139', '0.001301139', '0.000779180', '0.000780056', '0.000779138', '0.000826819', '0.099492967', '0.015098254', '0.000781564', '0.005379770', '0.001107657', '0.077271335', '0.002734933', '0.000826819', '0.002358157', '0.000826819']]" "['0.013284720', '0.824530780', '0.052107137', '0.110077433']"
9 PBkl_inv View1 0.268 0.280 0.677 0.163 0.235 1.602 nan 1120.0 1120.0 "['0.000565009', '0.099930346', '0.000614581', '0.003257102', '0.023408642', '0.016454278', '0.000597545', '0.000569350', '0.000498241', '0.000485934', '0.000616695', '0.023408642', '0.000520022', '0.000556848', '0.000538478', '0.030265162', '0.030265162', '0.003515706', '0.000540794', '0.000600156', '0.100786790', '0.002085418', '0.000538478', '0.000893056', '0.023408642', '0.000538478', '0.000607840', '0.000591608', '0.001808493', '0.000540794', '0.001808493', '0.004791080', '0.000615329', '0.000545206', '0.016454278', '0.001208844', '0.003257102', '0.001808493', '0.000606358', '0.005601726', '0.011299647', '0.000619533', '0.001004199', '0.004791080', '0.002085418', '0.001808493', '0.000556848', '0.007086698', '0.000597545', '0.005601726', '0.099930346', '0.101184592', '0.000603700', '0.000565009', '0.001808493', '0.000611011', '0.002799935', '0.000593191', '0.000580377', '0.001808493', '0.000893056', '0.001066896', '0.001941150', '0.000608786', '0.000573332', '0.000547306', '0.002085418', '0.007086698', '0.026704188', '0.000543036', '0.000606358', '0.003019034', '0.000517071', '0.001066896', '0.001066896', '0.007086698', '0.001808493', '0.030265162', '0.000612662', '0.004432229', '0.001066896', '0.000580377', '0.000569350', '0.000620117', '0.000558581', '0.000522905', '0.000522905', '0.002085418', '0.099930346', '0.000620403', '0.001808493', '0.000517071', '0.099468440', '0.030265162', '0.002085418', '0.000517071', '0.004432229', '0.000538478', '0.003515706', '0.005601726']" 
9 PBkl_inv View2 0.141 0.147 0.390 0.095 0.105 1.515 nan 1120.0 1120.0 "['0.030508781', '0.000596819', '0.000596041', '0.000679917', '0.007727569', '0.000857188', '0.014214796', '0.000616513', '0.000590076', '0.000928263', '0.000649458', '0.000639522', '0.003637851', '0.014214796', '0.000808461', '0.001909327', '0.014214796', '0.000589843', '0.000586961', '0.030508781', '0.021179954', '0.000631772', '0.075709499', '0.002597364', '0.000783182', '0.006345173', '0.001655791', '0.035936791', '0.001447471', '0.000591858', '0.000607799', '0.035936791', '0.000592651', '0.021179954', '0.001909327', '0.000598650', '0.000679917', '0.000610237', '0.000639522', '0.001909327', '0.000607799', '0.002597364', '0.000783182', '0.002218655', '0.075709499', '0.041767973', '0.002218655', '0.001135399', '0.000808461', '0.000737514', '0.000589045', '0.000593585', '0.000826123', '0.000596041', '0.001909327', '0.001135399', '0.035936791', '0.000639522', '0.000625602', '0.004350767', '0.000596041', '0.000808461', '0.000857188', '0.030508781', '0.001020526', '0.000620611', '0.000588141', '0.000783182', '0.000783182', '0.075709499', '0.000610237', '0.001909327', '0.030508781', '0.000596819', '0.047891807', '0.011588015', '0.001655791', '0.000602326', '0.000639522', '0.035936791', '0.014214796', '0.001909327', '0.000808461', '0.072691172', '0.000588873', '0.072691172', '0.002597364', '0.000857188', '0.000649458', '0.001909327', '0.000737514', '0.000928263', '0.000703926', '0.000588411', '0.047891807', '0.000589045', '0.000592651', '0.000588272', '0.000662468', '0.021179954']" 
9 PBkl_inv View3 0.163 0.180 0.463 0.126 0.108 1.481 nan 1120.0 1120.0 "['0.013794906', '0.000498917', '0.041815754', '0.000489919', '0.002006004', '0.000486679', '0.000493953', '0.000492905', '0.000494350', '0.006372456', '0.000494201', '0.000502389', '0.009392769', '0.000483238', '0.032928184', '0.000493442', '0.000926265', '0.000494350', '0.057778839', '0.000622761', '0.000494201', '0.000492052', '0.000496772', '0.001267686', '0.007247272', '0.000490814', '0.019797944', '0.032928184', '0.019797944', '0.000488343', '0.007247272', '0.000485468', '0.000494350', '0.000493442', '0.000519449', '0.000588158', '0.005611004', '0.007247272', '0.059329219', '0.000519449', '0.000704181', '0.000491134', '0.003073486', '0.009392769', '0.000494201', '0.000493177', '0.000704181', '0.000494909', '0.009392769', '0.000488343', '0.017618250', '0.002220621', '0.000494350', '0.000480046', '0.000861896', '0.000494442', '0.054189667', '0.000494442', '0.007247272', '0.000926265', '0.000494201', '0.060738735', '0.000488343', '0.007247272', '0.003878589', '0.000487957', '0.000484585', '0.000494201', '0.054189667', '0.000492052', '0.027290165', '0.054189667', '0.030056186', '0.006372456', '0.000489091', '0.000704181', '0.000588158', '0.002220621', '0.054189667', '0.000498917', '0.012155011', '0.000588158', '0.008249393', '0.052117407', '0.012155011', '0.054189667', '0.013794906', '0.001508641', '0.007247272', '0.008249393', '0.007247272', '0.000588158', '0.019797944', '0.000488721', '0.000519449', '0.000496191', '0.000485901', '0.041815754', '0.000480046', '0.004375933']" 
9 PBkl_inv View4 0.151 0.171 0.443 0.113 0.116 1.693 nan 1120.0 1120.0 "['0.002044398', '0.000792397', '0.000809008', '0.003238301', '0.066119693', '0.000759890', '0.000700973', '0.001771107', '0.001059268', '0.000700973', '0.019334480', '0.000695886', '0.066119693', '0.027853927', '0.000759890', '0.000950495', '0.000685387', '0.000735540', '0.000685387', '0.001542696', '0.000684985', '0.066119693', '0.000684616', '0.111133106', '0.007615639', '0.000684648', '0.000792397', '0.000809008', '0.023262857', '0.111133106', '0.000689841', '0.002371846', '0.011006134', '0.000695886', '0.002371846', '0.001771107', '0.000735540', '0.000684616', '0.003238301', '0.000685977', '0.000759890', '0.000686317', '0.023262857', '0.002371846', '0.006366064', '0.000685387', '0.000685977', '0.000700973', '0.000688079', '0.000686317', '0.016027462', '0.000759890', '0.000689841', '0.000719242', '0.000687117', '0.023262857', '0.000685512', '0.000759890', '0.000685327', '0.000809008', '0.066119693', '0.002371846', '0.000685003', '0.000688079', '0.003238301', '0.000685387', '0.001059268', '0.002371846', '0.000708354', '0.001059268', '0.000792397', '0.000695886', '0.000687688', '0.000690739', '0.000708354', '0.000688049', '0.000695886', '0.027853927', '0.000685977', '0.001059268', '0.000735540', '0.000759890', '0.000759890', '0.003238301', '0.000700973', '0.002371846', '0.111133106', '0.000695886', '0.001771107', '0.000684648', '0.000685003', '0.000687501', '0.000684616', '0.108743615', '0.000708354', '0.019334480', '0.001059268', '0.000684840', '0.000695886', '0.003809693']" 
9 PBkl_inv Concatenated 0.141 0.147 0.391 0.093 0.108 1.627 nan 1120.0 1120.0 "['0.000568795', '0.033507582', '0.000565882', '0.000941240', '0.000565786', '0.000565698', '0.000590926', '0.001471346', '0.002496426', '0.053501226', '0.000566835', '0.000575318', '0.000565639', '0.000567572', '0.053501226', '0.002171118', '0.000567135', '0.003908471', '0.010703567', '0.008987677', '0.000565882', '0.000566687', '0.018015245', '0.000633533', '0.000590926', '0.000633533', '0.000614434', '0.000566396', '0.000633533', '0.000571504', '0.000578968', '0.000575318', '0.000614434', '0.000570491', '0.010703567', '0.076240629', '0.000568086', '0.001305353', '0.000569178', '0.076240629', '0.000566396', '0.001043670', '0.000722978', '0.015178132', '0.002884715', '0.053501226', '0.000722978', '0.076240629', '0.076240629', '0.000614434', '0.001164054', '0.000565671', '0.001164054', '0.000854540', '0.000569275', '0.000578968', '0.000566687', '0.012752623', '0.000568669', '0.000575318', '0.001164054', '0.001043670', '0.000575318', '0.000566540', '0.000680818', '0.001164054', '0.001043670', '0.000568919', '0.000722978', '0.000941240', '0.000680818', '0.010703567', '0.000600676', '0.015178132', '0.000575318', '0.038229458', '0.002884715', '0.038229458', '0.000565639', '0.000600676', '0.006374515', '0.001897601', '0.000565882', '0.004581422', '0.043183431', '0.073660366', '0.000565981', '0.002171118', '0.000567135', '0.000565981', '0.004581422', '0.001666789', '0.053501226', '0.000657006', '0.000566274', '0.021283306', '0.043183431', '0.003908471', '0.000566984', '0.003908471']" 
9 PBkl_inv Multiview 0.138 0.151 0.407 0.089 0.132 1.693 1.211 1120.0 1120.0 "[['0.001249492', '0.040341798', '0.001354613', '0.013078226', '0.027983658', '0.025746277', '0.001321881', '0.001260046', '0.001020974', '0.000922241', '0.001358471', '0.027983658', '0.001115367', '0.001228749', '0.001176969', '0.029581223', '0.029581223', '0.013778638', '0.001183947', '0.001327099', '0.040617708', '0.008922887', '0.001176969', '0.002527206', '0.027983658', '0.001176969', '0.001342024', '0.001309729', '0.007622654', '0.001183947', '0.007622654', '0.016526332', '0.001301759', '0.001196855', '0.025746277', '0.004327803', '0.013078226', '0.007622654', '0.001339193', '0.017849112', '0.023211591', '0.001363588', '0.003138094', '0.016526332', '0.008922887', '0.007622654', '0.001228749', '0.019749446', '0.001321881', '0.017849112', '0.040341798', '0.040751986', '0.001334060', '0.001249492', '0.007622654', '0.001348001', '0.011674231', '0.001313012', '0.001285525', '0.007622654', '0.002527206', '0.003497627', '0.008263806', '0.001343817', '0.001269461', '0.001202831', '0.008922887', '0.019749446', '0.028802633', '0.001190569', '0.001339193', '0.012376028', '0.001104264', '0.003497627', '0.003497627', '0.019749446', '0.007622654', '0.029581223', '0.001351073', '0.015850492', '0.003497627', '0.001285525', '0.001260046', '0.001364632', '0.001233259', '0.001125804', '0.001125804', '0.008922887', '0.040341798', '0.001365140', '0.007622654', '0.001104264', '0.040200114', '0.029581223', '0.008922887', '0.001104264', '0.015850492', '0.001176969', '0.013778638', '0.017849112'], ['0.000852808', '0.000646117', '0.000532478', '0.000436833', '0.001707432', '0.000734010', '0.000646117', '0.000773186', '0.000722543', '0.001104611', '0.000592970', '0.000722543', '0.000485016', '0.043724462', '0.000455461', '0.000797702', '0.026890101', '0.000433789', '0.000532478', '0.000465524', '0.003923691', '0.000773186', '0.088660963', '0.016154118', '0.000438674', '0.001005441', '0.000442409', '0.000852808', '0.000573514', '0.000646117', '0.000757212', '0.000557411', '0.001707432', '0.000734010', '0.001358226', '0.020792592', '0.016154118', '0.000722543', '0.001005441', '0.003354024', '0.000470851', '0.000459028', '0.000450971', '0.000447278', '0.000722543', '0.088660963', '0.000500367', '0.000921904', '0.000446190', '0.000734010', '0.000921904', '0.000506843', '0.000480929', '0.012686152', '0.012686152', '0.000489565', '0.026890101', '0.000514219', '0.000473895', '0.000532478', '0.000514219', '0.065938652', '0.000470851', '0.000921904', '0.006669347', '0.034583271', '0.000443277', '0.003923691', '0.034583271', '0.000532478', '0.000470851', '0.026890101', '0.000646117', '0.020792592', '0.000573514', '0.000592970', '0.043724462', '0.043724462', '0.001930095', '0.001518757', '0.000646117', '0.043724462', '0.000434245', '0.001005441', '0.000573514', '0.043724462', '0.000726380', '0.000573514', '0.000757212', '0.000557411', '0.010097382', '0.026890101', '0.000461024', '0.085709572', '0.000441583', '0.085709572', '0.001005441', '0.012686152', '0.000450971', '0.000514219'], ['0.020511622', '0.033713911', '0.000562443', '0.000548143', '0.000582485', '0.000554808', '0.000587609', '0.000576924', '0.000588912', '0.000548143', '0.000548786', '0.000587041', '0.029233577', '0.008970018', '0.010324668', '0.010324668', '0.000560034', '0.002805710', '0.000562450', '0.000548143', '0.000548637', '0.000550887', '0.004271058', '0.000553466', '0.035056718', '0.005752820', '0.038648639', '0.035056718', '0.000577520', '0.000563585', '0.002465166', '0.000572083', '0.016873050', '0.043370023', '0.000597019', '0.001069454', '0.008970018', '0.010324668', '0.035056718', '0.000575003', '0.000583301', '0.004952269', '0.010324668', '0.000577520', '0.007755754', '0.025892453', '0.029233577', '0.000552146', '0.007755754', '0.000601124', '0.000773364', '0.000715770', '0.013411622', '0.020511622', '0.007755754', '0.010324668', '0.008970018', '0.000576924', '0.038648639', '0.043370023', '0.000556151', '0.000582899', '0.000566761', '0.008970018', '0.035056718', '0.013411622', '0.008970018', '0.000581161', '0.007755754', '0.000773364', '0.008970018', '0.035056718', '0.035056718', '0.039710369', '0.000584071', '0.002178978', '0.000550887', '0.001280338', '0.013411622', '0.000548143', '0.002805710', '0.000590699', '0.000588912', '0.008970018', '0.000579186', '0.010324668', '0.000572856', '0.043370023', '0.000587609', '0.029233577', '0.000668639', '0.000590067', '0.000585811', '0.038648639', '0.000550887', '0.033713911', '0.013411622', '0.000548786', '0.000550887', '0.000554808'], ['0.000681376', '0.000831422', '0.001201781', '0.001201781', '0.001201781', '0.077854127', '0.000781515', '0.000683469', '0.003097988', '0.000831422', '0.003097988', '0.000680258', '0.000781515', '0.000679851', '0.077854127', '0.001201781', '0.000729603', '0.008136315', '0.019193502', '0.034226321', '0.000681376', '0.002606762', '0.001879465', '0.000688684', '0.002206982', '0.000679951', '0.000831422', '0.001609666', '0.000700480', '0.003097988', '0.001049582', '0.000700480', '0.015505237', '0.000679675', '0.004463710', '0.000680387', '0.004463710', '0.000679675', '0.000700480', '0.000781515', '0.000682032', '0.004463710', '0.063763104', '0.000680387', '0.000681632', '0.000679458', '0.077854127', '0.000831422', '0.015505237', '0.000680971', '0.000781515', '0.000831422', '0.010061597', '0.028631525', '0.028631525', '0.000688684', '0.000679983', '0.000693347', '0.001879465', '0.000681109', '0.000693347', '0.034226321', '0.001386511', '0.095064498', '0.100015163', '0.000679513', '0.000831422', '0.003097988', '0.000681244', '0.000681054', '0.000757464', '0.000683647', '0.001201781', '0.000688684', '0.019193502', '0.000679728', '0.000679983', '0.000679851', '0.000682032', '0.000679513', '0.000757464', '0.000693347', '0.001201781', '0.004463710', '0.001201781', '0.001201781', '0.000681244', '0.000679618', '0.000682433', '0.000757464', '0.098546728', '0.015505237', '0.000679513', '0.005414949', '0.001049582', '0.077854127', '0.002606762', '0.000757464', '0.002206982', '0.000757464']]" "['0.010549486', '0.864155769', '0.039250277', '0.086044408']"
9 TND_DIS View1 0.325 0.347 0.813 0.187 0.321 0.024 nan 1120.0 11201.0 "['0.008971150', '0.016259193', '0.007911885', '0.009767139', '0.009240054', '0.009079410', '0.008335873', '0.008711831', '0.014536819', '0.013742349', '0.007756670', '0.009240054', '0.014186086', '0.008694910', '0.008845089', '0.009309277', '0.009424873', '0.015503730', '0.008846920', '0.008384456', '0.015900014', '0.008669447', '0.008845089', '0.008505990', '0.009240054', '0.008845089', '0.007968664', '0.013826991', '0.008622086', '0.008846920', '0.009897940', '0.009861403', '0.009910254', '0.008366142', '0.009079410', '0.008976381', '0.009755462', '0.009897940', '0.008196691', '0.008897533', '0.008955622', '0.007651862', '0.008688812', '0.009861403', '0.008669447', '0.009897940', '0.008694910', '0.010025119', '0.008335873', '0.008897533', '0.016259193', '0.015429856', '0.013179928', '0.008971150', '0.008622086', '0.007805920', '0.008728097', '0.008513479', '0.008697393', '0.010035498', '0.008505990', '0.008580111', '0.008630793', '0.008041279', '0.014537803', '0.008762008', '0.008669447', '0.010025119', '0.009241690', '0.008359693', '0.008225424', '0.015493828', '0.009254929', '0.008580111', '0.008580111', '0.010025119', '0.009897940', '0.009309277', '0.007961409', '0.012964179', '0.008580111', '0.008697393', '0.008711831', '0.007921924', '0.008226925', '0.014903270', '0.014903270', '0.009672291', '0.016259193', '0.007800702', '0.009897940', '0.009254929', '0.016297216', '0.009309277', '0.008669447', '0.009254929', '0.012863764', '0.008845089', '0.012680333', '0.008825491']" 
9 TND_DIS View2 0.119 0.169 0.434 0.077 0.193 0.001 nan 1120.0 11201.0 "['0.010565751', '0.009558635', '0.009513583', '0.009729822', '0.010351241', '0.009955632', '0.010448447', '0.009753828', '0.009208125', '0.010151404', '0.009622183', '0.009624495', '0.010290418', '0.010623460', '0.009929897', '0.010267545', '0.010444431', '0.009232700', '0.008581599', '0.010565751', '0.010497340', '0.009730561', '0.010867630', '0.010282378', '0.009800213', '0.010244545', '0.010241926', '0.010594993', '0.010116589', '0.009338272', '0.009760692', '0.010594993', '0.009357307', '0.010687377', '0.010267545', '0.009530379', '0.009725491', '0.009498860', '0.009823102', '0.010267545', '0.009707325', '0.010282378', '0.009800213', '0.010296240', '0.010924738', '0.010790782', '0.010296240', '0.010188518', '0.010123570', '0.009955764', '0.008916979', '0.009338380', '0.009947087', '0.009362640', '0.010267545', '0.010271505', '0.010549443', '0.009608459', '0.009712050', '0.010422826', '0.009491064', '0.010054320', '0.010204059', '0.010517617', '0.010158353', '0.009681909', '0.008956301', '0.009817106', '0.009800213', '0.010867630', '0.009452795', '0.010267545', '0.010565751', '0.009558635', '0.010793883', '0.010501949', '0.010266029', '0.009655929', '0.009624495', '0.010594993', '0.010402122', '0.010309207', '0.010096087', '0.010918668', '0.008937978', '0.010918668', '0.010282378', '0.010192816', '0.009669242', '0.010309207', '0.010081072', '0.010137486', '0.009767402', '0.008879393', '0.010598257', '0.008918592', '0.009364582', '0.008600671', '0.009790257', '0.010585983']" 
9 TND_DIS View3 0.138 0.217 0.533 0.103 0.230 0.010 nan 1120.0 11201.0 "['0.008992049', '0.006537794', '0.011553368', '0.010749818', '0.009500703', '0.010876706', '0.009422992', '0.010895443', '0.011514458', '0.010610693', '0.010112633', '0.008639133', '0.008295959', '0.012236916', '0.010224607', '0.010671538', '0.010520724', '0.010476580', '0.011290736', '0.007270167', '0.010112633', '0.006974217', '0.008752954', '0.007408334', '0.008243442', '0.010146082', '0.012332654', '0.011934692', '0.012136098', '0.011607647', '0.008133896', '0.008264080', '0.010596974', '0.007494648', '0.010580201', '0.010431168', '0.010517999', '0.008141921', '0.011000636', '0.010752588', '0.010366192', '0.008401331', '0.009771792', '0.008295959', '0.010208935', '0.010707339', '0.010185787', '0.009533955', '0.008295959', '0.010322414', '0.009195846', '0.007821907', '0.010596974', '0.012032846', '0.009934435', '0.010594036', '0.010055568', '0.010740190', '0.008118766', '0.010301943', '0.010112633', '0.011188445', '0.011603709', '0.008587631', '0.007809565', '0.012556071', '0.012086960', '0.010288338', '0.010055568', '0.009539056', '0.010210843', '0.010055568', '0.010200068', '0.008023358', '0.011448308', '0.008262349', '0.010305361', '0.009706566', '0.010055568', '0.009352863', '0.011390252', '0.010305361', '0.008338600', '0.010115097', '0.011892470', '0.010055568', '0.010432949', '0.009456371', '0.010691545', '0.008272866', '0.008587631', '0.010431168', '0.012263499', '0.010548043', '0.010648299', '0.009634419', '0.009416714', '0.011322302', '0.012699589', '0.010610446']" 
9 TND_DIS View4 0.095 0.196 0.479 0.079 0.231 0.005 nan 1120.0 11201.0 "['0.010495313', '0.009616401', '0.009530107', '0.010771071', '0.010924469', '0.009851216', '0.009629993', '0.010168185', '0.010299239', '0.009172670', '0.010897086', '0.009256938', '0.011725260', '0.010710103', '0.010266344', '0.009600328', '0.010497390', '0.009289676', '0.010460802', '0.010211651', '0.008645414', '0.011030036', '0.010328637', '0.011354698', '0.010770045', '0.008296292', '0.009743438', '0.009187202', '0.010502853', '0.011354698', '0.009188706', '0.009391341', '0.010533781', '0.008598954', '0.011411173', '0.010119060', '0.010109625', '0.010328637', '0.010680558', '0.010831824', '0.009952682', '0.009965979', '0.010471500', '0.009364589', '0.010381429', '0.007143794', '0.010831824', '0.009280898', '0.010155417', '0.007383095', '0.010698615', '0.010255331', '0.009441731', '0.010428427', '0.010288532', '0.010530572', '0.009323980', '0.009122714', '0.010171033', '0.009789454', '0.010924469', '0.010557429', '0.008498746', '0.010247252', '0.009693507', '0.010497390', '0.009404184', '0.011187990', '0.010972078', '0.009647719', '0.009743438', '0.011177461', '0.006692593', '0.008090633', '0.010663473', '0.009270821', '0.009256938', '0.010710331', '0.010890385', '0.009618117', '0.010530557', '0.010266344', '0.010091321', '0.010771071', '0.010994804', '0.009391341', '0.011354698', '0.009256938', '0.010168185', '0.009552051', '0.008498746', '0.008129694', '0.009427763', '0.011373396', '0.010520278', '0.010897086', '0.009595696', '0.010742749', '0.009122950', '0.010806552']" 
9 TND_DIS Concatenated 0.115 0.171 0.439 0.076 0.200 0.020 nan 1120.0 11201.0 "['0.006272183', '0.012003905', '0.006808139', '0.010310399', '0.007185290', '0.009303570', '0.010524648', '0.010605246', '0.009768199', '0.012325157', '0.006869857', '0.010110774', '0.009789267', '0.006773319', '0.012325157', '0.010953291', '0.007072164', '0.011519729', '0.012009441', '0.011584730', '0.009869701', '0.006721399', '0.012103485', '0.007360852', '0.010242647', '0.010382322', '0.009893501', '0.008332470', '0.010323208', '0.006414651', '0.010153601', '0.008342586', '0.010815543', '0.006499705', '0.011592823', '0.012623810', '0.010511856', '0.010735611', '0.007558278', '0.012623810', '0.006644033', '0.011025304', '0.007459329', '0.012110897', '0.009286320', '0.012325157', '0.010608152', '0.012525041', '0.012637858', '0.010726446', '0.011292128', '0.008708593', '0.010547841', '0.010508067', '0.007666190', '0.010253628', '0.006603891', '0.011964208', '0.006610756', '0.008342586', '0.010542659', '0.011025304', '0.010110774', '0.006795859', '0.010933610', '0.010542659', '0.010690496', '0.007381770', '0.010608152', '0.011047919', '0.010933610', '0.012009441', '0.010059712', '0.011963418', '0.009970379', '0.012245296', '0.011663527', '0.011959881', '0.009381550', '0.009782087', '0.010566836', '0.010882731', '0.006584714', '0.010768352', '0.012004361', '0.012793115', '0.007192838', '0.009162184', '0.006493404', '0.009199135', '0.010768352', '0.011457885', '0.012325157', '0.010505487', '0.010032815', '0.011805596', '0.012357914', '0.011519729', '0.007373639', '0.011494875']" 
9 TND_DIS Multiview 0.129 0.229 0.559 0.093 0.278 0.020 0.009 1120.0 11201.0 "[['0.007911939', '0.012375030', '0.007905331', '0.012963557', '0.014901703', '0.011165828', '0.008775242', '0.009300004', '0.010900278', '0.010646314', '0.008035334', '0.007901035', '0.010537807', '0.009243806', '0.009799472', '0.008516932', '0.009406425', '0.011323596', '0.009378397', '0.008593423', '0.011526696', '0.010704343', '0.009573081', '0.010177628', '0.013727487', '0.009675669', '0.008946662', '0.010422420', '0.010045103', '0.008689274', '0.010273925', '0.015353874', '0.010009223', '0.007086466', '0.011944401', '0.010573022', '0.007925119', '0.007138627', '0.008573571', '0.011503148', '0.011492166', '0.008530654', '0.010882565', '0.007736687', '0.010269763', '0.012589123', '0.009659336', '0.007330778', '0.009726343', '0.009296996', '0.011280909', '0.011144609', '0.010578188', '0.009630148', '0.011189957', '0.009008589', '0.010919472', '0.009197898', '0.009583321', '0.011574881', '0.009536608', '0.010471554', '0.010387916', '0.009266290', '0.010604681', '0.009631923', '0.010599280', '0.011933062', '0.013084722', '0.007355780', '0.009564730', '0.011007093', '0.010406175', '0.011691638', '0.010035736', '0.012185077', '0.011148673', '0.012455904', '0.008613506', '0.009968979', '0.009499487', '0.008096872', '0.009869735', '0.009292752', '0.011046790', '0.010609375', '0.010334749', '0.007241686', '0.010786126', '0.008661137', '0.006769022', '0.009047980', '0.010670346', '0.009524525', '0.006020295', '0.006934972', '0.010283644', '0.009673186', '0.009937888', '0.010676477'], ['0.012784596', '0.012025979', '0.010868258', '0.006836813', '0.010177528', '0.007477668', '0.012449520', '0.011914978', '0.006198755', '0.012487083', '0.007566382', '0.008532826', '0.006143250', '0.012705074', '0.007177340', '0.009998818', '0.009044128', '0.010218164', '0.013508063', '0.012814054', '0.006510287', '0.011802389', '0.008704696', '0.013643383', '0.008528147', '0.012935936', '0.008156155', '0.007947482', '0.008629301', '0.007607643', '0.012204451', '0.009951172', '0.012589390', '0.011208650', '0.011421314', '0.007957538', '0.015921557', '0.012422244', '0.012475288', '0.013276418', '0.008436385', '0.010856793', '0.008426400', '0.006613470', '0.011893665', '0.008766782', '0.008272262', '0.006690492', '0.006855328', '0.010895775', '0.006441582', '0.006967994', '0.006363541', '0.013712026', '0.012369998', '0.013200830', '0.013871307', '0.010552516', '0.006985259', '0.006952314', '0.012599936', '0.007331702', '0.009811311', '0.008101002', '0.009333123', '0.007457634', '0.012869102', '0.010831522', '0.008401261', '0.011283422', '0.013842987', '0.010047963', '0.007515923', '0.007250428', '0.010998868', '0.010578752', '0.014594244', '0.008492135', '0.008138880', '0.010230917', '0.006845586', '0.011508731', '0.012395117', '0.013608900', '0.011432382', '0.007048714', '0.009631223', '0.012073632', '0.006702956', '0.009882196', '0.012991803', '0.013946957', '0.009484197', '0.007863821', '0.007631288', '0.007699779', '0.006926445', '0.013168593', '0.007804247', '0.011694918'], ['0.013114796', '0.007596812', '0.012044863', '0.012037429', '0.007839212', '0.010750049', '0.009836194', '0.011838764', '0.008336448', '0.006792945', '0.011748799', '0.010735822', '0.011639323', '0.012620416', '0.012552114', '0.010079613', '0.012180084', '0.007203252', '0.010052492', '0.011465658', '0.008613915', '0.011846268', '0.011092620', '0.011942909', '0.010470252', '0.012900770', '0.013568874', '0.008560920', '0.009438402', '0.008657716', '0.007689516', '0.007149165', '0.012145617', '0.008547897', '0.008872073', '0.013838646', '0.010331798', '0.007478629', '0.008583204', '0.010108697', '0.010301340', '0.010374611', '0.011437613', '0.009020233', '0.011497110', '0.010321415', '0.012217800', '0.008969530', '0.012174772', '0.008127023', '0.008737811', '0.006613210', '0.008222152', '0.011901581', '0.010728462', '0.008745114', '0.011596620', '0.011785520', '0.007957331', '0.013619940', '0.008387735', '0.007381012', '0.009012020', '0.008945709', '0.007921469', '0.008672892', '0.011493653', '0.008629562', '0.011479462', '0.008440210', '0.008745698', '0.008822230', '0.008650572', '0.012833752', '0.012066104', '0.011715729', '0.010288388', '0.010978139', '0.008825454', '0.011320757', '0.012810125', '0.008639331', '0.008976203', '0.012677816', '0.009999516', '0.006613402', '0.008660232', '0.007480536', '0.009417615', '0.013819254', '0.008133095', '0.008729808', '0.008424332', '0.010287629', '0.010410634', '0.008369409', '0.007558432', '0.011506906', '0.009030710', '0.007192278'], ['0.008891331', '0.007785334', '0.010825244', '0.010150873', '0.010880936', '0.008746079', '0.008802486', '0.011910906', '0.006393585', '0.007758105', '0.010985860', '0.013025260', '0.006839210', '0.007954130', '0.012478292', '0.008958838', '0.007379482', '0.007802255', '0.012297809', '0.010854164', '0.008534246', '0.012725235', '0.011001127', '0.011485469', '0.010339563', '0.011951289', '0.010025240', '0.008216213', '0.008952009', '0.010160428', '0.013159022', '0.010552253', '0.010074756', '0.012831124', '0.014463130', '0.007506764', '0.010459855', '0.008684700', '0.008904188', '0.007897062', '0.013109627', '0.011097091', '0.012959548', '0.006919042', '0.012587943', '0.010424896', '0.012656044', '0.013656922', '0.013165612', '0.010982187', '0.006944910', '0.008501746', '0.008618471', '0.008740203', '0.009101841', '0.013502162', '0.011156893', '0.011123170', '0.008971442', '0.009801939', '0.008213176', '0.008693205', '0.008746215', '0.008935323', '0.008819576', '0.010088728', '0.010360627', '0.010140111', '0.010734214', '0.008779155', '0.007604197', '0.009475276', '0.007238454', '0.013513266', '0.012855698', '0.010632440', '0.010766570', '0.010289375', '0.011787918', '0.012489627', '0.008419476', '0.008899268', '0.006884511', '0.007448063', '0.012105786', '0.009152794', '0.009882251', '0.008617773', '0.010174240', '0.008869961', '0.008943645', '0.012727457', '0.010334175', '0.009930323', '0.009360718', '0.008444129', '0.009001644', '0.008953692', '0.009990787', '0.009030676']]" "['0.226078808', '0.238202006', '0.311622202', '0.224096999']"
9 TND_DIS_inv View1 0.328 0.344 0.808 0.188 0.313 0.025 nan 1120.0 11201.0 "['0.008228365', '0.015483733', '0.006452427', '0.009853299', '0.009958861', '0.010581871', '0.007847845', '0.008657289', '0.013009604', '0.012645567', '0.006487584', '0.009958861', '0.012457787', '0.007618214', '0.008083571', '0.010460680', '0.010454083', '0.014326356', '0.008005250', '0.006892486', '0.015355175', '0.009961426', '0.008083571', '0.008989909', '0.009958861', '0.008083571', '0.007821828', '0.013157357', '0.009756072', '0.008005250', '0.009779165', '0.010290837', '0.010492689', '0.009922479', '0.010581871', '0.010350971', '0.009901116', '0.009779165', '0.007445986', '0.011092859', '0.011128208', '0.006310944', '0.009421919', '0.010290837', '0.009961426', '0.009779165', '0.007618214', '0.010313521', '0.007847845', '0.011092859', '0.015483733', '0.015224643', '0.013804796', '0.008228365', '0.009756072', '0.007239974', '0.010379545', '0.007073514', '0.007446037', '0.010097946', '0.008989909', '0.009279164', '0.009867441', '0.006874398', '0.013514916', '0.007766551', '0.009961426', '0.010313521', '0.009975968', '0.010008136', '0.007225087', '0.014298576', '0.009330239', '0.009279164', '0.009279164', '0.010313521', '0.009779165', '0.010460680', '0.006549681', '0.012573666', '0.009279164', '0.007446037', '0.008657289', '0.006672781', '0.009533922', '0.013511640', '0.013511640', '0.010553874', '0.015483733', '0.006371426', '0.009779165', '0.009330239', '0.015477336', '0.010460680', '0.009961426', '0.009330239', '0.012598096', '0.008083571', '0.012477665', '0.011066229']" 
9 TND_DIS_inv View2 0.119 0.169 0.434 0.077 0.193 0.001 nan 1120.0 11201.0 "['0.010522112', '0.009549067', '0.009473540', '0.009723919', '0.010341791', '0.009933913', '0.010455341', '0.009787783', '0.009272415', '0.010136761', '0.009619039', '0.009628017', '0.010302490', '0.010571152', '0.009958642', '0.010233817', '0.010450657', '0.009348917', '0.008690376', '0.010522112', '0.010475150', '0.009738861', '0.010867624', '0.010284366', '0.009794185', '0.010235940', '0.010212108', '0.010543370', '0.010065601', '0.009451351', '0.009737823', '0.010543370', '0.009387008', '0.010646716', '0.010233817', '0.009512721', '0.009719062', '0.009479695', '0.009820404', '0.010233817', '0.009737965', '0.010284366', '0.009794185', '0.010288855', '0.010928730', '0.010783165', '0.010288855', '0.010188228', '0.010112450', '0.009951238', '0.009096096', '0.009420201', '0.009924904', '0.009393111', '0.010233817', '0.010306297', '0.010511496', '0.009609174', '0.009719178', '0.010398082', '0.009493596', '0.010004765', '0.010229385', '0.010492085', '0.010146065', '0.009685522', '0.009117374', '0.009808504', '0.009794185', '0.010867624', '0.009431160', '0.010233817', '0.010522112', '0.009549067', '0.010792623', '0.010488468', '0.010233607', '0.009626845', '0.009628017', '0.010543370', '0.010402735', '0.010281430', '0.010070577', '0.010915123', '0.008998988', '0.010915123', '0.010284366', '0.010213255', '0.009649836', '0.010281430', '0.010054251', '0.010095720', '0.009763812', '0.008973368', '0.010542122', '0.009008667', '0.009423323', '0.008603392', '0.009825087', '0.010533917']" 
9 TND_DIS_inv View3 0.144 0.215 0.530 0.105 0.223 0.002 nan 1120.0 11201.0 "['0.010555848', '0.008471192', '0.010950334', '0.009811860', '0.010247178', '0.009868541', '0.009056210', '0.009189010', '0.010047143', '0.010559215', '0.009100025', '0.008404661', '0.010484082', '0.009603627', '0.010790249', '0.009173167', '0.010148490', '0.009840718', '0.010978961', '0.010069142', '0.009100025', '0.009076793', '0.008883986', '0.010031844', '0.010472156', '0.009241318', '0.010822915', '0.010881276', '0.010824031', '0.009366664', '0.010390097', '0.009430449', '0.009851146', '0.009029375', '0.009812470', '0.010111785', '0.010549569', '0.010394627', '0.010956815', '0.009833292', '0.009893055', '0.009160957', '0.010420666', '0.010484082', '0.009121132', '0.009165513', '0.009907131', '0.009027129', '0.010484082', '0.009315299', '0.010591352', '0.010270894', '0.009851146', '0.009688789', '0.010027655', '0.009204567', '0.010883076', '0.009224142', '0.010431506', '0.010128355', '0.009100025', '0.010978376', '0.009362846', '0.010475388', '0.010344107', '0.009477430', '0.009540249', '0.009127847', '0.010883076', '0.009092038', '0.010768327', '0.010883076', '0.010776711', '0.010405489', '0.009374171', '0.010110646', '0.010080872', '0.010289750', '0.010883076', '0.008615629', '0.010706398', '0.010080872', '0.010495248', '0.010865240', '0.010737760', '0.010883076', '0.010558547', '0.010172047', '0.010579886', '0.010431642', '0.010475388', '0.010111785', '0.010834022', '0.009313837', '0.009909893', '0.009019209', '0.009389628', '0.010923121', '0.009809406', '0.010443012']" 
9 TND_DIS_inv View4 0.095 0.196 0.480 0.079 0.232 0.001 nan 1120.0 11201.0 "['0.010268002', '0.010009627', '0.010024198', '0.010405785', '0.010585872', '0.009951129', '0.009857381', '0.010318842', '0.010218545', '0.009921977', '0.010586938', '0.009933881', '0.010699395', '0.010404691', '0.010171149', '0.010008903', '0.009463392', '0.009958691', '0.009648353', '0.010254757', '0.009616699', '0.010635654', '0.009359292', '0.010860775', '0.010542316', '0.009593547', '0.010023855', '0.009931934', '0.010362208', '0.010860775', '0.009735812', '0.009972617', '0.010467310', '0.009779419', '0.009981870', '0.010282595', '0.009941618', '0.009359292', '0.010317690', '0.009738371', '0.009868492', '0.009287754', '0.010352065', '0.009991993', '0.010378312', '0.009661940', '0.009738371', '0.009892507', '0.010002276', '0.009410122', '0.010498411', '0.010157982', '0.009819894', '0.010058821', '0.009341137', '0.010348696', '0.009367160', '0.009907277', '0.009387176', '0.009966570', '0.010585872', '0.010266793', '0.009524409', '0.009980555', '0.010094495', '0.009463392', '0.009986423', '0.010392483', '0.009737520', '0.010090487', '0.010023855', '0.009979863', '0.009258872', '0.008746409', '0.010127983', '0.009165974', '0.009933881', '0.010411754', '0.009723027', '0.010048344', '0.010098224', '0.010171149', '0.009908231', '0.010405785', '0.009800854', '0.009972617', '0.010860775', '0.009933881', '0.010318842', '0.009631996', '0.009524409', '0.009270650', '0.009690681', '0.010827422', '0.010083074', '0.010586938', '0.010020773', '0.009542824', '0.009878757', '0.010437617']" 
9 TND_DIS_inv Concatenated 0.115 0.173 0.444 0.074 0.208 0.002 nan 1120.0 11201.0 "['0.008689692', '0.010723517', '0.009594858', '0.010056016', '0.009451291', '0.009488570', '0.010043604', '0.010305758', '0.010371872', '0.010693481', '0.009107593', '0.009888323', '0.009636863', '0.009040233', '0.010693481', '0.010524759', '0.009396511', '0.010466087', '0.010480314', '0.010470157', '0.009423194', '0.009278726', '0.010622625', '0.009812282', '0.009884938', '0.009727738', '0.009773884', '0.009396474', '0.009754970', '0.008460316', '0.009925900', '0.009560207', '0.009773116', '0.008784214', '0.010476039', '0.011077603', '0.009838471', '0.010168245', '0.009907752', '0.011077603', '0.009279053', '0.010036879', '0.009872198', '0.010622455', '0.010398446', '0.010693481', '0.009818979', '0.011057976', '0.011048906', '0.009899231', '0.010112767', '0.009677581', '0.010343110', '0.010239187', '0.008856363', '0.010043761', '0.009337106', '0.010543888', '0.008853712', '0.009560207', '0.010366826', '0.010036879', '0.009888323', '0.009605833', '0.009881957', '0.010366826', '0.010094777', '0.008950255', '0.009818979', '0.010040486', '0.009881957', '0.010480314', '0.009815165', '0.010653872', '0.009733459', '0.010606312', '0.010344746', '0.010696760', '0.009433316', '0.009718730', '0.010433698', '0.010514091', '0.009391218', '0.010390218', '0.010726793', '0.011044939', '0.009461423', '0.010383598', '0.009263242', '0.009437570', '0.010390218', '0.010179183', '0.010693481', '0.009766454', '0.009808061', '0.010592136', '0.010918182', '0.010466087', '0.009127228', '0.010453774']" 
9 TND_DIS_inv Multiview 0.113 0.195 0.512 0.082 0.248 0.729 0.043 1120.0 11201.0 "[['0.000376482', '0.038994186', '0.000472428', '0.042557511', '0.041638736', '0.024940247', '0.000483915', '0.000512167', '0.000852799', '0.000620291', '0.000448740', '0.044659410', '0.000337499', '0.000339455', '0.000307336', '0.018516177', '0.006756273', '0.034068737', '0.000725318', '0.000471960', '0.047174640', '0.002462323', '0.000306638', '0.000607027', '0.019825220', '0.000354657', '0.000385230', '0.000360477', '0.039929785', '0.000738009', '0.001436259', '0.042801205', '0.000664551', '0.000336224', '0.046126537', '0.001041521', '0.001726673', '0.010849444', '0.000398786', '0.020103259', '0.045215636', '0.000453937', '0.000570137', '0.046454318', '0.001581438', '0.000503954', '0.000372031', '0.003962711', '0.000364509', '0.009296202', '0.047148924', '0.046822127', '0.000368318', '0.000383261', '0.000633806', '0.000436990', '0.000496429', '0.000784564', '0.000381632', '0.002050675', '0.002935114', '0.000389451', '0.005321236', '0.000379398', '0.000412943', '0.000352489', '0.028834227', '0.026967203', '0.001339136', '0.001553643', '0.000478787', '0.000707112', '0.000526438', '0.000703587', '0.000568459', '0.047826402', '0.000774677', '0.002985957', '0.000408247', '0.004702612', '0.000830705', '0.000656339', '0.000771177', '0.000425587', '0.000677665', '0.000656611', '0.001327938', '0.001176024', '0.053457581', '0.000493659', '0.000503169', '0.000362668', '0.053079370', '0.000851043', '0.001000251', '0.000534967', '0.001100669', '0.000297880', '0.000866699', '0.048773188'], ['0.002324877', '0.001661275', '0.006431022', '0.000928802', '0.002562856', '0.002823902', '0.021463120', '0.022167381', '0.020947061', '0.020508528', '0.007164585', '0.001878484', '0.001130710', '0.026616802', '0.001031880', '0.003150493', '0.023713702', '0.000985629', '0.007208613', '0.002265304', '0.002215335', '0.011558852', '0.032532576', '0.029910391', '0.001106702', '0.015895074', '0.001186160', '0.002429651', '0.001397921', '0.011872022', '0.005520833', '0.001266354', '0.011365805', '0.002138492', '0.001556301', '0.025932781', '0.013920834', '0.001387399', '0.005860444', '0.008630853', '0.001051448', '0.003539588', '0.001469886', '0.000802824', '0.005107734', '0.029615825', '0.002012148', '0.011081135', '0.001552090', '0.020056743', '0.001530499', '0.001137180', '0.001821457', '0.016835650', '0.009168330', '0.005820900', '0.030271577', '0.011081247', '0.001819518', '0.001503305', '0.006440086', '0.027529698', '0.001521945', '0.003819530', '0.007336630', '0.029513173', '0.001003574', '0.005444129', '0.031089680', '0.004794927', '0.003249242', '0.009524110', '0.003629072', '0.013649151', '0.004436057', '0.000622429', '0.034838311', '0.031359773', '0.008222179', '0.018293221', '0.006606933', '0.025149507', '0.003493893', '0.011527359', '0.003698295', '0.023934105', '0.024392359', '0.002516007', '0.000988512', '0.005750657', '0.010597914', '0.015804755', '0.000572682', '0.025084371', '0.003465244', '0.022578457', '0.008312331', '0.033531543', '0.003209921', '0.000539403'], ['0.029075803', '0.004701913', '0.005683023', '0.002867296', '0.002084119', '0.004238695', '0.002091930', '0.003290049', '0.001847601', '0.004989108', '0.006392223', '0.001751696', '0.028633339', '0.006800671', '0.003976558', '0.012109042', '0.003282657', '0.003839287', '0.004989543', '0.004882349', '0.001962780', '0.008268281', '0.002947344', '0.003271855', '0.016896356', '0.015690304', '0.031809524', '0.030016089', '0.001930667', '0.006624056', '0.018853841', '0.002078048', '0.014375389', '0.034300953', '0.001012119', '0.006256280', '0.015137298', '0.024849342', '0.028595416', '0.002753288', '0.001345602', '0.012746073', '0.005677854', '0.001382701', '0.028924227', '0.006656317', '0.013619971', '0.007981215', '0.005407655', '0.001018985', '0.001994452', '0.002088665', '0.010168893', '0.009320029', '0.004166426', '0.025560869', '0.005057447', '0.004534281', '0.032916274', '0.035111647', '0.010549446', '0.001012665', '0.003675449', '0.004305871', '0.007721446', '0.006744944', '0.010601601', '0.001626814', '0.004205538', '0.021060793', '0.024622435', '0.027936015', '0.029919803', '0.021831840', '0.001321925', '0.001641853', '0.001141900', '0.002199981', '0.025193410', '0.006370043', '0.010927445', '0.001008279', '0.002060306', '0.013038928', '0.002543326', '0.009031370', '0.004687578', '0.035037287', '0.000684871', '0.028509226', '0.001962668', '0.001016064', '0.000634628', '0.010832119', '0.005881090', '0.009977306', '0.018270893', '0.001052313', '0.007380669', '0.000944189'], ['0.007175303', '0.003906635', '0.023146022', '0.001858030', '0.002293057', '0.009384663', '0.011334330', '0.009741297', '0.012165559', '0.010235067', '0.022086114', '0.001466383', '0.008626495', '0.003612242', '0.033172183', '0.006464022', '0.004962549', '0.005664689', '0.024178460', '0.029529400', '0.001709771', '0.013916106', '0.002659230', '0.003177037', '0.003460084', '0.004891272', '0.005728045', '0.006621055', '0.002883201', '0.016800895', '0.011799590', '0.002058860', '0.011281719', '0.002701760', '0.001631126', '0.003971216', '0.006916509', '0.002224757', '0.004079198', '0.006392724', '0.001851555', '0.020401329', '0.030552702', '0.001419812', '0.002115459', '0.001843933', '0.022625091', '0.014100732', '0.030715574', '0.005526830', '0.002102684', '0.002600057', '0.025998959', '0.011363639', '0.024421694', '0.005764051', '0.001506898', '0.018204624', '0.003895503', '0.001182557', '0.015727045', '0.009293097', '0.027190626', '0.030658165', '0.023748482', '0.001231365', '0.001738735', '0.006466549', '0.001197487', '0.008886835', '0.008991779', '0.000982400', '0.004753436', '0.002240322', '0.031569082', '0.000805527', '0.000966625', '0.001375293', '0.004089856', '0.007277248', '0.018911701', '0.009991574', '0.030029912', '0.012420271', '0.030118074', '0.003732669', '0.004339184', '0.000991816', '0.000729349', '0.003723938', '0.026188122', '0.020559268', '0.001353762', '0.002066589', '0.026346721', '0.005958820', '0.010031465', '0.002092662', '0.025942380', '0.001181429']]" "['0.141073257', '0.310877234', '0.265686184', '0.282363296']"
9 TND View1 0.320 0.347 0.916 0.182 0.328 0.037 nan 1120.0 1120.0 "['0.008730898', '0.017063070', '0.006322379', '0.008820867', '0.009005924', '0.008459977', '0.008567651', '0.009086780', '0.013430830', '0.012394210', '0.006429009', '0.009005924', '0.012861700', '0.008015807', '0.008511708', '0.009007981', '0.008970828', '0.016505225', '0.008447392', '0.007104758', '0.016122058', '0.009245975', '0.008511708', '0.009024846', '0.009005924', '0.008511708', '0.008700797', '0.016362689', '0.009234877', '0.008447392', '0.008834096', '0.009008230', '0.010354879', '0.010322501', '0.008459977', '0.009189117', '0.008772785', '0.008834096', '0.008219878', '0.008778873', '0.008488412', '0.006059852', '0.009183493', '0.009008230', '0.009245975', '0.008834096', '0.008015807', '0.010299137', '0.008567651', '0.008778873', '0.017063070', '0.015320699', '0.023632411', '0.008730898', '0.009234877', '0.008022088', '0.009201476', '0.007373223', '0.007906116', '0.009006402', '0.009024846', '0.009137601', '0.009243232', '0.007215425', '0.016881043', '0.008195603', '0.009245975', '0.010299137', '0.009012269', '0.010395778', '0.007832072', '0.016480822', '0.009226917', '0.009137601', '0.009137601', '0.010299137', '0.008834096', '0.009007981', '0.006528793', '0.011979183', '0.009137601', '0.007906116', '0.009086780', '0.006941443', '0.010016647', '0.015706496', '0.015706496', '0.008437656', '0.017063070', '0.006260668', '0.008834096', '0.009226917', '0.017288992', '0.009007981', '0.009245975', '0.009226917', '0.011954168', '0.008511708', '0.011831444', '0.008835586']" 
9 TND View2 0.114 0.171 0.435 0.075 0.191 0.005 nan 1120.0 1120.0 "['0.009577547', '0.009308750', '0.010870002', '0.012215375', '0.009778908', '0.009590983', '0.009792708', '0.010510628', '0.011234864', '0.009774063', '0.009717359', '0.009800847', '0.010196615', '0.009630842', '0.010888571', '0.008576655', '0.009775748', '0.012185646', '0.010868696', '0.009577547', '0.009274763', '0.009483290', '0.010348933', '0.009746958', '0.009309376', '0.009234838', '0.008703751', '0.009617504', '0.009264606', '0.012278495', '0.008559157', '0.009617504', '0.011452348', '0.009690017', '0.008576655', '0.010368456', '0.012211511', '0.010196615', '0.009228939', '0.008576655', '0.010461247', '0.009746958', '0.009309376', '0.009309376', '0.010474636', '0.010050814', '0.009309376', '0.009742604', '0.010437143', '0.009846033', '0.012356879', '0.012204638', '0.009376524', '0.011525776', '0.008576655', '0.010887993', '0.009216668', '0.009787700', '0.009597050', '0.009227420', '0.011906539', '0.008578345', '0.010799297', '0.009321360', '0.009769855', '0.009564592', '0.012042124', '0.009306778', '0.009309376', '0.010348933', '0.009873319', '0.008576655', '0.009577547', '0.009308750', '0.010359927', '0.009445265', '0.008595531', '0.011437080', '0.009800847', '0.009617504', '0.009681204', '0.008746176', '0.009798382', '0.009769334', '0.010310443', '0.009769334', '0.009746958', '0.010648495', '0.011984721', '0.008746176', '0.009743484', '0.009044426', '0.009322568', '0.010396886', '0.009231791', '0.010434970', '0.012117879', '0.011652256', '0.010819235', '0.009438101']" 
9 TND View3 0.141 0.218 0.566 0.104 0.229 0.004 nan 1120.0 1120.0 "['0.009372180', '0.008502442', '0.010285601', '0.009609407', '0.009810807', '0.009868874', '0.009874121', '0.010732904', '0.012584300', '0.010229905', '0.010320195', '0.010959755', '0.009134259', '0.010969559', '0.009778130', '0.010575312', '0.011781394', '0.009416697', '0.010111782', '0.008987127', '0.010320195', '0.008403355', '0.009762730', '0.009076269', '0.009118327', '0.009874121', '0.011015534', '0.010618795', '0.010859042', '0.010900304', '0.009127909', '0.008454327', '0.009598579', '0.008636659', '0.009399571', '0.011768686', '0.010191481', '0.009127909', '0.009978973', '0.009694003', '0.008721769', '0.008962234', '0.009901447', '0.009134259', '0.010329800', '0.010636989', '0.008753284', '0.010060742', '0.009134259', '0.009814312', '0.009440085', '0.009086980', '0.009598579', '0.010640431', '0.009798744', '0.010386785', '0.009590146', '0.010461892', '0.009086980', '0.011480406', '0.010320195', '0.010058993', '0.010909522', '0.009282356', '0.009005876', '0.011826258', '0.010926810', '0.010380203', '0.009590146', '0.009858587', '0.009791502', '0.009590146', '0.009778885', '0.009059262', '0.010687714', '0.009351451', '0.011654641', '0.009909648', '0.009590146', '0.010985070', '0.010538958', '0.011654641', '0.009145007', '0.009640148', '0.010841494', '0.009590146', '0.010126623', '0.009746808', '0.010248894', '0.009160795', '0.009282356', '0.011768686', '0.010937890', '0.010000477', '0.009754031', '0.010167089', '0.009036363', '0.010192306', '0.011255880', '0.010502294']" 
9 TND View4 0.092 0.197 0.448 0.078 0.237 0.010 nan 1120.0 1120.0 "['0.008922325', '0.009926673', '0.009866011', '0.009989864', '0.010025268', '0.009866011', '0.011969721', '0.009907303', '0.009937258', '0.008632802', '0.010222759', '0.008986440', '0.012662361', '0.009999053', '0.009888732', '0.009913832', '0.009085101', '0.009119691', '0.009491529', '0.009927134', '0.011534917', '0.010259568', '0.008610001', '0.011073440', '0.010189255', '0.011949579', '0.009994870', '0.008295346', '0.009993470', '0.011073440', '0.011603709', '0.009471064', '0.009287578', '0.012957134', '0.009023713', '0.009893172', '0.009872333', '0.008610001', '0.009090875', '0.009985014', '0.011672028', '0.006488714', '0.009998228', '0.009090875', '0.008912525', '0.016412947', '0.009985014', '0.012830096', '0.009965965', '0.012504562', '0.008716405', '0.009880202', '0.011899750', '0.009888036', '0.008408778', '0.009979191', '0.009872194', '0.008024535', '0.006853540', '0.009882282', '0.010025268', '0.008632802', '0.011136379', '0.009893958', '0.010000667', '0.009085101', '0.009540964', '0.010712959', '0.009366044', '0.009964515', '0.009994870', '0.011308166', '0.014405702', '0.006260421', '0.008917533', '0.009079320', '0.008986440', '0.009988536', '0.009413145', '0.009975904', '0.009397449', '0.009888732', '0.010000695', '0.009989864', '0.009887397', '0.009471064', '0.011073440', '0.008986440', '0.009907303', '0.010734541', '0.011136379', '0.009345107', '0.008776791', '0.010884784', '0.008366264', '0.010222759', '0.009934628', '0.010000452', '0.012953271', '0.009979729']" 
9 TND Concatenated 0.106 0.175 0.424 0.073 0.204 0.006 nan 1120.0 1120.0 "['0.010978564', '0.010071173', '0.012602637', '0.009535848', '0.010878139', '0.008761423', '0.010617438', '0.010373269', '0.011968184', '0.009488730', '0.010064928', '0.009292648', '0.008703460', '0.010050176', '0.009488730', '0.010984597', '0.010883595', '0.009679744', '0.009093798', '0.009619546', '0.009298404', '0.011311539', '0.009598847', '0.012106752', '0.009108263', '0.009857446', '0.009209693', '0.009722512', '0.009971292', '0.008558068', '0.009395026', '0.010177753', '0.009757400', '0.010066173', '0.009631222', '0.010632879', '0.010146326', '0.010930701', '0.012181043', '0.010632879', '0.011690672', '0.008781731', '0.012197928', '0.009586407', '0.012299929', '0.009488730', '0.008563130', '0.010678723', '0.010489979', '0.008731362', '0.008733261', '0.010330979', '0.010368268', '0.010026309', '0.008691704', '0.009963333', '0.012269111', '0.009425539', '0.009917178', '0.010177753', '0.010393413', '0.008781731', '0.009292648', '0.012695574', '0.008461448', '0.010393413', '0.010168606', '0.009039257', '0.008563130', '0.008768838', '0.008461448', '0.009093798', '0.009563072', '0.009906526', '0.008843117', '0.009296492', '0.009109232', '0.010040526', '0.008391188', '0.009012386', '0.010450235', '0.010886308', '0.012625878', '0.010121394', '0.010081276', '0.010179058', '0.010902343', '0.012322434', '0.012495526', '0.008578446', '0.010121394', '0.008841335', '0.009488730', '0.008477601', '0.009338493', '0.009839777', '0.010324767', '0.009679744', '0.009462195', '0.009664363']" 
9 TND Multiview 0.080 0.208 0.445 0.076 0.265 0.194 0.082 1120.0 1120.0 "[['0.003592794', '0.031628665', '0.004734919', '0.006974855', '0.007730230', '0.003213419', '0.003935099', '0.004992483', '0.028791308', '0.029071035', '0.004459940', '0.006108088', '0.029448764', '0.004522194', '0.004676305', '0.008188034', '0.008144659', '0.030537989', '0.005034187', '0.004836809', '0.028220572', '0.006122365', '0.004257468', '0.005536573', '0.004019944', '0.005090566', '0.004020243', '0.027632833', '0.003188399', '0.003797782', '0.005750922', '0.010687353', '0.029160112', '0.008587562', '0.009127808', '0.003947131', '0.009518166', '0.005476392', '0.003647355', '0.005800697', '0.004127134', '0.005120329', '0.004359540', '0.007192400', '0.005169239', '0.005061532', '0.004206406', '0.006602826', '0.004590265', '0.005433592', '0.027154798', '0.027096936', '0.027972233', '0.004094850', '0.004377344', '0.004458087', '0.006301072', '0.005377033', '0.003931303', '0.006178655', '0.003462142', '0.003352917', '0.003675678', '0.003146647', '0.026928300', '0.004161936', '0.006423759', '0.006756227', '0.006732799', '0.007219700', '0.004129651', '0.029718366', '0.003385558', '0.005977353', '0.005496608', '0.011190918', '0.007727406', '0.008379811', '0.003998194', '0.028774319', '0.003581250', '0.004320321', '0.003529550', '0.004571639', '0.007949483', '0.027516333', '0.028293939', '0.007419232', '0.032663673', '0.004189697', '0.006074059', '0.005138543', '0.029137107', '0.007785301', '0.004995595', '0.005919744', '0.024251379', '0.004278011', '0.020952458', '0.003776787'], ['0.008108871', '0.003569750', '0.009605794', '0.021757402', '0.005322258', '0.011004297', '0.009462920', '0.011224608', '0.003956298', '0.004170632', '0.020280296', '0.018115833', '0.005453192', '0.009446423', '0.019223500', '0.004249474', '0.009834195', '0.003328427', '0.015859524', '0.016242586', '0.003890853', '0.010131536', '0.020308971', '0.014166572', '0.025825987', '0.012163488', '0.023762401', '0.006844658', '0.020048549', '0.008581520', '0.005732512', '0.005085075', '0.005797527', '0.009443990', '0.008989939', '0.013383375', '0.013344959', '0.004001048', '0.005151606', '0.010819697', '0.022728324', '0.010162676', '0.019751472', '0.005452656', '0.008752639', '0.021385180', '0.017671052', '0.005928577', '0.013961841', '0.011018322', '0.003991215', '0.004821668', '0.003925006', '0.009761849', '0.008037024', '0.010522381', '0.016218426', '0.007645113', '0.009185690', '0.018967602', '0.005569350', '0.008159052', '0.002962090', '0.007244300', '0.003326619', '0.011818122', '0.016119679', '0.006226044', '0.016168319', '0.003094126', '0.006617130', '0.003618118', '0.010935836', '0.013606736', '0.007548044', '0.007180929', '0.017096121', '0.018542340', '0.007700359', '0.003970135', '0.013543545', '0.009287633', '0.009674792', '0.008848371', '0.011065071', '0.004497558', '0.002302219', '0.003582130', '0.008294763', '0.003777377', '0.003846847', '0.015991416', '0.002375910', '0.018467385', '0.010472178', '0.007497815', '0.004396345', '0.006829791', '0.006001073', '0.004165123'], ['0.004698844', '0.008791755', '0.014019969', '0.007623153', '0.021007303', '0.007945233', '0.003520791', '0.011362975', '0.012861616', '0.006592080', '0.009328498', '0.004229927', '0.003934141', '0.008372878', '0.009048292', '0.003084900', '0.005078400', '0.006650248', '0.005258302', '0.010670349', '0.010750295', '0.010166023', '0.006229769', '0.010658449', '0.006810137', '0.012591313', '0.009179965', '0.010150552', '0.002622699', '0.024466150', '0.018518129', '0.018623248', '0.008003951', '0.010954173', '0.003846096', '0.009053119', '0.008295440', '0.008030680', '0.010993603', '0.004287086', '0.004122029', '0.006790174', '0.005051339', '0.021434378', '0.014808290', '0.005600777', '0.006123307', '0.022807119', '0.006317323', '0.003930367', '0.014060424', '0.004467176', '0.008118893', '0.004814096', '0.003300593', '0.013699145', '0.008381915', '0.013087426', '0.008317710', '0.009733524', '0.016521901', '0.007631847', '0.024153221', '0.014225508', '0.007038730', '0.018412495', '0.009709480', '0.026638966', '0.006280666', '0.014088581', '0.012909911', '0.017591530', '0.015032080', '0.006470728', '0.014399912', '0.011485303', '0.005874624', '0.006161082', '0.018299416', '0.007837909', '0.004326595', '0.003564001', '0.022804732', '0.009709913', '0.005681012', '0.003865966', '0.019642293', '0.007097545', '0.003077868', '0.012122542', '0.011062414', '0.003846810', '0.017494943', '0.004337804', '0.002705999', '0.009475504', '0.005526689', '0.006636775', '0.020230623', '0.012749491'], ['0.025013668', '0.004823752', '0.006795889', '0.002963160', '0.005771648', '0.014969842', '0.024948256', '0.010298983', '0.004139757', '0.004907853', '0.005581110', '0.005362895', '0.006266655', '0.017100465', '0.006801396', '0.023344146', '0.011022877', '0.008286390', '0.011384495', '0.005812757', '0.009548550', '0.011140345', '0.005337295', '0.007263054', '0.002728009', '0.008419019', '0.002798646', '0.006475647', '0.016337313', '0.002798306', '0.007131242', '0.005501286', '0.002878343', '0.005133131', '0.016442081', '0.009173968', '0.005009388', '0.022020526', '0.020006293', '0.017743513', '0.005792922', '0.008484968', '0.006370050', '0.005227334', '0.009763803', '0.005369761', '0.007443932', '0.004488255', '0.012544361', '0.008854001', '0.004350845', '0.010920767', '0.010600773', '0.017541261', '0.022713708', '0.009559810', '0.006188350', '0.008276341', '0.013096306', '0.002947370', '0.012847658', '0.016827492', '0.010729926', '0.014210822', '0.013266313', '0.002967299', '0.004317654', '0.003009801', '0.004287680', '0.017627100', '0.013034885', '0.002385272', '0.006899416', '0.009829147', '0.010859349', '0.005655734', '0.005588179', '0.003806389', '0.009336176', '0.004455787', '0.017256321', '0.020046674', '0.006528459', '0.013579136', '0.011043927', '0.020636203', '0.002383337', '0.020731222', '0.002628067', '0.018014798', '0.018149832', '0.012163998', '0.002171348', '0.003059692', '0.024070233', '0.010901884', '0.016970739', '0.018498348', '0.002234851', '0.016972085']]" "['0.110916384', '0.347753704', '0.252494276', '0.288835585']"
9 TND_inv View1 0.293 0.342 0.839 0.164 0.355 0.109 nan 1120.0 1120.0 "['0.006536569', '0.022622867', '0.005753382', '0.009100967', '0.008850211', '0.009205777', '0.006446308', '0.006827673', '0.018994661', '0.017058145', '0.005777963', '0.008850211', '0.018033635', '0.006215050', '0.006418502', '0.008756187', '0.008894658', '0.022210265', '0.006388101', '0.005942915', '0.021906881', '0.007243296', '0.006418502', '0.006759728', '0.008850211', '0.006418502', '0.006518729', '0.022099454', '0.007128655', '0.006388101', '0.009086150', '0.008760520', '0.011136432', '0.008505506', '0.009205777', '0.007536264', '0.009151046', '0.009086150', '0.006291256', '0.008232914', '0.008744339', '0.005693915', '0.006975907', '0.008760520', '0.007243296', '0.009086150', '0.006215050', '0.008837873', '0.006446308', '0.008232914', '0.022622867', '0.021207813', '0.026045429', '0.006536569', '0.007128655', '0.006217279', '0.007500852', '0.006015046', '0.006177214', '0.008909223', '0.006759728', '0.006896014', '0.007187038', '0.005972058', '0.022491740', '0.006281736', '0.007243296', '0.008837873', '0.008828024', '0.008579833', '0.006152696', '0.022191454', '0.007093281', '0.006896014', '0.006896014', '0.008837873', '0.009086150', '0.008756187', '0.005801239', '0.016049387', '0.006896014', '0.006177214', '0.006827673', '0.005901203', '0.008233657', '0.021556407', '0.021556407', '0.009166602', '0.022622867', '0.005739281', '0.009086150', '0.007093281', '0.022781286', '0.008756187', '0.007243296', '0.007093281', '0.015985863', '0.006418502', '0.015672406', '0.008149486']" 
9 TND_inv View2 0.114 0.171 0.435 0.075 0.191 0.005 nan 1120.0 1120.0 "['0.009507359', '0.009239478', '0.010938428', '0.012138223', '0.009917597', '0.009515681', '0.009797061', '0.010545759', '0.011298008', '0.009825972', '0.009663700', '0.009777644', '0.010156560', '0.009573716', '0.011009460', '0.008676284', '0.009823607', '0.012050499', '0.010921880', '0.009507359', '0.009137386', '0.009475917', '0.010245519', '0.009883055', '0.009238655', '0.009388816', '0.008800677', '0.009546760', '0.009281973', '0.012435427', '0.008636944', '0.009546760', '0.011424721', '0.009642801', '0.008676284', '0.010264687', '0.012123487', '0.010156560', '0.009384257', '0.008676284', '0.010496591', '0.009883055', '0.009238655', '0.009238655', '0.010511782', '0.010089053', '0.009238655', '0.009885260', '0.010462235', '0.009973103', '0.012577096', '0.012100452', '0.009448608', '0.011468126', '0.008676284', '0.011008210', '0.009372112', '0.009722027', '0.009520452', '0.009103852', '0.011727418', '0.008550223', '0.010745742', '0.009215250', '0.009831820', '0.009501114', '0.011849270', '0.009241957', '0.009238655', '0.010245519', '0.009991930', '0.008676284', '0.009507359', '0.009239478', '0.010255656', '0.009466561', '0.008702200', '0.011415818', '0.009777644', '0.009546760', '0.009635420', '0.008831194', '0.009784901', '0.009908009', '0.010217261', '0.009908009', '0.009883055', '0.010640786', '0.011794111', '0.008831194', '0.009892460', '0.009002459', '0.009205671', '0.010314346', '0.009386526', '0.010458406', '0.011936663', '0.011546360', '0.010766245', '0.009464798']" 
9 TND_inv View3 0.141 0.218 0.566 0.104 0.229 0.004 nan 1120.0 1120.0 "['0.009364254', '0.008513790', '0.010285246', '0.009608393', '0.009806491', '0.009863295', '0.009868515', '0.010734991', '0.012583988', '0.010229894', '0.010319683', '0.010957156', '0.009137141', '0.010966185', '0.009774761', '0.010574316', '0.011800374', '0.009408516', '0.010112589', '0.008979162', '0.010319683', '0.008416485', '0.009759744', '0.009075216', '0.009120365', '0.009868515', '0.011009222', '0.010616860', '0.010862662', '0.010902108', '0.009130494', '0.008469812', '0.009597680', '0.008631903', '0.009391033', '0.011788269', '0.010191808', '0.009130494', '0.009976769', '0.009692202', '0.008708023', '0.008952199', '0.009895974', '0.009137141', '0.010329260', '0.010634902', '0.008737248', '0.010060789', '0.009137141', '0.009809889', '0.009433623', '0.009086765', '0.009597680', '0.010638350', '0.009794793', '0.010386297', '0.009589347', '0.010461841', '0.009086765', '0.011499298', '0.010319683', '0.010059000', '0.010910748', '0.009277496', '0.008999406', '0.011842898', '0.010926811', '0.010379691', '0.009589347', '0.009853107', '0.009787763', '0.009589347', '0.009775497', '0.009056888', '0.010687159', '0.009344379', '0.011677732', '0.009905477', '0.009589347', '0.010980542', '0.010538646', '0.011677732', '0.009148251', '0.009638865', '0.010845485', '0.009589347', '0.010127473', '0.009744165', '0.010248759', '0.009164181', '0.009277496', '0.011788269', '0.010937039', '0.009998909', '0.009751239', '0.010167683', '0.009032235', '0.010192624', '0.011259563', '0.010502294']" 
9 TND_inv View4 0.094 0.197 0.450 0.078 0.237 0.003 nan 1120.0 1120.0 "['0.009313461', '0.009522512', '0.009502421', '0.009559724', '0.010340225', '0.009502421', '0.011228405', '0.009904447', '0.009935681', '0.009275402', '0.010391010', '0.009322063', '0.011523913', '0.009609393', '0.009877939', '0.009518244', '0.009335804', '0.009340793', '0.010213601', '0.009926236', '0.011050795', '0.010401241', '0.009272295', '0.010793335', '0.010381956', '0.011220279', '0.009567985', '0.009224575', '0.009626394', '0.010793335', '0.011080727', '0.009396425', '0.010162671', '0.011659692', '0.010091349', '0.009885087', '0.009798281', '0.009272295', '0.009336631', '0.009553917', '0.011109139', '0.008683859', '0.009612852', '0.009336631', '0.010059843', '0.013002998', '0.009553917', '0.011600437', '0.009667711', '0.011453943', '0.010003952', '0.009861642', '0.011200285', '0.009876755', '0.009242994', '0.009548445', '0.009838464', '0.009174106', '0.008821963', '0.009507949', '0.010340225', '0.009275402', '0.010833872', '0.009886285', '0.009596528', '0.009335804', '0.009409087', '0.010572462', '0.010182670', '0.009538447', '0.009567985', '0.010937087', '0.012253455', '0.008605995', '0.010061271', '0.009334980', '0.009322063', '0.009636231', '0.010194420', '0.009545831', '0.010190524', '0.009877939', '0.009595351', '0.009559724', '0.009763964', '0.009396425', '0.010793335', '0.009322063', '0.009904447', '0.010583681', '0.010833872', '0.010177389', '0.009294436', '0.010670878', '0.009910735', '0.010391010', '0.009525301', '0.009600054', '0.011657880', '0.009650046']" 
9 TND_inv Concatenated 0.107 0.175 0.424 0.073 0.204 0.005 nan 1120.0 1120.0 "['0.010977405', '0.010079933', '0.012476417', '0.009545676', '0.010864591', '0.008760578', '0.010612185', '0.010373461', '0.011972673', '0.009499333', '0.010074397', '0.009293256', '0.008698933', '0.010061031', '0.009499333', '0.010985143', '0.010869838', '0.009686293', '0.009108654', '0.009629630', '0.009299576', '0.011398170', '0.009609082', '0.012071734', '0.009121573', '0.009878559', '0.009213299', '0.009723992', '0.009981473', '0.008583044', '0.009409876', '0.010174704', '0.009757642', '0.010075506', '0.009641035', '0.010630378', '0.010145486', '0.010919358', '0.012127087', '0.010630378', '0.011773230', '0.008783673', '0.012139922', '0.009596600', '0.012219397', '0.009499333', '0.008586324', '0.010683742', '0.010484543', '0.008727633', '0.008729659', '0.010330053', '0.010368385', '0.010038372', '0.008687483', '0.009972851', '0.012195039', '0.009439691', '0.009921660', '0.010174704', '0.010393674', '0.008783673', '0.009293256', '0.012565187', '0.008525863', '0.010393674', '0.010166029', '0.009060293', '0.008586324', '0.008768949', '0.008525863', '0.009108654', '0.009573067', '0.009909683', '0.008855183', '0.009297463', '0.009122442', '0.010052033', '0.008487544', '0.009035905', '0.010448305', '0.010872480', '0.012498025', '0.010123409', '0.010088776', '0.010175953', '0.010888602', '0.012237366', '0.012381046', '0.008596493', '0.010123409', '0.008853099', '0.009499333', '0.008534853', '0.009346477', '0.009858297', '0.010323619', '0.009686293', '0.009474092', '0.009672357']" 
9 TND_inv Multiview 0.078 0.213 0.458 0.078 0.273 0.506 0.041 1120.0 1120.0 "[['0.000756404', '0.053713523', '0.000934597', '0.001191972', '0.001308076', '0.001214472', '0.000726048', '0.000948072', '0.037266940', '0.033843350', '0.000875272', '0.001473170', '0.037699021', '0.000932613', '0.000793066', '0.001631363', '0.001946503', '0.052424863', '0.000957458', '0.000918112', '0.049506065', '0.001219920', '0.000966996', '0.001169737', '0.000758551', '0.001092212', '0.000742075', '0.049003713', '0.000811355', '0.000782734', '0.001597147', '0.001879503', '0.011583514', '0.002110191', '0.001976812', '0.001115922', '0.002057454', '0.001324345', '0.000883546', '0.001179648', '0.001015261', '0.001109332', '0.001188114', '0.001924823', '0.001068076', '0.001366016', '0.001054060', '0.001154187', '0.001038732', '0.001380746', '0.057750426', '0.051086713', '0.069751598', '0.001036555', '0.001273027', '0.000986726', '0.001376897', '0.001188801', '0.000974712', '0.002241927', '0.000952528', '0.001104809', '0.000798722', '0.001143267', '0.055459749', '0.001455868', '0.001282531', '0.001009762', '0.001524231', '0.001948317', '0.001005779', '0.056084547', '0.001095585', '0.001300751', '0.001050129', '0.002086419', '0.002035390', '0.002527358', '0.001006540', '0.035246722', '0.000949995', '0.001211007', '0.001180076', '0.001181848', '0.001286946', '0.040941242', '0.057433818', '0.002076101', '0.061782658', '0.001148101', '0.002000205', '0.001505555', '0.062533580', '0.003193844', '0.002531861', '0.001953448', '0.017688338', '0.001082824', '0.003997038', '0.000919466'], ['0.009378879', '0.001562363', '0.007902850', '0.025415594', '0.004199527', '0.010952178', '0.008308567', '0.010615231', '0.001715499', '0.002418259', '0.017457386', '0.015501303', '0.002987316', '0.010640045', '0.025302766', '0.009256549', '0.011949878', '0.001157510', '0.014771584', '0.021298269', '0.001608356', '0.011230583', '0.016170474', '0.012195003', '0.031424779', '0.011665966', '0.031443592', '0.002196355', '0.019495955', '0.005751297', '0.007598766', '0.008083024', '0.007981951', '0.012024623', '0.011829438', '0.011705043', '0.012731999', '0.007457857', '0.009117775', '0.012213487', '0.019390251', '0.012716863', '0.016944906', '0.005162893', '0.010716705', '0.016082879', '0.015626691', '0.003027197', '0.012691966', '0.016144078', '0.001040344', '0.001345759', '0.000814056', '0.010692418', '0.010292104', '0.010335444', '0.013018079', '0.006686442', '0.013141080', '0.017186318', '0.012116273', '0.011483041', '0.003504879', '0.010857086', '0.000839190', '0.013669622', '0.018655438', '0.003062129', '0.012384403', '0.002655239', '0.010168630', '0.000824903', '0.012421277', '0.011365198', '0.005718126', '0.007823407', '0.012041219', '0.012444365', '0.009357147', '0.002437391', '0.012356197', '0.012459157', '0.013164715', '0.010446838', '0.010566886', '0.001078116', '0.000585113', '0.005685899', '0.000947192', '0.007544818', '0.008830205', '0.013878826', '0.000479833', '0.013933103', '0.012940880', '0.012217324', '0.002265490', '0.006233323', '0.003351044', '0.007431727'], ['0.006115658', '0.003970435', '0.020746658', '0.008655908', '0.028386202', '0.010067443', '0.001456919', '0.009917638', '0.011504601', '0.005306118', '0.011871072', '0.008610527', '0.002359185', '0.007850893', '0.007814300', '0.004126527', '0.007104385', '0.002989764', '0.003478010', '0.009456170', '0.004568706', '0.009153073', '0.007972845', '0.010777131', '0.004197789', '0.010812860', '0.004631332', '0.005132740', '0.001407348', '0.032646336', '0.017148647', '0.015143896', '0.015424161', '0.011730446', '0.001719785', '0.009350872', '0.008891363', '0.003666973', '0.010130634', '0.003074487', '0.006603110', '0.005774457', '0.007961920', '0.028916895', '0.011082357', '0.005983011', '0.007455756', '0.037646107', '0.006907151', '0.001780097', '0.002715112', '0.001647402', '0.001307998', '0.007458662', '0.003664466', '0.011548877', '0.008976295', '0.018480355', '0.009142614', '0.014206257', '0.011832081', '0.008442376', '0.034041878', '0.011929796', '0.002068692', '0.016459808', '0.010936985', '0.034599341', '0.008658711', '0.019920485', '0.010461020', '0.004045855', '0.012125892', '0.003262485', '0.026188949', '0.017846182', '0.007657617', '0.016018942', '0.014177337', '0.003918331', '0.008259862', '0.002202269', '0.018706925', '0.009511513', '0.005576621', '0.000951373', '0.001723208', '0.003853057', '0.000503562', '0.011460004', '0.011690876', '0.001640234', '0.001311262', '0.014884780', '0.003076203', '0.007961683', '0.001811260', '0.012193575', '0.037327491', '0.012132756'], ['0.022989135', '0.001342718', '0.005921996', '0.001505394', '0.003163445', '0.013025056', '0.027827641', '0.012719092', '0.001736911', '0.005180736', '0.005872838', '0.009090020', '0.005510015', '0.015689604', '0.002348447', '0.020215988', '0.015220296', '0.002931261', '0.014826927', '0.003275748', '0.002793537', '0.011665785', '0.009698736', '0.009390224', '0.001256250', '0.010358616', '0.001006974', '0.002127995', '0.017535832', '0.001141786', '0.011044776', '0.009608991', '0.002677713', '0.010424779', '0.017354365', '0.012797420', '0.010202326', '0.027397269', '0.017799363', '0.017542718', '0.008018286', '0.013066346', '0.008556969', '0.005778398', '0.011239911', '0.012219097', '0.010554484', '0.002202352', '0.014012408', '0.012958133', '0.001016577', '0.003439732', '0.001861658', '0.015799608', '0.020648777', '0.012165120', '0.009923820', '0.007323532', '0.012638220', '0.001868623', '0.012889310', '0.016251411', '0.002726628', '0.015786739', '0.003124203', '0.003385125', '0.002436478', '0.000855377', '0.011208343', '0.016430849', '0.013575125', '0.000601483', '0.011499502', '0.018488090', '0.003263962', '0.004866646', '0.010903572', '0.002361670', '0.012411724', '0.001695263', '0.015402221', '0.018363388', '0.006129458', '0.013534603', '0.015220613', '0.014842867', '0.000589394', '0.027483830', '0.000465291', '0.015611917', '0.016906736', '0.016071718', '0.000511654', '0.001636036', '0.021347474', '0.016394259', '0.022335321', '0.016277255', '0.000921458', '0.015682299']]" "['0.146604285', '0.318479270', '0.242208600', '0.292707860']"
9 DIS View1 0.312 0.322 1.000 0.194 0.256 0.453 nan 1120.0 11201.0 "['0.002144767', '0.015557433', '0.002019953', '0.018326815', '0.021626377', '0.020910298', '0.002084559', '0.002144245', '0.002121719', '0.002927905', '0.002011052', '0.021626377', '0.002168634', '0.002144440', '0.002133420', '0.022072593', '0.022217721', '0.021156499', '0.002136287', '0.002074430', '0.015564167', '0.014112647', '0.002133420', '0.004805966', '0.021626377', '0.002133420', '0.002048737', '0.002130528', '0.013015101', '0.002136287', '0.015957618', '0.019709405', '0.004595237', '0.002156918', '0.020910298', '0.009299608', '0.018307855', '0.015957618', '0.002054052', '0.018527037', '0.020128872', '0.001998630', '0.006375369', '0.019709405', '0.014112647', '0.015957618', '0.002144440', '0.021047620', '0.002084559', '0.018527037', '0.015557433', '0.015588940', '0.002081178', '0.002144767', '0.013015101', '0.002035847', '0.015838772', '0.002095550', '0.002125247', '0.017225975', '0.004805966', '0.007100208', '0.013556742', '0.002043912', '0.002186072', '0.002141632', '0.014112647', '0.021047620', '0.021816766', '0.002155394', '0.002053577', '0.021618508', '0.002095571', '0.007100208', '0.007100208', '0.021047620', '0.015957618', '0.022072593', '0.002027985', '0.018443897', '0.007100208', '0.002125247', '0.002144245', '0.001996241', '0.002159936', '0.002183718', '0.002183718', '0.016022617', '0.015557433', '0.001994875', '0.015957618', '0.002095571', '0.015561530', '0.022072593', '0.014112647', '0.002095571', '0.018304072', '0.002133420', '0.018710760', '0.018420344']" 
9 DIS View2 0.105 0.172 0.505 0.072 0.211 1.058 nan 1120.0 11201.0 "['0.006138761', '0.000606179', '0.023471333', '0.025201315', '0.022875890', '0.000626370', '0.011956335', '0.022450509', '0.000618727', '0.000624989', '0.016286766', '0.021019325', '0.031911388', '0.000637875', '0.024769429', '0.000614056', '0.013111966', '0.023396101', '0.000600474', '0.006138761', '0.000633649', '0.000614695', '0.023903508', '0.010237496', '0.000619295', '0.006277695', '0.000614037', '0.006803570', '0.000622076', '0.024329092', '0.000610209', '0.006803570', '0.023789432', '0.003666613', '0.000614056', '0.000619109', '0.025200650', '0.023479354', '0.000612399', '0.000614056', '0.000627915', '0.010237496', '0.000619295', '0.000618855', '0.032806762', '0.011151819', '0.000618855', '0.000630740', '0.028441124', '0.000630418', '0.024357935', '0.024432886', '0.000619729', '0.024420677', '0.000614056', '0.024261491', '0.005413598', '0.018746329', '0.000614780', '0.000618741', '0.024323950', '0.000612550', '0.024331365', '0.003384639', '0.000627596', '0.000614029', '0.000611218', '0.000618704', '0.000619295', '0.023903508', '0.023417696', '0.000614056', '0.006138761', '0.000606179', '0.017793911', '0.000638667', '0.000613752', '0.024329511', '0.021019325', '0.006803570', '0.009918761', '0.000614237', '0.000622188', '0.009421347', '0.000603688', '0.009421347', '0.010237496', '0.042220868', '0.025096457', '0.000614237', '0.000619307', '0.000612746', '0.000616240', '0.000602431', '0.005867521', '0.000607356', '0.024127861', '0.024405958', '0.024339678', '0.003603431']" 
9 DIS View3 0.121 0.203 0.639 0.098 0.211 0.876 nan 1120.0 11201.0 "['0.001106683', '0.001035660', '0.024358090', '0.001082789', '0.019012064', '0.001090745', '0.001054258', '0.001090344', '0.020696849', '0.027321687', '0.001063261', '0.001038436', '0.001085942', '0.019874323', '0.014436051', '0.001073858', '0.020525243', '0.001070938', '0.023674998', '0.001057750', '0.001063261', '0.001046782', '0.001043468', '0.001073396', '0.001079918', '0.001059460', '0.019077761', '0.038865849', '0.018612979', '0.019797171', '0.001087241', '0.001050868', '0.001080235', '0.001043324', '0.001081002', '0.020365227', '0.024874534', '0.001086761', '0.021845274', '0.001104390', '0.001059884', '0.001045387', '0.016281964', '0.001085942', '0.001061243', '0.001082903', '0.001059985', '0.001054863', '0.001085942', '0.001065687', '0.008225368', '0.001070228', '0.001080235', '0.019711781', '0.019307984', '0.001053967', '0.012822863', '0.001054675', '0.001080644', '0.020410314', '0.001063261', '0.023862444', '0.019817850', '0.001092220', '0.001071596', '0.020268861', '0.019840628', '0.001062336', '0.012822863', '0.001064113', '0.013939666', '0.012822863', '0.014131637', '0.001078273', '0.019297648', '0.001065798', '0.020342303', '0.022804085', '0.012822863', '0.019385692', '0.037949052', '0.020342303', '0.001082679', '0.013813116', '0.018357733', '0.012822863', '0.031213112', '0.018251842', '0.027844198', '0.001089501', '0.001092220', '0.020365227', '0.018664576', '0.001072314', '0.001095092', '0.001048880', '0.001050408', '0.022941753', '0.020059353', '0.018396039']" 
9 DIS View4 0.121 0.189 0.587 0.089 0.203 0.599 nan 1120.0 11201.0 "['0.002226703', '0.002186561', '0.002191887', '0.007536963', '0.022409862', '0.002186193', '0.028491642', '0.008644049', '0.002228798', '0.002139043', '0.015625270', '0.002132481', '0.029567823', '0.013126774', '0.002179307', '0.002216758', '0.002144303', '0.002164894', '0.002172669', '0.009165317', '0.002146528', '0.021673003', '0.002120809', '0.035340283', '0.013256492', '0.002193345', '0.002187741', '0.002187559', '0.013653311', '0.035340283', '0.028050181', '0.011606573', '0.015007340', '0.033540443', '0.028236091', '0.009084445', '0.002199509', '0.002120809', '0.007163379', '0.002130556', '0.029972151', '0.002015070', '0.013748943', '0.010330249', '0.014157200', '0.039832514', '0.002130556', '0.030800175', '0.002117480', '0.002133427', '0.013792743', '0.002179710', '0.026413294', '0.002173437', '0.002007771', '0.013153261', '0.002095151', '0.002169337', '0.002047200', '0.002203922', '0.022409862', '0.002233632', '0.027117992', '0.002132914', '0.011917966', '0.002144303', '0.002224396', '0.015120587', '0.020714508', '0.002215125', '0.002187741', '0.017069083', '0.002125312', '0.001888179', '0.002168056', '0.001995858', '0.002132481', '0.013243448', '0.002170719', '0.002222724', '0.002197612', '0.002179307', '0.002201354', '0.007536963', '0.002190735', '0.011606573', '0.035340283', '0.002132481', '0.008644049', '0.002148155', '0.027117992', '0.002045164', '0.002079919', '0.030529512', '0.002165449', '0.015625270', '0.002225997', '0.002090285', '0.030938035', '0.008120449']" 
9 DIS Concatenated 0.124 0.161 0.522 0.078 0.172 0.400 nan 1120.0 11201.0 "['0.003374655', '0.020783227', '0.003260968', '0.009708109', '0.003162949', '0.003230588', '0.002491781', '0.014980802', '0.017939640', '0.021048497', '0.003313210', '0.002811604', '0.003216850', '0.003339537', '0.021048497', '0.017103298', '0.003324331', '0.018435217', '0.019714322', '0.019673916', '0.003254676', '0.003308226', '0.020244112', '0.001659904', '0.002484263', '0.001657577', '0.002038848', '0.003290466', '0.001657609', '0.003424142', '0.002728599', '0.002821108', '0.002041670', '0.003407403', '0.019858571', '0.021517033', '0.003025121', '0.014307535', '0.002992388', '0.021517033', '0.003295166', '0.011087698', '0.003755695', '0.020096261', '0.018420311', '0.021048497', '0.003480799', '0.021529555', '0.021505890', '0.002034739', '0.012388950', '0.003177354', '0.012822704', '0.007782491', '0.003381189', '0.002730874', '0.003309247', '0.019943256', '0.003369566', '0.002821108', '0.012814754', '0.011087698', '0.002811604', '0.003301884', '0.001806987', '0.012814754', '0.011558414', '0.003373593', '0.003480799', '0.009451022', '0.001806987', '0.019714322', '0.002302516', '0.020155376', '0.002810758', '0.020768601', '0.017575152', '0.020884970', '0.003217174', '0.002300229', '0.019478407', '0.016494829', '0.003262400', '0.018911213', '0.020975167', '0.021405179', '0.003142886', '0.017526599', '0.003327385', '0.003134116', '0.018911213', '0.015307335', '0.021048497', '0.001155054', '0.003111217', '0.020449130', '0.020951292', '0.018435217', '0.003317625', '0.018438039']" 
9 DIS Multiview 0.105 0.189 0.527 0.078 0.236 0.400 0.238 1120.0 11201.0 "[['0.003500555', '0.015804442', '0.003317138', '0.004297125', '0.005447859', '0.006632694', '0.003266674', '0.002978677', '0.016454004', '0.016906966', '0.003404231', '0.005531147', '0.016960457', '0.003288056', '0.003445510', '0.007036946', '0.008031772', '0.017514164', '0.002982015', '0.003179100', '0.046146154', '0.003133846', '0.003106361', '0.002918900', '0.007382463', '0.002967514', '0.003226190', '0.016591312', '0.015628532', '0.002961307', '0.016540326', '0.005029073', '0.016821209', '0.003011292', '0.007379846', '0.003095846', '0.016678758', '0.016603200', '0.004098708', '0.005329601', '0.005342463', '0.003383681', '0.003158912', '0.007392134', '0.003767032', '0.062163755', '0.003536084', '0.017153610', '0.003473881', '0.004145674', '0.017791972', '0.017052524', '0.015979467', '0.004639867', '0.015745960', '0.003213319', '0.029618395', '0.003075039', '0.003552619', '0.006324373', '0.015413191', '0.015249714', '0.006305066', '0.003990246', '0.016419446', '0.003640132', '0.004205841', '0.007192417', '0.040212672', '0.006361387', '0.003316702', '0.052915905', '0.007753440', '0.003102373', '0.003004153', '0.006093487', '0.004695648', '0.008903625', '0.003737408', '0.009338329', '0.003094408', '0.003195953', '0.002913818', '0.003541282', '0.002944927', '0.016786525', '0.005703328', '0.016819453', '0.015739806', '0.003483463', '0.016603183', '0.003070307', '0.012429586', '0.034994647', '0.011247175', '0.007841695', '0.017041244', '0.003091842', '0.011735308', '0.006730154'], ['0.007405430', '0.002843852', '0.003824740', '0.002724888', '0.002933853', '0.002956938', '0.003979509', '0.002928565', '0.014563175', '0.014951225', '0.015016173', '0.002962548', '0.011157596', '0.007679189', '0.002879619', '0.002851130', '0.006688272', '0.003829372', '0.002819810', '0.002819126', '0.053512443', '0.002856007', '0.007660462', '0.004879626', '0.002803182', '0.003045655', '0.002751869', '0.015339537', '0.014659398', '0.003043499', '0.014322557', '0.002863562', '0.014791242', '0.004958684', '0.003094223', '0.006182475', '0.015594730', '0.014580570', '0.014868136', '0.004985685', '0.002800350', '0.002765524', '0.002823771', '0.002769995', '0.002902349', '0.103637129', '0.002891735', '0.014627813', '0.002806449', '0.004196546', '0.014089236', '0.009695346', '0.010159672', '0.015947042', '0.015385761', '0.002795454', '0.037310231', '0.002845567', '0.002851597', '0.003093798', '0.011083275', '0.015854651', '0.002833583', '0.015038901', '0.015367544', '0.009792004', '0.002746027', '0.006395520', '0.047901679', '0.006419067', '0.002797459', '0.060719036', '0.014000469', '0.007718969', '0.002823839', '0.002821765', '0.007402326', '0.008441042', '0.007219384', '0.005193004', '0.002984385', '0.006422353', '0.002718463', '0.003138814', '0.002917332', '0.015703803', '0.003024570', '0.009842472', '0.007976767', '0.002820732', '0.015437667', '0.007085798', '0.002763255', '0.036899354', '0.002920131', '0.016157212', '0.014898243', '0.007038131', '0.002836666', '0.002840366'], ['0.010291352', '0.009660856', '0.002653153', '0.002659875', '0.002462890', '0.002562842', '0.002474882', '0.002480367', '0.003969042', '0.014080552', '0.013319689', '0.002453232', '0.016182164', '0.005768520', '0.007003288', '0.004300372', '0.002535805', '0.016149564', '0.002556661', '0.002709054', '0.024035091', '0.002535731', '0.003976115', '0.002521393', '0.007734794', '0.004120384', '0.007072176', '0.016057270', '0.003057619', '0.002543900', '0.015218695', '0.002495247', '0.015649933', '0.009843729', '0.002488354', '0.003432823', '0.015080980', '0.015522894', '0.015768535', '0.002498461', '0.002456675', '0.004503809', '0.006088343', '0.002847773', '0.004995538', '0.074023396', '0.008078128', '0.014402848', '0.006157809', '0.002325396', '0.015070966', '0.014173762', '0.015926594', '0.015274329', '0.014899924', '0.004993012', '0.037202708', '0.002484774', '0.010221724', '0.009701503', '0.014208444', '0.003619690', '0.002698845', '0.015487497', '0.015982054', '0.009565576', '0.004834085', '0.002503075', '0.053107612', '0.014577844', '0.006118631', '0.079776466', '0.015858505', '0.008795381', '0.002448561', '0.004115303', '0.002533175', '0.002719977', '0.009943390', '0.002733010', '0.004158522', '0.002478933', '0.002431355', '0.005985632', '0.002469961', '0.015385243', '0.002595715', '0.016478494', '0.002589294', '0.007271251', '0.014773284', '0.002513196', '0.002472416', '0.036479045', '0.002642778', '0.015752427', '0.015563359', '0.002638170', '0.007354422', '0.002582087'], ['0.003698693', '0.003723026', '0.006674623', '0.003926128', '0.003954245', '0.011540401', '0.009416682', '0.003796198', '0.020441629', '0.019262388', '0.021971365', '0.003616213', '0.019251592', '0.003670350', '0.011802719', '0.003876638', '0.003806138', '0.022039080', '0.006101816', '0.006981840', '0.008436927', '0.004866628', '0.003845085', '0.003679978', '0.003845702', '0.003659679', '0.003778615', '0.019879963', '0.019325132', '0.004941122', '0.018865632', '0.003872100', '0.019647297', '0.003719856', '0.008783033', '0.003704493', '0.015448680', '0.018777905', '0.019734111', '0.004070775', '0.003725642', '0.005936872', '0.009761026', '0.005496325', '0.003598314', '0.029992744', '0.011052701', '0.015020759', '0.009365615', '0.003636676', '0.014295745', '0.019579053', '0.020552849', '0.023345221', '0.020233387', '0.003801462', '0.009767414', '0.003839199', '0.008508048', '0.003647678', '0.019393327', '0.021000717', '0.007976395', '0.023253368', '0.020922035', '0.003782361', '0.003705420', '0.003840677', '0.019992411', '0.019904299', '0.005577736', '0.008499110', '0.019635912', '0.003719403', '0.005228503', '0.003628087', '0.003640146', '0.003685831', '0.003812645', '0.003706229', '0.003952513', '0.003882360', '0.005589241', '0.007633199', '0.003839611', '0.020018086', '0.003602254', '0.018900275', '0.003688884', '0.005739115', '0.020933436', '0.005185253', '0.003653818', '0.007339986', '0.016093528', '0.021566145', '0.020080641', '0.005853463', '0.004057062', '0.005895331']]" "['0.048404656', '0.324596554', '0.360407203', '0.266591579']"
9 DIS_inv View1 0.329 0.348 1.037 0.193 0.312 0.014 nan 1120.0 11201.0 "['0.008788803', '0.013747840', '0.008430526', '0.009409469', '0.009647740', '0.009470515', '0.008675396', '0.008857497', '0.013135359', '0.013160524', '0.008410777', '0.009647740', '0.013108063', '0.008754220', '0.008815993', '0.009814170', '0.009916052', '0.013293156', '0.008813170', '0.008576476', '0.013793635', '0.009079902', '0.008815993', '0.008968434', '0.009647740', '0.008815993', '0.008643164', '0.012977026', '0.009058231', '0.008813170', '0.009418160', '0.009537118', '0.013200658', '0.012235319', '0.009470515', '0.009060268', '0.009405627', '0.009418160', '0.008620963', '0.009233576', '0.009354045', '0.008362410', '0.009002357', '0.009537118', '0.009079902', '0.009418160', '0.008754220', '0.009828989', '0.008675396', '0.009233576', '0.013747840', '0.013839060', '0.012953766', '0.008788803', '0.009058231', '0.008588301', '0.009119947', '0.008621375', '0.008699932', '0.009713408', '0.008968434', '0.008996389', '0.009066552', '0.008535434', '0.013027708', '0.008788578', '0.009079902', '0.009828989', '0.009703703', '0.012336159', '0.008584399', '0.013284225', '0.008965080', '0.008996389', '0.008996389', '0.009828989', '0.009418160', '0.009814170', '0.008460471', '0.013363826', '0.008996389', '0.008699932', '0.008857497', '0.008394369', '0.009580245', '0.013110113', '0.013110113', '0.009299413', '0.013747840', '0.008367786', '0.009418160', '0.008965080', '0.013729376', '0.009814170', '0.009079902', '0.008965080', '0.013368719', '0.008815993', '0.013354490', '0.009217389']" 
9 DIS_inv View2 0.093 0.180 0.512 0.073 0.224 0.921 nan 1120.0 11201.0 "['0.000951523', '0.000910499', '0.019137960', '0.020040561', '0.012667830', '0.000942570', '0.008051566', '0.050093662', '0.019122772', '0.000938593', '0.019993342', '0.023771562', '0.015631575', '0.000934779', '0.019773539', '0.000914616', '0.008658919', '0.019345328', '0.018935753', '0.000951523', '0.000929384', '0.000930647', '0.012804808', '0.008094626', '0.000932768', '0.000950681', '0.000915027', '0.000955625', '0.000928996', '0.019636724', '0.000909285', '0.000955625', '0.019378498', '0.000938425', '0.000914616', '0.051114123', '0.020040039', '0.018839197', '0.000922775', '0.000914616', '0.044575814', '0.008094626', '0.000932768', '0.000921693', '0.015671775', '0.007374057', '0.000921693', '0.000945427', '0.018938310', '0.000958269', '0.019709142', '0.019659555', '0.000932430', '0.019621195', '0.000914616', '0.039617382', '0.000947806', '0.022612026', '0.000932291', '0.000919375', '0.019567734', '0.000912704', '0.025707280', '0.000936926', '0.000941724', '0.000931502', '0.019172136', '0.000931503', '0.000932768', '0.012804808', '0.018797791', '0.000914616', '0.000951523', '0.000910499', '0.010489658', '0.000936522', '0.000914346', '0.019502282', '0.023771562', '0.000955625', '0.006824798', '0.000914996', '0.000936074', '0.006318325', '0.017987819', '0.006318325', '0.008094626', '0.021699619', '0.019965075', '0.000914996', '0.000934085', '0.000914799', '0.000928338', '0.018058440', '0.000951126', '0.018691152', '0.019527102', '0.019747527', '0.019375961', '0.000938125']" 
9 DIS_inv View3 0.119 0.205 0.640 0.098 0.214 0.881 nan 1120.0 11201.0 "['0.001038964', '0.000983183', '0.021605045', '0.001036743', '0.016203586', '0.001047193', '0.001018868', '0.016673252', '0.017685696', '0.024833808', '0.001039437', '0.001026606', '0.001026136', '0.017101705', '0.010889085', '0.016350389', '0.017640918', '0.001022030', '0.020992184', '0.001006635', '0.001039437', '0.000994124', '0.001002222', '0.001020094', '0.001022333', '0.001022472', '0.019900646', '0.039356440', '0.055549420', '0.017047876', '0.001027533', '0.000999212', '0.001033113', '0.000991304', '0.001032511', '0.017503073', '0.022081867', '0.001027192', '0.019016702', '0.001059450', '0.001008488', '0.000995072', '0.013074640', '0.001026136', '0.001034890', '0.016563017', '0.001008581', '0.001022955', '0.001026136', '0.001029568', '0.001046940', '0.001016382', '0.001033113', '0.017015046', '0.017739259', '0.001019559', '0.009253051', '0.001021115', '0.001022842', '0.017574444', '0.001039437', '0.021241160', '0.017060561', '0.001031096', '0.001016963', '0.017345324', '0.017076915', '0.001037349', '0.009253051', '0.001034466', '0.010315508', '0.009253051', '0.010540299', '0.001021317', '0.016757516', '0.001014287', '0.017488901', '0.020168975', '0.009253051', '0.016914878', '0.038503665', '0.017488901', '0.001024086', '0.010338884', '0.033059947', '0.009253051', '0.029422820', '0.015658932', '0.025427196', '0.001028865', '0.001031096', '0.017503073', '0.041805927', '0.001042365', '0.001048722', '0.001013366', '0.001000826', '0.020045441', '0.017241817', '0.017717183']" 
9 DIS_inv View4 0.112 0.189 0.596 0.090 0.199 0.756 nan 1120.0 11201.0 "['0.001573693', '0.001585927', '0.001585424', '0.001584794', '0.027890630', '0.001592682', '0.017030749', '0.001609809', '0.001608597', '0.001564263', '0.025403695', '0.001562835', '0.019773070', '0.022875365', '0.001584068', '0.001601122', '0.001630385', '0.001574223', '0.017059205', '0.001620724', '0.016498184', '0.027387891', '0.001625190', '0.035527416', '0.024985274', '0.016514577', '0.001587338', '0.001580650', '0.024542468', '0.035527416', '0.016882394', '0.001655628', '0.025129149', '0.016779680', '0.018550834', '0.001616686', '0.001623503', '0.001625190', '0.001580273', '0.001591332', '0.017192936', '0.001542517', '0.024750384', '0.001632834', '0.024959361', '0.016370952', '0.001591332', '0.016940191', '0.001562503', '0.016167115', '0.025161147', '0.001584543', '0.016927745', '0.001590880', '0.001550805', '0.023216860', '0.016465213', '0.001573292', '0.001552144', '0.001600593', '0.027890630', '0.001574311', '0.016654747', '0.001579718', '0.001658326', '0.001630385', '0.001602738', '0.026187861', '0.017470863', '0.001591478', '0.001587338', '0.017369539', '0.015988275', '0.001524066', '0.001591171', '0.001562122', '0.001562835', '0.023232214', '0.017092183', '0.001600597', '0.001619959', '0.001584068', '0.001615620', '0.001584794', '0.001644909', '0.001655628', '0.035527416', '0.001562835', '0.001609809', '0.016741132', '0.016654747', '0.016011009', '0.001557980', '0.031959247', '0.001587616', '0.025403695', '0.001604827', '0.001591345', '0.016885392', '0.001590917']" 
9 DIS_inv Concatenated 0.090 0.175 0.485 0.068 0.228 0.864 nan 1120.0 11201.0 "['0.020543244', '0.011592411', '0.020670282', '0.000946505', '0.020480331', '0.000912902', '0.037106480', '0.016912362', '0.020966865', '0.005841646', '0.019921338', '0.000921060', '0.000912439', '0.019713195', '0.005841646', '0.032305300', '0.019553345', '0.000944272', '0.000932827', '0.000960205', '0.000921578', '0.020450637', '0.000951587', '0.020938065', '0.000921316', '0.021012172', '0.000935372', '0.000929241', '0.019925939', '0.000899306', '0.000923140', '0.020136552', '0.020479102', '0.000918409', '0.000965470', '0.018150918', '0.000947260', '0.020528257', '0.020590669', '0.018150918', '0.020629168', '0.000921987', '0.020986257', '0.000947157', '0.021055421', '0.005841646', '0.000920513', '0.020623075', '0.016214414', '0.000917589', '0.000920412', '0.024372805', '0.010623840', '0.000945143', '0.000906188', '0.000934631', '0.020656848', '0.000944881', '0.019322485', '0.020136552', '0.009968601', '0.000921987', '0.000921060', '0.020540744', '0.000917747', '0.009968601', '0.027711872', '0.000910427', '0.000920513', '0.000920795', '0.000917747', '0.000932827', '0.000946724', '0.000965934', '0.000918833', '0.000952205', '0.000926768', '0.012954860', '0.000912410', '0.000929633', '0.032082669', '0.024084624', '0.020834167', '0.016413501', '0.013738837', '0.009943609', '0.020518374', '0.020994518', '0.020708390', '0.000916290', '0.016413501', '0.000922189', '0.005841646', '0.000919153', '0.000917284', '0.009440556', '0.010945357', '0.000944272', '0.000940485', '0.000944770']" 
9 DIS_inv Multiview 0.098 0.187 0.508 0.073 0.241 0.302 0.349 1120.0 11201.0 "[['0.004167079', '0.017060162', '0.005229811', '0.003638381', '0.004646759', '0.003845782', '0.003660999', '0.003177275', '0.019984996', '0.020375593', '0.005412068', '0.004737803', '0.020281577', '0.003337465', '0.003572892', '0.005091355', '0.006488865', '0.023683876', '0.003234047', '0.003317389', '0.032706834', '0.003442718', '0.003271355', '0.003380002', '0.005955504', '0.003246901', '0.003211950', '0.019609530', '0.009789638', '0.003235918', '0.005526925', '0.004827616', '0.011567281', '0.003977960', '0.005827321', '0.003514523', '0.004853008', '0.019884359', '0.006684592', '0.003633925', '0.004835996', '0.003024092', '0.003721576', '0.022017192', '0.003494521', '0.025793364', '0.003521138', '0.022372195', '0.003344242', '0.003482872', '0.018621333', '0.027285630', '0.019184187', '0.006669116', '0.003829564', '0.003076793', '0.003572399', '0.003082331', '0.003777841', '0.034438360', '0.015027452', '0.009156155', '0.020413103', '0.006418952', '0.019683946', '0.003917284', '0.003583133', '0.006683730', '0.039013512', '0.018344490', '0.003313702', '0.029782746', '0.011096099', '0.003696701', '0.003417410', '0.004790219', '0.003721297', '0.007759249', '0.003551917', '0.024974022', '0.003546307', '0.003183177', '0.003808918', '0.003085950', '0.003251501', '0.020035001', '0.023553383', '0.020668473', '0.019124307', '0.003224961', '0.020023776', '0.003258628', '0.013051973', '0.007954258', '0.014035531', '0.011007978', '0.021126455', '0.003629807', '0.014712709', '0.007134974'], ['0.013111297', '0.003923636', '0.017021181', '0.003150900', '0.003800326', '0.003843423', '0.006730358', '0.003741720', '0.017888201', '0.018900467', '0.018261313', '0.003847611', '0.016981771', '0.007040924', '0.003638338', '0.003672900', '0.006252973', '0.007641034', '0.003625484', '0.004144251', '0.021807183', '0.003636918', '0.006553528', '0.005349947', '0.003264050', '0.003901995', '0.003420857', '0.019056855', '0.016940054', '0.004707278', '0.004495387', '0.003719734', '0.007132782', '0.007556204', '0.004121003', '0.005740720', '0.006675587', '0.018067190', '0.019739393', '0.003995239', '0.003586574', '0.003425607', '0.003477193', '0.011442092', '0.003723864', '0.027654327', '0.003804206', '0.018576190', '0.003426870', '0.004789660', '0.004960939', '0.013784373', '0.016736811', '0.025882034', '0.006263583', '0.003566125', '0.005468603', '0.003599656', '0.003881090', '0.018419201', '0.016758984', '0.034905553', '0.012222375', '0.019517064', '0.020485947', '0.011158797', '0.003248213', '0.007367645', '0.026633829', '0.017288202', '0.003710894', '0.027646290', '0.017510902', '0.007186438', '0.003573404', '0.003584056', '0.006434110', '0.009571801', '0.009228285', '0.020057866', '0.003937703', '0.007467073', '0.003296153', '0.004054135', '0.003741419', '0.021520033', '0.019612527', '0.013658401', '0.013436195', '0.003797505', '0.021036921', '0.006674522', '0.003422067', '0.007883860', '0.003538091', '0.025606666', '0.018695399', '0.009336965', '0.003764378', '0.003860284'], ['0.015023831', '0.011043819', '0.014685827', '0.003161799', '0.002609359', '0.002982462', '0.002533977', '0.002736736', '0.009028050', '0.016658578', '0.015354472', '0.002485938', '0.022597024', '0.004808161', '0.006423273', '0.003411569', '0.002976067', '0.021273091', '0.003047317', '0.004429994', '0.017387124', '0.002945451', '0.003412977', '0.002951603', '0.007182954', '0.004334276', '0.007538663', '0.022248553', '0.002092761', '0.003027389', '0.007494216', '0.002878177', '0.011471712', '0.012196862', '0.002074253', '0.003336398', '0.003750336', '0.020378003', '0.025969401', '0.002671081', '0.002598502', '0.004312427', '0.005331988', '0.015677933', '0.004435035', '0.031939737', '0.006870384', '0.016815392', '0.005772315', '0.001770081', '0.012085746', '0.017157773', '0.020793082', '0.023657458', '0.003736517', '0.005314638', '0.003502507', '0.002766991', '0.011580937', '0.038543306', '0.016328257', '0.002729145', '0.015651654', '0.020959353', '0.022923028', '0.010198633', '0.004219471', '0.002827213', '0.024770662', '0.018224666', '0.007308983', '0.029631963', '0.024865467', '0.007184013', '0.002589628', '0.003400442', '0.002974140', '0.003481256', '0.011565595', '0.015309658', '0.004500130', '0.002358544', '0.004372482', '0.005180506', '0.002648181', '0.020074273', '0.014333352', '0.026844107', '0.002502575', '0.008606872', '0.017773861', '0.002371916', '0.002686115', '0.004181913', '0.003629673', '0.023915902', '0.020537017', '0.003471188', '0.012304327', '0.003287564'], ['0.003929648', '0.004238326', '0.021360181', '0.004099845', '0.004196608', '0.007238373', '0.013192395', '0.004019988', '0.021354569', '0.019822164', '0.022846166', '0.003724453', '0.019715432', '0.003839735', '0.009432649', '0.004099707', '0.004205029', '0.023461794', '0.005708979', '0.008598099', '0.010268088', '0.004203386', '0.004110122', '0.003893282', '0.004258542', '0.003837569', '0.004078147', '0.020684816', '0.018018251', '0.004340593', '0.004707183', '0.004187837', '0.004886060', '0.004214494', '0.008111793', '0.003926651', '0.004339553', '0.019006580', '0.019977832', '0.004127804', '0.003977283', '0.005388240', '0.007476374', '0.018864786', '0.003568827', '0.008133600', '0.008445394', '0.015656957', '0.008035313', '0.003722344', '0.004706380', '0.020102287', '0.021732593', '0.026326394', '0.007836956', '0.004123611', '0.003659812', '0.004072232', '0.009298123', '0.005674193', '0.019538438', '0.036294591', '0.020704580', '0.029020278', '0.024542410', '0.004122622', '0.003899020', '0.004267428', '0.007953301', '0.019738900', '0.006759655', '0.004516646', '0.020257501', '0.004057897', '0.004284665', '0.003688483', '0.003736570', '0.003779468', '0.004406750', '0.011678712', '0.004267664', '0.004288261', '0.008617416', '0.006577181', '0.004045961', '0.020792546', '0.005410080', '0.018950080', '0.003655517', '0.007124362', '0.024893092', '0.004259209', '0.003884649', '0.004142867', '0.020971680', '0.025446983', '0.021119937', '0.007222651', '0.004629721', '0.007387704']]" "['0.030272510', '0.411309332', '0.297402710', '0.261015385']"
9 Cbound View1 0.246 0.330 0.873 0.148 0.365 0.485 nan 1120.0 1120.0 "['0.002499775', '0.030669270', '0.002446149', '0.008574245', '0.009961604', '0.008874089', '0.002470995', '0.002500383', '0.029513374', '0.029609216', '0.002444483', '0.009961604', '0.029381502', '0.002499150', '0.002516025', '0.010472486', '0.011094836', '0.029986044', '0.002513763', '0.002462126', '0.030712038', '0.004164951', '0.002516025', '0.002626825', '0.009961604', '0.002516025', '0.002461211', '0.028420461', '0.003638220', '0.002513763', '0.007836829', '0.010160662', '0.029753475', '0.002581399', '0.008874089', '0.002748415', '0.008461298', '0.007836829', '0.002460854', '0.006891425', '0.008021734', '0.002440353', '0.002658145', '0.010160662', '0.004164951', '0.007836829', '0.002499150', '0.012009407', '0.002470995', '0.006891425', '0.030669270', '0.030748179', '0.028083846', '0.002499775', '0.003638220', '0.002455386', '0.005096564', '0.002469079', '0.002481938', '0.010750081', '0.002626825', '0.002660065', '0.003920616', '0.002454872', '0.028942242', '0.002506918', '0.004164951', '0.012009407', '0.010020481', '0.002587960', '0.002459415', '0.029964846', '0.002546572', '0.002660065', '0.002660065', '0.012009407', '0.007836829', '0.010472486', '0.002448730', '0.030149942', '0.002660065', '0.002481938', '0.002500383', '0.002442484', '0.002551521', '0.029402871', '0.029402871', '0.006899415', '0.030669270', '0.002440151', '0.007836829', '0.002546572', '0.030655479', '0.010472486', '0.004164951', '0.002546572', '0.030151971', '0.002516025', '0.030120786', '0.006801178']" 
9 Cbound View2 0.101 0.175 0.579 0.074 0.201 1.750 nan 1120.0 1120.0 "['0.002428405', '0.000216528', '0.032974966', '0.034965552', '0.008453579', '0.000221848', '0.004334101', '0.033554904', '0.000228063', '0.003589383', '0.000220950', '0.000221919', '0.035518080', '0.002675206', '0.034945957', '0.000215852', '0.004617262', '0.033092026', '0.000219574', '0.002428405', '0.000224507', '0.000218699', '0.008006650', '0.010753678', '0.000218052', '0.000227267', '0.000216432', '0.002619602', '0.000220407', '0.033857521', '0.000215635', '0.002619602', '0.033147082', '0.003090439', '0.000215852', '0.000222953', '0.034962039', '0.000224405', '0.000218228', '0.000215852', '0.033073656', '0.010753678', '0.000218052', '0.000220769', '0.037470981', '0.008253714', '0.000220769', '0.006769379', '0.034623299', '0.033204511', '0.033401083', '0.033826839', '0.000220210', '0.033649016', '0.000215852', '0.035194591', '0.001927256', '0.000221303', '0.000218922', '0.000220068', '0.033818033', '0.000215064', '0.034895208', '0.001310784', '0.003998490', '0.000218591', '0.000227846', '0.000218081', '0.000218052', '0.008006650', '0.000222519', '0.000215852', '0.002428405', '0.000216528', '0.037078839', '0.002054595', '0.000215923', '0.034019154', '0.000221919', '0.002619602', '0.003029540', '0.000216706', '0.000225816', '0.004549685', '0.000218514', '0.004549685', '0.010753678', '0.034837794', '0.034784019', '0.000216706', '0.000226104', '0.000216925', '0.000217489', '0.000218652', '0.002016831', '0.000219569', '0.033585336', '0.000225627', '0.034385391', '0.002164436']" 
9 Cbound View3 0.135 0.202 0.663 0.099 0.205 1.716 nan 1120.0 1120.0 "['0.002931861', '0.000238293', '0.031970914', '0.000246130', '0.030233938', '0.000250780', '0.000238730', '0.000244313', '0.029677795', '0.030903185', '0.000240463', '0.000238507', '0.001602722', '0.028271809', '0.006013483', '0.000242482', '0.029956650', '0.000243582', '0.008312467', '0.000240358', '0.000240463', '0.000237141', '0.000237805', '0.000244078', '0.000255551', '0.000239789', '0.031087177', '0.031526193', '0.031144097', '0.000252747', '0.000256015', '0.000236590', '0.000246390', '0.000237016', '0.000244370', '0.029719040', '0.030854149', '0.000256015', '0.006163755', '0.000249792', '0.000238875', '0.000237007', '0.030575225', '0.001602722', '0.000240509', '0.000243192', '0.000239069', '0.000239031', '0.001602722', '0.000240356', '0.003322806', '0.000246903', '0.000246390', '0.028505800', '0.029208818', '0.000240647', '0.003677181', '0.000241041', '0.000254154', '0.029938821', '0.000240463', '0.006742093', '0.000252923', '0.002287933', '0.000247806', '0.028373310', '0.027989397', '0.000240756', '0.003677181', '0.000239267', '0.006785920', '0.003677181', '0.006259118', '0.000252163', '0.000248128', '0.000245605', '0.029705383', '0.030338792', '0.003677181', '0.000240341', '0.031073742', '0.029705383', '0.001591287', '0.004000662', '0.030960849', '0.003677181', '0.031351857', '0.029907510', '0.030958148', '0.001680913', '0.002287933', '0.029719040', '0.031115392', '0.000241439', '0.000251164', '0.000238937', '0.000237432', '0.032049764', '0.029006634', '0.030655883']" 
9 Cbound View4 0.121 0.193 0.638 0.090 0.205 1.935 nan 1120.0 1120.0 "['0.000177940', '0.000177708', '0.000177726', '0.000183376', '0.007239117', '0.000177116', '0.026448907', '0.026783951', '0.026776411', '0.000173881', '0.027952716', '0.000174151', '0.027960040', '0.002403406', '0.000182435', '0.000178625', '0.000173108', '0.000175238', '0.000182460', '0.026947875', '0.025728462', '0.027949790', '0.000171914', '0.028486526', '0.027674317', '0.025929935', '0.000178369', '0.000174663', '0.002472657', '0.028486526', '0.026299713', '0.000179593', '0.027779691', '0.026432395', '0.027276659', '0.006694038', '0.000180699', '0.000171914', '0.000179370', '0.000175133', '0.026619112', '0.000168084', '0.002429891', '0.000178644', '0.027596392', '0.026314234', '0.000175133', '0.026468057', '0.000176649', '0.025574673', '0.005674648', '0.000182180', '0.026316945', '0.000181470', '0.000169776', '0.002230638', '0.000174751', '0.000173816', '0.000169112', '0.000177798', '0.007239117', '0.000177658', '0.025999393', '0.000179161', '0.000184066', '0.000173108', '0.000177687', '0.027219199', '0.026318934', '0.000179363', '0.000178369', '0.026373206', '0.025555937', '0.000165996', '0.026266292', '0.000169723', '0.000174151', '0.002485820', '0.000182678', '0.000179490', '0.026466252', '0.000182435', '0.000178336', '0.000183376', '0.000179021', '0.000179593', '0.028486526', '0.000174151', '0.026783951', '0.025648028', '0.025999393', '0.000175101', '0.000172087', '0.009612574', '0.000182205', '0.027952716', '0.000179114', '0.000173758', '0.026432328', '0.002659257']" 
9 Cbound Concatenated 0.085 0.175 0.569 0.068 0.214 1.868 nan 1120.0 1120.0 "['0.000161152', '0.003671442', '0.029831672', '0.000161614', '0.029385464', '0.000156103', '0.030099688', '0.031140756', '0.031193573', '0.001505363', '0.000158789', '0.000157624', '0.000156052', '0.000158311', '0.001505363', '0.031232907', '0.000163223', '0.001909457', '0.000161658', '0.001784875', '0.000156821', '0.028879136', '0.001752375', '0.030597091', '0.000157100', '0.000163634', '0.000157713', '0.000157781', '0.003867571', '0.000158611', '0.000158279', '0.029369447', '0.000161859', '0.000157579', '0.001829464', '0.006848717', '0.000163006', '0.030987749', '0.030238623', '0.006848717', '0.029277902', '0.000156421', '0.030725857', '0.001714569', '0.031212509', '0.001505363', '0.000155726', '0.007768447', '0.005086072', '0.000155994', '0.000156298', '0.000162847', '0.030952653', '0.031088715', '0.000157110', '0.000162758', '0.029455235', '0.001292885', '0.000157584', '0.029369447', '0.030947817', '0.000156421', '0.000157624', '0.029670613', '0.000155554', '0.030947817', '0.030934528', '0.000156818', '0.000155726', '0.000156322', '0.000155554', '0.000161658', '0.000159856', '0.002991345', '0.000156157', '0.001128037', '0.000159520', '0.003368631', '0.000156039', '0.000156794', '0.032141205', '0.031184584', '0.029838629', '0.032604761', '0.003509864', '0.003297259', '0.029484374', '0.031129139', '0.029427813', '0.000155884', '0.032604761', '0.000156978', '0.001505363', '0.000155582', '0.000157305', '0.002670959', '0.005806298', '0.001909457', '0.000157002', '0.001849279']" 
9 Cbound Multiview 0.117 0.212 0.613 0.084 0.261 0.043 0.029 1120.0 1120.0 "[['0.007014866', '0.012467925', '0.007022516', '0.012148475', '0.012455684', '0.012323065', '0.007004096', '0.006939575', '0.012848602', '0.012693227', '0.007030795', '0.012220691', '0.006800019', '0.007014308', '0.007004599', '0.012543083', '0.012376054', '0.012565953', '0.006941549', '0.007014847', '0.012473118', '0.011778830', '0.007093524', '0.009210868', '0.012455623', '0.006990762', '0.007024167', '0.007174642', '0.011132487', '0.006935692', '0.012639775', '0.011995483', '0.012843169', '0.006978899', '0.012458652', '0.012224354', '0.012595632', '0.012035740', '0.007048429', '0.012200856', '0.012146639', '0.007051177', '0.012162713', '0.012091474', '0.011789844', '0.012387617', '0.007019913', '0.012487375', '0.007044666', '0.012028160', '0.012544755', '0.012513777', '0.007064172', '0.007083622', '0.012610498', '0.007021645', '0.012350162', '0.006976959', '0.007033794', '0.012029479', '0.009344900', '0.012326387', '0.012075716', '0.007088447', '0.007131455', '0.007009929', '0.011859072', '0.012452278', '0.012469078', '0.006916229', '0.007016717', '0.012534508', '0.006974541', '0.012063704', '0.010779017', '0.012265099', '0.011901433', '0.012465480', '0.007046500', '0.012355920', '0.010714444', '0.006989398', '0.006970937', '0.007069807', '0.006931511', '0.007583709', '0.006776179', '0.012179015', '0.012476608', '0.007027918', '0.012652523', '0.006974295', '0.012436792', '0.012549477', '0.012292323', '0.007153201', '0.012644390', '0.006936916', '0.012364036', '0.012041111'], ['0.011878756', '0.007127763', '0.007087183', '0.007237948', '0.013223594', '0.007024782', '0.007004844', '0.007003948', '0.013477622', '0.013313176', '0.007031922', '0.007027416', '0.007161460', '0.013132819', '0.007242264', '0.013611231', '0.013130364', '0.007282868', '0.007119528', '0.007175050', '0.012988734', '0.007065522', '0.013272407', '0.013031389', '0.007281102', '0.011591498', '0.007205442', '0.013347606', '0.007054728', '0.007029324', '0.013602752', '0.007093686', '0.013427692', '0.009207174', '0.013225857', '0.013255312', '0.013351243', '0.007041477', '0.012279610', '0.012935847', '0.007166965', '0.007228086', '0.007290540', '0.007196670', '0.007013667', '0.013273565', '0.007211941', '0.013341292', '0.007239558', '0.009175632', '0.013498218', '0.007326332', '0.007223241', '0.013260061', '0.013352367', '0.007146748', '0.013254378', '0.007088847', '0.007222180', '0.007183987', '0.007104456', '0.013278454', '0.007221726', '0.013333566', '0.013261839', '0.013158137', '0.007230198', '0.013250766', '0.013261126', '0.007097124', '0.007166293', '0.013273383', '0.007118210', '0.013246368', '0.007153003', '0.007146792', '0.013155770', '0.013262945', '0.012954753', '0.012783821', '0.007085068', '0.013033323', '0.007211071', '0.013217088', '0.007055840', '0.013289913', '0.006998952', '0.007153601', '0.011806563', '0.007097372', '0.013370380', '0.013168134', '0.007178898', '0.013321711', '0.007245235', '0.013276684', '0.013501631', '0.012895343', '0.007232170', '0.007125084'], ['0.012544853', '0.012541958', '0.006812906', '0.006781916', '0.006940679', '0.006858920', '0.006889068', '0.006843454', '0.006956621', '0.007130466', '0.006741465', '0.006889963', '0.012456736', '0.012418759', '0.012458384', '0.012697781', '0.006863461', '0.012641228', '0.006710425', '0.006744559', '0.006748975', '0.006833556', '0.012559025', '0.006821922', '0.012620853', '0.012380893', '0.012489627', '0.012655308', '0.006865634', '0.006828601', '0.012781764', '0.006853796', '0.012702839', '0.012551672', '0.006936262', '0.012297129', '0.012698262', '0.012505349', '0.012568763', '0.006890516', '0.006882619', '0.012315313', '0.012582093', '0.006872598', '0.012405978', '0.012611056', '0.012522115', '0.007175003', '0.012428365', '0.006922187', '0.012880771', '0.010698810', '0.012553545', '0.012612633', '0.012696008', '0.012277632', '0.012572581', '0.006843186', '0.012569499', '0.012574226', '0.006773098', '0.006953016', '0.006892630', '0.012661754', '0.012634016', '0.012505725', '0.012380217', '0.006944606', '0.012579791', '0.009829927', '0.012213171', '0.012651101', '0.012569373', '0.012615594', '0.006904479', '0.012029177', '0.006831219', '0.012320536', '0.012527829', '0.006801305', '0.012215711', '0.006903441', '0.006893451', '0.012608260', '0.006860303', '0.012640272', '0.006824873', '0.012580806', '0.006916099', '0.012417872', '0.012962877', '0.006918112', '0.006892331', '0.012656133', '0.006846365', '0.012638222', '0.012728851', '0.006761385', '0.006814214', '0.006791266'], ['0.007213361', '0.007022172', '0.009845922', '0.011002417', '0.013334769', '0.013148847', '0.009667165', '0.007033942', '0.013317434', '0.013453710', '0.011914480', '0.007157290', '0.008212387', '0.007200388', '0.013142390', '0.013547583', '0.007074418', '0.013296329', '0.012771199', '0.012872619', '0.007215333', '0.012396166', '0.013196919', '0.007107168', '0.013231970', '0.007171511', '0.006991812', '0.013323229', '0.006986042', '0.011409621', '0.013554662', '0.007022897', '0.013349987', '0.007146421', '0.013279934', '0.007325433', '0.013396331', '0.007197807', '0.007093392', '0.006979960', '0.007084989', '0.012847648', '0.013230565', '0.007093306', '0.007211674', '0.007275712', '0.013125137', '0.013509562', '0.013086304', '0.007191453', '0.011967274', '0.013436316', '0.013146218', '0.013253459', '0.013352413', '0.007052860', '0.007261429', '0.007012737', '0.012760286', '0.007203133', '0.006996813', '0.013271391', '0.012583009', '0.013263344', '0.013254876', '0.007193430', '0.007026349', '0.013183348', '0.007269985', '0.007050751', '0.006996870', '0.007253778', '0.011700254', '0.007339415', '0.013012052', '0.007191240', '0.007199707', '0.007248702', '0.007200753', '0.007197837', '0.006978012', '0.007039497', '0.010034754', '0.013276587', '0.008680507', '0.013396054', '0.007140948', '0.007226700', '0.007219190', '0.007014388', '0.013311870', '0.013018537', '0.007122728', '0.013343821', '0.013058511', '0.013258513', '0.013444497', '0.007010115', '0.012278457', '0.007004467']]" "['0.156454369', '0.282926083', '0.278917968', '0.281701595']"
9 C_TND View1 0.300 0.340 0.929 0.170 0.340 0.080 nan 1120.0 1120.0 "['0.007072749', '0.023823982', '0.005922680', '0.008924118', '0.009412073', '0.009131074', '0.006598842', '0.007135233', '0.015718346', '0.014651567', '0.005864940', '0.009412073', '0.014894299', '0.006995906', '0.007215071', '0.009568117', '0.009821114', '0.019994538', '0.007187332', '0.006345583', '0.023038173', '0.008180924', '0.007215071', '0.007812642', '0.009412073', '0.007215071', '0.006376612', '0.016179021', '0.008112659', '0.007187332', '0.008797058', '0.009153117', '0.011849320', '0.008522131', '0.009131074', '0.008149213', '0.008909559', '0.008797058', '0.006344215', '0.008648679', '0.008910468', '0.005743515', '0.007926191', '0.009153117', '0.008180924', '0.008797058', '0.006995906', '0.009396285', '0.006598842', '0.008648679', '0.023823982', '0.022267455', '0.018743841', '0.007072749', '0.008112659', '0.006189158', '0.008320586', '0.006501256', '0.006755723', '0.008996617', '0.007812642', '0.007910578', '0.008147389', '0.006165132', '0.017138304', '0.007095578', '0.008180924', '0.009396285', '0.009450832', '0.008576185', '0.006295155', '0.019883562', '0.007584730', '0.007910578', '0.007910578', '0.009396285', '0.008797058', '0.009568117', '0.005995377', '0.014957624', '0.007910578', '0.006755723', '0.007135233', '0.005775528', '0.008303872', '0.017386219', '0.017386219', '0.008677500', '0.023823982', '0.005723276', '0.008797058', '0.007584730', '0.023979049', '0.009568117', '0.008180924', '0.007584730', '0.014916564', '0.007215071', '0.014638320', '0.008628807']" 
9 C_TND View2 0.116 0.170 0.542 0.076 0.188 0.003 nan 1120.0 1120.0 "['0.010096920', '0.008782035', '0.010338355', '0.011973326', '0.010384184', '0.009596254', '0.010300688', '0.010278830', '0.010291697', '0.009921050', '0.009554418', '0.009639086', '0.010494805', '0.010074491', '0.011057699', '0.008942654', '0.010325836', '0.010869524', '0.009339833', '0.010096920', '0.009637739', '0.009319167', '0.011089545', '0.010208786', '0.009243290', '0.009786421', '0.009038347', '0.010163765', '0.009471282', '0.011549008', '0.008430528', '0.010163765', '0.010612403', '0.010191733', '0.008942654', '0.009783782', '0.011955179', '0.009851540', '0.009257671', '0.008942654', '0.010154667', '0.010208786', '0.009243290', '0.009489394', '0.011376792', '0.010750580', '0.009489394', '0.010032346', '0.010504875', '0.009967122', '0.011391269', '0.011246865', '0.009472709', '0.010813114', '0.008942654', '0.011164233', '0.009976564', '0.009588351', '0.009346853', '0.009426337', '0.011010091', '0.008604199', '0.010814663', '0.009774740', '0.009950513', '0.009302963', '0.010393041', '0.009247106', '0.009243290', '0.011089545', '0.009713672', '0.008942654', '0.010096920', '0.008782035', '0.010950508', '0.009929781', '0.008949406', '0.010939892', '0.009639086', '0.010163765', '0.010136969', '0.009084350', '0.009836160', '0.010740292', '0.009167500', '0.010740292', '0.010208786', '0.010710430', '0.011552561', '0.009084350', '0.009872561', '0.009094652', '0.009160168', '0.009182562', '0.010036096', '0.009406712', '0.011017995', '0.010198490', '0.010650262', '0.009996899']" 
9 C_TND View3 0.142 0.214 0.678 0.104 0.221 0.008 nan 1120.0 1120.0 "['0.010239575', '0.006869046', '0.011540387', '0.009510793', '0.010291728', '0.009745359', '0.008504246', '0.009330885', '0.012603982', '0.011006527', '0.008835888', '0.007767199', '0.009904896', '0.010300980', '0.010890778', '0.009129140', '0.011998730', '0.009339411', '0.011536894', '0.009061738', '0.008835888', '0.007404170', '0.008074451', '0.009392572', '0.009835158', '0.008790947', '0.012118071', '0.011820463', '0.011945640', '0.009883782', '0.009846289', '0.007855018', '0.009526348', '0.007575219', '0.009399986', '0.011762226', '0.010936931', '0.009846289', '0.011422363', '0.009696638', '0.008886839', '0.007981919', '0.010503083', '0.009904896', '0.008843262', '0.009213351', '0.008913472', '0.008542657', '0.009904896', '0.008915056', '0.010360491', '0.009552223', '0.009526348', '0.010253554', '0.010012937', '0.008860211', '0.010897256', '0.008920954', '0.009799685', '0.011735977', '0.008835888', '0.011532056', '0.009892171', '0.010019611', '0.009591496', '0.010691774', '0.010172812', '0.008882591', '0.010897256', '0.008671823', '0.010853375', '0.010897256', '0.010865049', '0.009744904', '0.009637827', '0.009482069', '0.011663217', '0.010439601', '0.010897256', '0.008660435', '0.011468768', '0.011663217', '0.009890979', '0.010926701', '0.011808384', '0.010897256', '0.011056608', '0.010142721', '0.011054103', '0.009909809', '0.010019611', '0.011762226', '0.012029570', '0.009054445', '0.009753767', '0.008471428', '0.008366246', '0.011438591', '0.010851972', '0.011199446']" 
9 C_TND View4 0.094 0.196 0.585 0.078 0.235 0.004 nan 1120.0 1120.0 "['0.009494277', '0.009508568', '0.009506403', '0.009823378', '0.011041719', '0.009461894', '0.011069149', '0.010071310', '0.010006057', '0.009143336', '0.010901287', '0.009177613', '0.012296040', '0.010139946', '0.009838398', '0.009569624', '0.009062499', '0.009286250', '0.009898030', '0.010067496', '0.010490502', '0.011109554', '0.008902073', '0.011758243', '0.010768589', '0.010742092', '0.009561766', '0.009217040', '0.010133184', '0.011758243', '0.010835003', '0.009611016', '0.010598033', '0.011420495', '0.010323728', '0.010054002', '0.009736976', '0.008902073', '0.009587779', '0.009301600', '0.011049371', '0.008176282', '0.010120469', '0.009543982', '0.010441540', '0.012779538', '0.009301600', '0.011400169', '0.009447863', '0.010680798', '0.010514368', '0.009823661', '0.010961020', '0.009790925', '0.008548563', '0.010058441', '0.009294171', '0.009125989', '0.008409823', '0.009512267', '0.011041719', '0.009468421', '0.010466464', '0.009660059', '0.009857145', '0.009062499', '0.009492242', '0.010791155', '0.010063337', '0.009619695', '0.009561766', '0.010743202', '0.011179014', '0.007516197', '0.009967471', '0.008540251', '0.009177613', '0.010165448', '0.009905566', '0.009628653', '0.010117989', '0.009838398', '0.009563098', '0.009823378', '0.009632193', '0.009611016', '0.011758243', '0.009177613', '0.010071310', '0.010128210', '0.010466464', '0.009366495', '0.008927856', '0.011599255', '0.009840447', '0.010901287', '0.009601836', '0.009162501', '0.011419040', '0.009929386']" 
9 C_TND Concatenated 0.109 0.174 0.538 0.073 0.201 0.007 nan 1120.0 1120.0 "['0.009813191', '0.010767063', '0.011828527', '0.009659096', '0.010441748', '0.008343784', '0.010495952', '0.010577571', '0.012227111', '0.010247006', '0.009342588', '0.009142216', '0.008313636', '0.009210290', '0.010247006', '0.011293251', '0.010031321', '0.010049979', '0.009582957', '0.010107549', '0.008796180', '0.010516637', '0.010179031', '0.011951989', '0.009034817', '0.009856820', '0.009173642', '0.009097949', '0.009946311', '0.007151199', '0.009271861', '0.009995426', '0.009715116', '0.008630243', '0.010141905', '0.011611569', '0.009870383', '0.011124377', '0.011762435', '0.011611569', '0.010866776', '0.008920623', '0.012129978', '0.010143597', '0.012593038', '0.010247006', '0.008644734', '0.011666951', '0.011450049', '0.008707137', '0.008894592', '0.009893066', '0.010522823', '0.010120104', '0.007737714', '0.009817871', '0.011294165', '0.009954013', '0.008901538', '0.009995426', '0.010548318', '0.008920623', '0.009142216', '0.011781330', '0.008532949', '0.010548318', '0.010302755', '0.008096253', '0.008644734', '0.008887254', '0.008532949', '0.009582957', '0.009503548', '0.010472601', '0.008710760', '0.009965237', '0.009425476', '0.010759566', '0.008041537', '0.008962205', '0.010905482', '0.011154689', '0.011854781', '0.010525464', '0.010825637', '0.011093501', '0.010491699', '0.012559188', '0.011439706', '0.008314043', '0.010525464', '0.009064472', '0.010247006', '0.008528738', '0.009035552', '0.010475267', '0.011072642', '0.010049979', '0.008777305', '0.010035293']" 
9 C_TND Multiview 0.090 0.186 0.568 0.072 0.234 0.324 0.462 1120.0 1120.0 "[['0.000011821', '0.497543544', '0.000011393', '0.000078372', '0.000056862', '0.000027940', '0.000011463', '0.000013664', '0.000092425', '0.000094932', '0.000009747', '0.000058538', '0.000100539', '0.000013569', '0.000017094', '0.000063392', '0.000048802', '0.000207177', '0.000014376', '0.000012675', '0.000086293', '0.000032531', '0.000015172', '0.000023981', '0.000067943', '0.000017777', '0.000016424', '0.000088553', '0.000027266', '0.000013672', '0.000035425', '0.000052885', '0.000080478', '0.000035634', '0.000036652', '0.000035461', '0.000026512', '0.000030155', '0.000012859', '0.000032346', '0.000037425', '0.000013311', '0.000039111', '0.000073717', '0.000032535', '0.000031279', '0.000018580', '0.000031638', '0.000015576', '0.000019440', '0.498239189', '0.000144716', '0.000083657', '0.000017371', '0.000035997', '0.000013632', '0.000032301', '0.000015957', '0.000016670', '0.000040379', '0.000033119', '0.000024820', '0.000039570', '0.000014258', '0.000070690', '0.000018708', '0.000031284', '0.000031824', '0.000043819', '0.000036385', '0.000014631', '0.000085358', '0.000033395', '0.000037207', '0.000024584', '0.000038466', '0.000025246', '0.000042957', '0.000013656', '0.000086964', '0.000031526', '0.000013729', '0.000024782', '0.000013154', '0.000020612', '0.000084056', '0.000139524', '0.000044435', '0.000125142', '0.000013773', '0.000025429', '0.000015458', '0.000119052', '0.000057104', '0.000053205', '0.000027797', '0.000092385', '0.000021355', '0.000085044', '0.000036785'], ['0.010034923', '0.000063067', '0.008567383', '0.007833810', '0.012756658', '0.008991033', '0.008176902', '0.012202142', '0.012462372', '0.010886426', '0.014522297', '0.016732581', '0.008368240', '0.013004418', '0.006594171', '0.008207048', '0.015056919', '0.001968479', '0.010518823', '0.008858761', '0.010356323', '0.010799398', '0.017709957', '0.016151192', '0.005030744', '0.010646382', '0.007247116', '0.008489680', '0.016665092', '0.013129841', '0.006881973', '0.009577766', '0.009807874', '0.008992495', '0.011557567', '0.014633752', '0.013601831', '0.007100977', '0.007732807', '0.013218649', '0.015691502', '0.006883685', '0.007094388', '0.005182674', '0.009712661', '0.017854897', '0.008305864', '0.005727755', '0.005256562', '0.017468715', '0.000048819', '0.007372023', '0.004455349', '0.010652382', '0.010691496', '0.006443742', '0.015416880', '0.008508968', '0.005649759', '0.009172027', '0.010594067', '0.013961281', '0.005067571', '0.008039990', '0.008920079', '0.013414652', '0.006742760', '0.013728598', '0.014720726', '0.004648576', '0.005441128', '0.012151285', '0.007884276', '0.012967603', '0.009313087', '0.006222429', '0.017971383', '0.016078055', '0.008051173', '0.010683997', '0.009075259', '0.015536983', '0.007592714', '0.008869173', '0.009927583', '0.012079637', '0.010325190', '0.005977530', '0.017299773', '0.004839546', '0.010631015', '0.015246925', '0.007685940', '0.015422644', '0.007321202', '0.012535696', '0.008431268', '0.011488973', '0.003870425', '0.006511798'], ['0.018096397', '0.000082226', '0.011080313', '0.012872522', '0.002579394', '0.005525794', '0.001301768', '0.003233520', '0.002838341', '0.009116519', '0.007371424', '0.003497085', '0.011459677', '0.010364595', '0.010884398', '0.007134879', '0.004039713', '0.008759094', '0.003490838', '0.009266661', '0.010630743', '0.005983491', '0.006968752', '0.005971454', '0.018130448', '0.013862880', '0.020757752', '0.017104860', '0.001719591', '0.010184587', '0.017428672', '0.005840211', '0.012433779', '0.019160248', '0.000884854', '0.007818468', '0.009016061', '0.013558169', '0.016283916', '0.002235204', '0.003314471', '0.009055557', '0.009275687', '0.018535726', '0.015189355', '0.010003140', '0.010547657', '0.026830232', '0.009474212', '0.000644354', '0.000065249', '0.004171394', '0.014247072', '0.008261948', '0.004205398', '0.015953949', '0.010517627', '0.005717252', '0.016226998', '0.021098493', '0.009489066', '0.002149735', '0.018206026', '0.009693455', '0.005697096', '0.015155717', '0.017148541', '0.004087337', '0.010625865', '0.018562155', '0.013992365', '0.019712809', '0.017142033', '0.014301195', '0.001736211', '0.019432474', '0.004092765', '0.009810921', '0.018266685', '0.009522024', '0.010827982', '0.001339066', '0.006747413', '0.010440070', '0.002942501', '0.005391873', '0.013409057', '0.018439241', '0.003289735', '0.016233103', '0.003386874', '0.001078763', '0.008000235', '0.012793148', '0.005820011', '0.008625400', '0.010381331', '0.006595348', '0.032832108', '0.010297198'], ['0.005194507', '0.000060620', '0.009412501', '0.007491819', '0.012778236', '0.016032550', '0.022586638', '0.012498830', '0.012663378', '0.009240914', '0.008204293', '0.007146500', '0.009959928', '0.006795621', '0.012633314', '0.014718512', '0.011357133', '0.020600105', '0.015164223', '0.010602278', '0.009325162', '0.011233851', '0.006375533', '0.006197280', '0.007203637', '0.005159638', '0.002975785', '0.008348926', '0.013781880', '0.006984766', '0.008496216', '0.012261192', '0.007517154', '0.004350526', '0.015473056', '0.007379992', '0.007213427', '0.012521401', '0.009706170', '0.013289972', '0.008559174', '0.012125121', '0.013246237', '0.008953240', '0.004473845', '0.003812823', '0.011841680', '0.004012650', '0.015298422', '0.007587981', '0.000050505', '0.020344345', '0.015118512', '0.012551039', '0.016911140', '0.008318125', '0.003290273', '0.012258912', '0.010221208', '0.001637870', '0.011135947', '0.016395388', '0.009244476', '0.018215513', '0.020765912', '0.002941478', '0.004243003', '0.009057846', '0.003879990', '0.011482167', '0.011324325', '0.001227687', '0.008281888', '0.003333499', '0.017299699', '0.002989494', '0.004991746', '0.002543008', '0.006728041', '0.009291362', '0.011860339', '0.012084512', '0.014664176', '0.011244496', '0.014231835', '0.017402109', '0.004520255', '0.008365415', '0.004933300', '0.010924161', '0.021244673', '0.012649191', '0.011313954', '0.001916568', '0.019220131', '0.013947407', '0.015668713', '0.011683653', '0.001681927', '0.013520093']]" "['0.018168828', '0.383672237', '0.264466047', '0.333692908']"
10 Uniform View1 0.347 0.363 0.837 0.213 0.299 0.000 nan 1120.0 1120.0 "['0.010000000', '0.010000000', '0.010000000', '0.010000000', '0.010000000', '0.010000000', '0.010000000', '0.010000000', '0.010000000', '0.010000000', '0.010000000', '0.010000000', '0.010000000', '0.010000000', '0.010000000', '0.010000000', '0.010000000', '0.010000000', '0.010000000', '0.010000000', '0.010000000', '0.010000000', '0.010000000', '0.010000000', '0.010000000', '0.010000000', '0.010000000', '0.010000000', '0.010000000', '0.010000000', '0.010000000', '0.010000000', '0.010000000', '0.010000000', '0.010000000', '0.010000000', '0.010000000', '0.010000000', '0.010000000', '0.010000000', '0.010000000', '0.010000000', '0.010000000', '0.010000000', '0.010000000', '0.010000000', '0.010000000', '0.010000000', '0.010000000', '0.010000000', '0.010000000', '0.010000000', '0.010000000', '0.010000000', '0.010000000', '0.010000000', '0.010000000', '0.010000000', '0.010000000', '0.010000000', '0.010000000', '0.010000000', '0.010000000', '0.010000000', '0.010000000', '0.010000000', '0.010000000', '0.010000000', '0.010000000', '0.010000000', '0.010000000', '0.010000000', '0.010000000', '0.010000000', '0.010000000', '0.010000000', '0.010000000', '0.010000000', '0.010000000', '0.010000000', '0.010000000', '0.010000000', '0.010000000', '0.010000000', '0.010000000', '0.010000000', '0.010000000', '0.010000000', '0.010000000', '0.010000000', '0.010000000', '0.010000000', '0.010000000', '0.010000000', '0.010000000', '0.010000000', '0.010000000', '0.010000000', '0.010000000', '0.010000000']" 
10 Uniform View2 0.102 0.180 0.453 0.076 0.208 0.000 nan 1120.0 1120.0 "['0.010000000', '0.010000000', '0.010000000', '0.010000000', '0.010000000', '0.010000000', '0.010000000', '0.010000000', '0.010000000', '0.010000000', '0.010000000', '0.010000000', '0.010000000', '0.010000000', '0.010000000', '0.010000000', '0.010000000', '0.010000000', '0.010000000', '0.010000000', '0.010000000', '0.010000000', '0.010000000', '0.010000000', '0.010000000', '0.010000000', '0.010000000', '0.010000000', '0.010000000', '0.010000000', '0.010000000', '0.010000000', '0.010000000', '0.010000000', '0.010000000', '0.010000000', '0.010000000', '0.010000000', '0.010000000', '0.010000000', '0.010000000', '0.010000000', '0.010000000', '0.010000000', '0.010000000', '0.010000000', '0.010000000', '0.010000000', '0.010000000', '0.010000000', '0.010000000', '0.010000000', '0.010000000', '0.010000000', '0.010000000', '0.010000000', '0.010000000', '0.010000000', '0.010000000', '0.010000000', '0.010000000', '0.010000000', '0.010000000', '0.010000000', '0.010000000', '0.010000000', '0.010000000', '0.010000000', '0.010000000', '0.010000000', '0.010000000', '0.010000000', '0.010000000', '0.010000000', '0.010000000', '0.010000000', '0.010000000', '0.010000000', '0.010000000', '0.010000000', '0.010000000', '0.010000000', '0.010000000', '0.010000000', '0.010000000', '0.010000000', '0.010000000', '0.010000000', '0.010000000', '0.010000000', '0.010000000', '0.010000000', '0.010000000', '0.010000000', '0.010000000', '0.010000000', '0.010000000', '0.010000000', '0.010000000', '0.010000000']" 
10 Uniform View3 0.144 0.198 0.491 0.089 0.218 0.000 nan 1120.0 1120.0 "['0.010000000', '0.010000000', '0.010000000', '0.010000000', '0.010000000', '0.010000000', '0.010000000', '0.010000000', '0.010000000', '0.010000000', '0.010000000', '0.010000000', '0.010000000', '0.010000000', '0.010000000', '0.010000000', '0.010000000', '0.010000000', '0.010000000', '0.010000000', '0.010000000', '0.010000000', '0.010000000', '0.010000000', '0.010000000', '0.010000000', '0.010000000', '0.010000000', '0.010000000', '0.010000000', '0.010000000', '0.010000000', '0.010000000', '0.010000000', '0.010000000', '0.010000000', '0.010000000', '0.010000000', '0.010000000', '0.010000000', '0.010000000', '0.010000000', '0.010000000', '0.010000000', '0.010000000', '0.010000000', '0.010000000', '0.010000000', '0.010000000', '0.010000000', '0.010000000', '0.010000000', '0.010000000', '0.010000000', '0.010000000', '0.010000000', '0.010000000', '0.010000000', '0.010000000', '0.010000000', '0.010000000', '0.010000000', '0.010000000', '0.010000000', '0.010000000', '0.010000000', '0.010000000', '0.010000000', '0.010000000', '0.010000000', '0.010000000', '0.010000000', '0.010000000', '0.010000000', '0.010000000', '0.010000000', '0.010000000', '0.010000000', '0.010000000', '0.010000000', '0.010000000', '0.010000000', '0.010000000', '0.010000000', '0.010000000', '0.010000000', '0.010000000', '0.010000000', '0.010000000', '0.010000000', '0.010000000', '0.010000000', '0.010000000', '0.010000000', '0.010000000', '0.010000000', '0.010000000', '0.010000000', '0.010000000', '0.010000000']" 
10 Uniform View4 0.105 0.182 0.458 0.074 0.217 0.000 nan 1120.0 1120.0 "['0.010000000', '0.010000000', '0.010000000', '0.010000000', '0.010000000', '0.010000000', '0.010000000', '0.010000000', '0.010000000', '0.010000000', '0.010000000', '0.010000000', '0.010000000', '0.010000000', '0.010000000', '0.010000000', '0.010000000', '0.010000000', '0.010000000', '0.010000000', '0.010000000', '0.010000000', '0.010000000', '0.010000000', '0.010000000', '0.010000000', '0.010000000', '0.010000000', '0.010000000', '0.010000000', '0.010000000', '0.010000000', '0.010000000', '0.010000000', '0.010000000', '0.010000000', '0.010000000', '0.010000000', '0.010000000', '0.010000000', '0.010000000', '0.010000000', '0.010000000', '0.010000000', '0.010000000', '0.010000000', '0.010000000', '0.010000000', '0.010000000', '0.010000000', '0.010000000', '0.010000000', '0.010000000', '0.010000000', '0.010000000', '0.010000000', '0.010000000', '0.010000000', '0.010000000', '0.010000000', '0.010000000', '0.010000000', '0.010000000', '0.010000000', '0.010000000', '0.010000000', '0.010000000', '0.010000000', '0.010000000', '0.010000000', '0.010000000', '0.010000000', '0.010000000', '0.010000000', '0.010000000', '0.010000000', '0.010000000', '0.010000000', '0.010000000', '0.010000000', '0.010000000', '0.010000000', '0.010000000', '0.010000000', '0.010000000', '0.010000000', '0.010000000', '0.010000000', '0.010000000', '0.010000000', '0.010000000', '0.010000000', '0.010000000', '0.010000000', '0.010000000', '0.010000000', '0.010000000', '0.010000000', '0.010000000', '0.010000000']" 
10 Uniform Concatenated 0.095 0.179 0.450 0.069 0.219 0.000 nan 1120.0 1120.0 "['0.010000000', '0.010000000', '0.010000000', '0.010000000', '0.010000000', '0.010000000', '0.010000000', '0.010000000', '0.010000000', '0.010000000', '0.010000000', '0.010000000', '0.010000000', '0.010000000', '0.010000000', '0.010000000', '0.010000000', '0.010000000', '0.010000000', '0.010000000', '0.010000000', '0.010000000', '0.010000000', '0.010000000', '0.010000000', '0.010000000', '0.010000000', '0.010000000', '0.010000000', '0.010000000', '0.010000000', '0.010000000', '0.010000000', '0.010000000', '0.010000000', '0.010000000', '0.010000000', '0.010000000', '0.010000000', '0.010000000', '0.010000000', '0.010000000', '0.010000000', '0.010000000', '0.010000000', '0.010000000', '0.010000000', '0.010000000', '0.010000000', '0.010000000', '0.010000000', '0.010000000', '0.010000000', '0.010000000', '0.010000000', '0.010000000', '0.010000000', '0.010000000', '0.010000000', '0.010000000', '0.010000000', '0.010000000', '0.010000000', '0.010000000', '0.010000000', '0.010000000', '0.010000000', '0.010000000', '0.010000000', '0.010000000', '0.010000000', '0.010000000', '0.010000000', '0.010000000', '0.010000000', '0.010000000', '0.010000000', '0.010000000', '0.010000000', '0.010000000', '0.010000000', '0.010000000', '0.010000000', '0.010000000', '0.010000000', '0.010000000', '0.010000000', '0.010000000', '0.010000000', '0.010000000', '0.010000000', '0.010000000', '0.010000000', '0.010000000', '0.010000000', '0.010000000', '0.010000000', '0.010000000', '0.010000000', '0.010000000']" 
10 Uniform Multiview 0.124 0.230 0.559 0.091 0.280 0.000 0.000 1120.0 1120.0 "[['0.010000000', '0.010000000', '0.010000000', '0.010000000', '0.010000000', '0.010000000', '0.010000000', '0.010000000', '0.010000000', '0.010000000', '0.010000000', '0.010000000', '0.010000000', '0.010000000', '0.010000000', '0.010000000', '0.010000000', '0.010000000', '0.010000000', '0.010000000', '0.010000000', '0.010000000', '0.010000000', '0.010000000', '0.010000000', '0.010000000', '0.010000000', '0.010000000', '0.010000000', '0.010000000', '0.010000000', '0.010000000', '0.010000000', '0.010000000', '0.010000000', '0.010000000', '0.010000000', '0.010000000', '0.010000000', '0.010000000', '0.010000000', '0.010000000', '0.010000000', '0.010000000', '0.010000000', '0.010000000', '0.010000000', '0.010000000', '0.010000000', '0.010000000', '0.010000000', '0.010000000', '0.010000000', '0.010000000', '0.010000000', '0.010000000', '0.010000000', '0.010000000', '0.010000000', '0.010000000', '0.010000000', '0.010000000', '0.010000000', '0.010000000', '0.010000000', '0.010000000', '0.010000000', '0.010000000', '0.010000000', '0.010000000', '0.010000000', '0.010000000', '0.010000000', '0.010000000', '0.010000000', '0.010000000', '0.010000000', '0.010000000', '0.010000000', '0.010000000', '0.010000000', '0.010000000', '0.010000000', '0.010000000', '0.010000000', '0.010000000', '0.010000000', '0.010000000', '0.010000000', '0.010000000', '0.010000000', '0.010000000', '0.010000000', '0.010000000', '0.010000000', '0.010000000', '0.010000000', '0.010000000', '0.010000000', '0.010000000'], ['0.010000000', '0.010000000', '0.010000000', '0.010000000', '0.010000000', '0.010000000', '0.010000000', '0.010000000', '0.010000000', '0.010000000', '0.010000000', '0.010000000', '0.010000000', '0.010000000', '0.010000000', '0.010000000', '0.010000000', '0.010000000', '0.010000000', '0.010000000', '0.010000000', '0.010000000', '0.010000000', '0.010000000', '0.010000000', '0.010000000', '0.010000000', '0.010000000', '0.010000000', '0.010000000', '0.010000000', '0.010000000', '0.010000000', '0.010000000', '0.010000000', '0.010000000', '0.010000000', '0.010000000', '0.010000000', '0.010000000', '0.010000000', '0.010000000', '0.010000000', '0.010000000', '0.010000000', '0.010000000', '0.010000000', '0.010000000', '0.010000000', '0.010000000', '0.010000000', '0.010000000', '0.010000000', '0.010000000', '0.010000000', '0.010000000', '0.010000000', '0.010000000', '0.010000000', '0.010000000', '0.010000000', '0.010000000', '0.010000000', '0.010000000', '0.010000000', '0.010000000', '0.010000000', '0.010000000', '0.010000000', '0.010000000', '0.010000000', '0.010000000', '0.010000000', '0.010000000', '0.010000000', '0.010000000', '0.010000000', '0.010000000', '0.010000000', '0.010000000', '0.010000000', '0.010000000', '0.010000000', '0.010000000', '0.010000000', '0.010000000', '0.010000000', '0.010000000', '0.010000000', '0.010000000', '0.010000000', '0.010000000', '0.010000000', '0.010000000', '0.010000000', '0.010000000', '0.010000000', '0.010000000', '0.010000000', '0.010000000'], ['0.010000000', '0.010000000', '0.010000000', '0.010000000', '0.010000000', '0.010000000', '0.010000000', '0.010000000', '0.010000000', '0.010000000', '0.010000000', '0.010000000', '0.010000000', '0.010000000', '0.010000000', '0.010000000', '0.010000000', '0.010000000', '0.010000000', '0.010000000', '0.010000000', '0.010000000', '0.010000000', '0.010000000', '0.010000000', '0.010000000', '0.010000000', '0.010000000', '0.010000000', '0.010000000', '0.010000000', '0.010000000', '0.010000000', '0.010000000', '0.010000000', '0.010000000', '0.010000000', '0.010000000', '0.010000000', '0.010000000', '0.010000000', '0.010000000', '0.010000000', '0.010000000', '0.010000000', '0.010000000', '0.010000000', '0.010000000', '0.010000000', '0.010000000', '0.010000000', '0.010000000', '0.010000000', '0.010000000', '0.010000000', '0.010000000', '0.010000000', '0.010000000', '0.010000000', '0.010000000', '0.010000000', '0.010000000', '0.010000000', '0.010000000', '0.010000000', '0.010000000', '0.010000000', '0.010000000', '0.010000000', '0.010000000', '0.010000000', '0.010000000', '0.010000000', '0.010000000', '0.010000000', '0.010000000', '0.010000000', '0.010000000', '0.010000000', '0.010000000', '0.010000000', '0.010000000', '0.010000000', '0.010000000', '0.010000000', '0.010000000', '0.010000000', '0.010000000', '0.010000000', '0.010000000', '0.010000000', '0.010000000', '0.010000000', '0.010000000', '0.010000000', '0.010000000', '0.010000000', '0.010000000', '0.010000000', '0.010000000'], ['0.010000000', '0.010000000', '0.010000000', '0.010000000', '0.010000000', '0.010000000', '0.010000000', '0.010000000', '0.010000000', '0.010000000', '0.010000000', '0.010000000', '0.010000000', '0.010000000', '0.010000000', '0.010000000', '0.010000000', '0.010000000', '0.010000000', '0.010000000', '0.010000000', '0.010000000', '0.010000000', '0.010000000', '0.010000000', '0.010000000', '0.010000000', '0.010000000', '0.010000000', '0.010000000', '0.010000000', '0.010000000', '0.010000000', '0.010000000', '0.010000000', '0.010000000', '0.010000000', '0.010000000', '0.010000000', '0.010000000', '0.010000000', '0.010000000', '0.010000000', '0.010000000', '0.010000000', '0.010000000', '0.010000000', '0.010000000', '0.010000000', '0.010000000', '0.010000000', '0.010000000', '0.010000000', '0.010000000', '0.010000000', '0.010000000', '0.010000000', '0.010000000', '0.010000000', '0.010000000', '0.010000000', '0.010000000', '0.010000000', '0.010000000', '0.010000000', '0.010000000', '0.010000000', '0.010000000', '0.010000000', '0.010000000', '0.010000000', '0.010000000', '0.010000000', '0.010000000', '0.010000000', '0.010000000', '0.010000000', '0.010000000', '0.010000000', '0.010000000', '0.010000000', '0.010000000', '0.010000000', '0.010000000', '0.010000000', '0.010000000', '0.010000000', '0.010000000', '0.010000000', '0.010000000', '0.010000000', '0.010000000', '0.010000000', '0.010000000', '0.010000000', '0.010000000', '0.010000000', '0.010000000', '0.010000000', '0.010000000']]" "['0.250000000', '0.250000000', '0.250000000', '0.250000000']"
10 PBkl View1 0.321 0.316 0.744 0.186 0.261 0.405 nan 1120.0 1120.0 "['0.021961851', '0.002975863', '0.002986603', '0.002989969', '0.002991021', '0.003007584', '0.002991021', '0.002993036', '0.011461321', '0.019304004', '0.019304004', '0.003002307', '0.003008179', '0.008890605', '0.010011454', '0.002963596', '0.021865122', '0.003005072', '0.003012470', '0.009649591', '0.002991021', '0.021961851', '0.002873858', '0.002975863', '0.002952508', '0.025020309', '0.019304004', '0.025034295', '0.002925335', '0.018661793', '0.017934121', '0.002952508', '0.003009321', '0.003021592', '0.003018479', '0.003007584', '0.003009876', '0.002949995', '0.018661793', '0.002954912', '0.002959432', '0.010370430', '0.009649591', '0.019304004', '0.002965556', '0.003012470', '0.003022527', '0.022397932', '0.010011454', '0.003002307', '0.010370430', '0.003018479', '0.002959432', '0.025088182', '0.022476578', '0.002872327', '0.022397932', '0.002925335', '0.003012470', '0.002865838', '0.003864308', '0.003864308', '0.022552663', '0.022397932', '0.003027970', '0.021324564', '0.020811599', '0.021764830', '0.025088182', '0.009649591', '0.002881122', '0.009649591', '0.002969254', '0.003008756', '0.025034295', '0.021961851', '0.002872327', '0.020523010', '0.025034295', '0.002975863', '0.002997591', '0.009649591', '0.009649591', '0.002925335', '0.003015680', '0.021324564', '0.002865838', '0.002975863', '0.003018479', '0.025034295', '0.007490905', '0.002965556', '0.022626288', '0.022316571', '0.017934121', '0.003000040', '0.025034295', '0.002991021', '0.003000040', '0.009649591']" 
10 PBkl View2 0.126 0.166 0.429 0.096 0.140 1.092 nan 1120.0 1120.0 "['0.001709004', '0.001042838', '0.001014955', '0.001165985', '0.001228027', '0.002001423', '0.001228027', '0.002120668', '0.032878932', '0.002046472', '0.025043758', '0.014115300', '0.025043758', '0.000971019', '0.002120668', '0.002046472', '0.000991305', '0.002046472', '0.001889115', '0.001307092', '0.002120668', '0.002351864', '0.002005200', '0.101916425', '0.001889115', '0.000821465', '0.002001423', '0.002710627', '0.001165985', '0.032878932', '0.002710627', '0.032878932', '0.004886177', '0.004886177', '0.052645102', '0.000953448', '0.003218899', '0.002710627', '0.004886177', '0.025043758', '0.000971019', '0.000805081', '0.002351864', '0.002046472', '0.000991305', '0.006222425', '0.003218899', '0.000971019', '0.003920071', '0.001709004', '0.001709004', '0.025043758', '0.000938096', '0.000875748', '0.001709004', '0.002001423', '0.052645102', '0.006222425', '0.000875748', '0.002001423', '0.000901880', '0.002351864', '0.002001423', '0.002001423', '0.003920071', '0.032878932', '0.002710627', '0.032878932', '0.003218899', '0.000862050', '0.032878932', '0.105184786', '0.004886177', '0.008071951', '0.002049913', '0.002005200', '0.000802842', '0.107800603', '0.006222425', '0.025043758', '0.001889115', '0.025043758', '0.001889115', '0.001014955', '0.003920071', '0.000788378', '0.000836291', '0.002710627', '0.002049913', '0.004886177', '0.000991305', '0.000971019', '0.010622879', '0.002351864', '0.002710627', '0.025043758', '0.000800715', '0.000953448', '0.001709004', '0.006222425']" 
10 PBkl View3 0.160 0.181 0.458 0.091 0.181 0.378 nan 1120.0 1120.0 "['0.020108264', '0.002491603', '0.003221398', '0.019483522', '0.012030034', '0.003227379', '0.018443339', '0.012030034', '0.001049347', '0.010126173', '0.020905806', '0.003145369', '0.021044111', '0.013532121', '0.003193389', '0.017740522', '0.003306458', '0.018835511', '0.008990223', '0.017468533', '0.012030034', '0.017992299', '0.003233017', '0.019878475', '0.003031339', '0.003335583', '0.003007038', '0.016122725', '0.020108264', '0.003215050', '0.018225927', '0.004819790', '0.001875119', '0.017173825', '0.019622641', '0.003193389', '0.003293280', '0.017468533', '0.002491603', '0.003307185', '0.001481238', '0.017992299', '0.003185149', '0.021044111', '0.007719403', '0.002150153', '0.020108264', '0.001481238', '0.012030034', '0.019179482', '0.018443339', '0.018443339', '0.003133283', '0.002948239', '0.003314939', '0.020832263', '0.018443339', '0.020755513', '0.017992299', '0.019996373', '0.003306458', '0.003306458', '0.021044111', '0.017173825', '0.002346265', '0.003346171', '0.003306458', '0.003185149', '0.019996373', '0.003257008', '0.003307185', '0.003360691', '0.002150153', '0.018835511', '0.017468533', '0.002491603', '0.017173825', '0.003185149', '0.003305074', '0.003156497', '0.019483522', '0.007719403', '0.004819790', '0.020755513', '0.003233017', '0.013532121', '0.019878475', '0.003215050', '0.002691171', '0.004819790', '0.014731287', '0.003321745', '0.003252697', '0.018646045', '0.003275685', '0.003306458', '0.001049347', '0.002346265', '0.003007038', '0.017740522']" 
10 PBkl View4 0.158 0.159 0.416 0.101 0.117 1.340 nan 1120.0 1120.0 "['0.000839865', '0.001580120', '0.000716374', '0.001580120', '0.000859533', '0.000726337', '0.001580120', '0.000748593', '0.000716418', '0.038161691', '0.000724718', '0.000979527', '0.000979527', '0.008869375', '0.000722272', '0.001084487', '0.004776580', '0.001806338', '0.003108660', '0.000799800', '0.012236857', '0.000719911', '0.046196219', '0.000722272', '0.000859533', '0.000839865', '0.000839865', '0.046196219', '0.000719354', '0.000720568', '0.000839865', '0.026265457', '0.000859533', '0.000737572', '0.000748593', '0.000716188', '0.016826419', '0.030040355', '0.000716489', '0.038161691', '0.000722272', '0.008869375', '0.000839865', '0.000723382', '0.008869375', '0.000859533', '0.000721346', '0.042258702', '0.000724718', '0.038161691', '0.026265457', '0.000859533', '0.038161691', '0.000716491', '0.030040355', '0.026265457', '0.030040355', '0.000859533', '0.000733773', '0.000716260', '0.046196219', '0.000979527', '0.000716453', '0.000756656', '0.038161691', '0.000717836', '0.038161691', '0.000720568', '0.030040355', '0.000839865', '0.026265457', '0.000742395', '0.001384927', '0.026265457', '0.012236857', '0.046196219', '0.000904826', '0.000848947', '0.000904826', '0.000716215', '0.000716181', '0.001580120', '0.000716317', '0.001384927', '0.014365814', '0.000748593', '0.000799800', '0.000716757', '0.000730747', '0.000716218', '0.046196219', '0.038161691', '0.000716983', '0.030040355', '0.001580120', '0.001580120', '0.000724718', '0.022784108', '0.000781301', '0.006469521']" 
10 PBkl Concatenated 0.111 0.169 0.431 0.072 0.194 0.421 nan 1120.0 1120.0 "['0.019435178', '0.002539404', '0.002774701', '0.002527280', '0.002710826', '0.002527280', '0.020239955', '0.002683537', '0.002614450', '0.020285841', '0.018749092', '0.002774701', '0.003362616', '0.019713264', '0.002737860', '0.002730173', '0.002737860', '0.019586124', '0.018387441', '0.020189054', '0.020327484', '0.005124607', '0.002710826', '0.008645626', '0.002782521', '0.002614450', '0.002744555', '0.002760288', '0.019586124', '0.002730173', '0.002683537', '0.002539404', '0.002539404', '0.002579178', '0.019586124', '0.002579178', '0.020400086', '0.002539404', '0.002802228', '0.017905600', '0.019029625', '0.002698439', '0.019713264', '0.019915409', '0.002755647', '0.019435178', '0.002813497', '0.018749092', '0.019586124', '0.002698439', '0.019586124', '0.002527280', '0.002811922', '0.002614450', '0.019713264', '0.020285841', '0.002730173', '0.017236894', '0.002539404', '0.002805845', '0.002798972', '0.020400086', '0.002527280', '0.002539404', '0.002760288', '0.016260697', '0.019713264', '0.005124607', '0.020400086', '0.019253131', '0.020068813', '0.017905600', '0.020327484', '0.019997025', '0.002786779', '0.020189054', '0.002737860', '0.014750279', '0.014750279', '0.003362616', '0.008645626', '0.019713264', '0.018387441', '0.014750279', '0.002811353', '0.005124607', '0.003362616', '0.002614450', '0.020400086', '0.002760288', '0.020461217', '0.002721268', '0.002801202', '0.002760288', '0.019586124', '0.020461217', '0.002527280', '0.020327484', '0.002782521', '0.002614450']" 
10 PBkl Multiview 0.106 0.182 0.460 0.073 0.228 0.332 0.205 1120.0 1120.0 "[['0.018674856', '0.003310073', '0.003323438', '0.003327540', '0.003328819', '0.003348451', '0.003328819', '0.003331250', '0.016816771', '0.018376350', '0.018376350', '0.003342288', '0.003349137', '0.014857839', '0.015955126', '0.003294272', '0.018664103', '0.003345527', '0.003354088', '0.015648205', '0.003328819', '0.018674856', '0.003157407', '0.003310073', '0.003279444', '0.019032555', '0.018376350', '0.019034347', '0.003240426', '0.018300571', '0.018211175', '0.003279444', '0.003350463', '0.003364435', '0.003360929', '0.003348451', '0.003351102', '0.003276006', '0.018300571', '0.003282710', '0.003288769', '0.016218118', '0.015648205', '0.018376350', '0.003296836', '0.003354088', '0.003365483', '0.018723467', '0.015955126', '0.003342288', '0.016218118', '0.003360929', '0.003288769', '0.019041227', '0.018732291', '0.003144648', '0.018723467', '0.003240426', '0.003354088', '0.003127837', '0.006086421', '0.006086421', '0.018740822', '0.018723467', '0.003371538', '0.018604139', '0.018547159', '0.018652968', '0.019041227', '0.015648205', '0.003163791', '0.015648205', '0.003301631', '0.003349810', '0.019034347', '0.018674856', '0.003144648', '0.018514963', '0.019034347', '0.003310073', '0.003336710', '0.015648205', '0.015648205', '0.003240426', '0.003357754', '0.018604139', '0.003127837', '0.003310073', '0.003360929', '0.019034347', '0.012976341', '0.003296836', '0.018749097', '0.018714376', '0.018211175', '0.003339616', '0.019034347', '0.003328819', '0.003339616', '0.015648205'], ['0.014393130', '0.002922568', '0.018578894', '0.017564857', '0.019038728', '0.018483225', '0.002968949', '0.002958978', '0.011694543', '0.018973351', '0.011694543', '0.002866970', '0.015805237', '0.002909829', '0.018578894', '0.011694543', '0.018578894', '0.002866970', '0.015805237', '0.002866970', '0.019067040', '0.002979216', '0.017564857', '0.002962011', '0.002964638', '0.017845765', '0.017845765', '0.002946188', '0.002893054', '0.003777402', '0.018578894', '0.002909829', '0.002980050', '0.002946188', '0.002872432', '0.002932348', '0.019067040', '0.018578894', '0.006859742', '0.016639683', '0.002976255', '0.017564857', '0.015805237', '0.002866970', '0.017845765', '0.002866970', '0.016639683', '0.002966929', '0.017564857', '0.002866970', '0.002992039', '0.002866970', '0.002922568', '0.002966929', '0.002922568', '0.017845765', '0.002968949', '0.002922568', '0.002872432', '0.002975076', '0.017564857', '0.002990767', '0.018578894', '0.017564857', '0.018973351', '0.002922568', '0.018369306', '0.017564857', '0.002946188', '0.016639683', '0.006859742', '0.002970739', '0.017564857', '0.018483225', '0.002976255', '0.011694543', '0.014393130', '0.014393130', '0.017183883', '0.002932348', '0.002893054', '0.002872432', '0.003777402', '0.003777402', '0.018483225', '0.002909829', '0.019038728', '0.018578894', '0.002966929', '0.003777402', '0.015805237', '0.002978312', '0.015805237', '0.002893054', '0.002968949', '0.018730596', '0.002872432', '0.018483225', '0.017564857', '0.018578894'], ['0.002628392', '0.011885267', '0.016435293', '0.002567123', '0.002626020', '0.016223922', '0.015998563', '0.002641771', '0.002483044', '0.002631517', '0.015228667', '0.016084764', '0.002508679', '0.002578111', '0.002490040', '0.002571095', '0.015950091', '0.015347924', '0.015228667', '0.016084764', '0.002597706', '0.011885267', '0.016192606', '0.002578111', '0.002619135', '0.002499202', '0.002634853', '0.002624401', '0.016435293', '0.015897444', '0.016043315', '0.002621963', '0.016123271', '0.002610757', '0.015777269', '0.016084764', '0.002482979', '0.016416630', '0.015708279', '0.003861322', '0.002502757', '0.002499202', '0.002499202', '0.002609594', '0.002533813', '0.012615157', '0.015840055', '0.016396979', '0.015840055', '0.015632149', '0.002589266', '0.016192606', '0.002647718', '0.016192606', '0.002625498', '0.016192606', '0.015547702', '0.015632149', '0.016396979', '0.016123271', '0.006401419', '0.015998563', '0.002599503', '0.011885267', '0.008135880', '0.016123271', '0.016043315', '0.016435293', '0.003861322', '0.002609594', '0.015950091', '0.015708279', '0.011885267', '0.016223922', '0.016223922', '0.014757341', '0.002634853', '0.002567123', '0.011885267', '0.016435293', '0.002614891', '0.016469957', '0.002616697', '0.002621297', '0.002631163', '0.015950091', '0.002631861', '0.002595795', '0.016084764', '0.015840055', '0.016123271', '0.015347924', '0.006401419', '0.016043315', '0.016043315', '0.015708279', '0.015347924', '0.002627487', '0.002502757', '0.016435293'], ['0.002844636', '0.019098047', '0.019024653', '0.002991596', '0.019098047', '0.004079632', '0.003020862', '0.002844636', '0.003007302', '0.003010772', '0.016124485', '0.003021418', '0.018562961', '0.002962653', '0.003009682', '0.018562961', '0.003031166', '0.019098047', '0.003019678', '0.002956878', '0.019098047', '0.016124485', '0.018713940', '0.002946345', '0.003005996', '0.018778376', '0.018713940', '0.019098047', '0.011312779', '0.002881165', '0.004079632', '0.019024653', '0.002923794', '0.005779039', '0.002986340', '0.014542408', '0.002972302', '0.018642532', '0.015458032', '0.018713940', '0.002946345', '0.015458032', '0.018127343', '0.002933996', '0.018983461', '0.002993907', '0.016124485', '0.019098047', '0.019098047', '0.003019044', '0.018642532', '0.008612008', '0.018983461', '0.018983461', '0.002956878', '0.019098047', '0.002946345', '0.018983461', '0.008612008', '0.014542408', '0.003013706', '0.018127343', '0.002911810', '0.003020862', '0.008612008', '0.019161412', '0.002897686', '0.015458032', '0.019161412', '0.002999838', '0.002946345', '0.016124485', '0.002996038', '0.003003125', '0.002967759', '0.002911810', '0.002933996', '0.018983461', '0.004079632', '0.013234321', '0.003009682', '0.004079632', '0.018127343', '0.002998008', '0.002991596', '0.002942740', '0.019024653', '0.019024653', '0.019024653', '0.014542408', '0.003011805', '0.002996038', '0.002983334', '0.002972302', '0.002993907', '0.002845201', '0.018127343', '0.019062748', '0.014542408', '0.002845201']]" "['0.055021483', '0.316243440', '0.311308265', '0.317426860']"
10 PBkl_inv View1 0.259 0.251 0.617 0.181 0.140 1.896 nan 1120.0 1120.0 "['0.008671887', '0.000491400', '0.000504676', '0.000509128', '0.000510554', '0.000535159', '0.000510554', '0.000513327', '0.001068526', '0.003348351', '0.003348351', '0.000526851', '0.000536122', '0.000788258', '0.000898211', '0.000477809', '0.008245433', '0.000531146', '0.000543276', '0.000860015', '0.000510554', '0.008671887', '0.000400473', '0.000491400', '0.000466773', '0.097802244', '0.003348351', '0.098389678', '0.000443717', '0.002896032', '0.002510592', '0.000466773', '0.000537990', '0.000559675', '0.000553888', '0.000535159', '0.000538907', '0.000464418', '0.002896032', '0.000469078', '0.000473542', '0.000938073', '0.000860015', '0.003348351', '0.000479877', '0.000543276', '0.000561455', '0.011138653', '0.000898211', '0.000526851', '0.000938073', '0.000553888', '0.000473542', '0.100499548', '0.011704544', '0.000408710', '0.011138653', '0.000443717', '0.000543276', '0.000402062', '0.000527484', '0.000527484', '0.012296534', '0.011138653', '0.000572198', '0.006403564', '0.005233141', '0.007839389', '0.100499548', '0.000860015', '0.000414293', '0.000860015', '0.000483883', '0.000537068', '0.098389678', '0.008671887', '0.000408710', '0.004733380', '0.098389678', '0.000491400', '0.000519813', '0.000860015', '0.000860015', '0.000443717', '0.000548855', '0.006403564', '0.000402062', '0.000491400', '0.000553888', '0.098389678', '0.000691130', '0.000479877', '0.012915318', '0.010598025', '0.002510592', '0.000523426', '0.098389678', '0.000510554', '0.000523426', '0.000860015']" 
10 PBkl_inv View2 0.134 0.166 0.429 0.097 0.137 1.198 nan 1120.0 1120.0 "['0.001292559', '0.000877447', '0.000861244', '0.000948795', '0.000984869', '0.001634827', '0.000984869', '0.001813573', '0.034994077', '0.001563575', '0.026802227', '0.014957844', '0.026802227', '0.000835618', '0.001813573', '0.001563575', '0.000847464', '0.001563575', '0.001451963', '0.001031266', '0.001813573', '0.002084983', '0.001639650', '0.098014586', '0.001451963', '0.000746685', '0.001634827', '0.002475924', '0.000948795', '0.034994077', '0.002475924', '0.034994077', '0.004831662', '0.004831662', '0.054822110', '0.000825324', '0.003023019', '0.002475924', '0.004831662', '0.026802227', '0.000835618', '0.000736705', '0.002084983', '0.001563575', '0.000847464', '0.006288401', '0.003023019', '0.000835618', '0.003781457', '0.001292559', '0.001292559', '0.026802227', '0.000816302', '0.000779371', '0.001292559', '0.001634827', '0.054822110', '0.006288401', '0.000779371', '0.001634827', '0.000794913', '0.002084983', '0.001634827', '0.001634827', '0.003781457', '0.034994077', '0.002475924', '0.034994077', '0.003023019', '0.000771176', '0.034994077', '0.100791946', '0.004831662', '0.008311408', '0.001582831', '0.001639650', '0.000735335', '0.103035793', '0.006288401', '0.026802227', '0.001451963', '0.026802227', '0.001451963', '0.000861244', '0.003781457', '0.000726455', '0.000755672', '0.002475924', '0.001582831', '0.004831662', '0.000847464', '0.000835618', '0.011113704', '0.002084983', '0.002475924', '0.026802227', '0.000734034', '0.000825324', '0.001292559', '0.006288401']" 
10 PBkl_inv View3 0.176 0.167 0.433 0.115 0.104 1.524 nan 1120.0 1120.0 "['0.039409835', '0.000562138', '0.000544538', '0.021544512', '0.001239395', '0.000544716', '0.008719237', '0.001239395', '0.000624123', '0.001026866', '0.069274612', '0.000543132', '0.072793618', '0.001521163', '0.000543842', '0.005517824', '0.000694345', '0.011890303', '0.000940541', '0.004761542', '0.001239395', '0.006413279', '0.000544894', '0.031675927', '0.000543398', '0.000550099', '0.000543737', '0.002743156', '0.039409835', '0.000544361', '0.007471746', '0.000742872', '0.000589904', '0.004123209', '0.024680747', '0.000543842', '0.000547463', '0.004761542', '0.000562138', '0.000548247', '0.000605671', '0.006413279', '0.000543678', '0.072793618', '0.000865190', '0.000577813', '0.039409835', '0.000605671', '0.001239395', '0.016128179', '0.008719237', '0.008719237', '0.000543039', '0.000544881', '0.000548718', '0.067164212', '0.008719237', '0.064765818', '0.006413279', '0.035465620', '0.000694345', '0.000694345', '0.072793618', '0.004123209', '0.000568809', '0.000550882', '0.000694345', '0.000543678', '0.035465620', '0.000545765', '0.000548247', '0.000552044', '0.000577813', '0.011890303', '0.004761542', '0.000562138', '0.004123209', '0.000543678', '0.000548123', '0.000543246', '0.021544512', '0.000865190', '0.000742872', '0.064765818', '0.000544894', '0.001521163', '0.031675927', '0.000544361', '0.000553455', '0.000742872', '0.001899783', '0.000549153', '0.000545595', '0.010183019', '0.000546580', '0.000694345', '0.000624123', '0.000568809', '0.000543737', '0.005517824']" 
10 PBkl_inv View4 0.165 0.159 0.415 0.102 0.112 1.519 nan 1120.0 1120.0 "['0.000684570', '0.001255221', '0.000530800', '0.001255221', '0.000719946', '0.000543714', '0.001255221', '0.000566993', '0.000529559', '0.039876785', '0.000541887', '0.000839640', '0.000839640', '0.007245072', '0.000539043', '0.000919876', '0.003659935', '0.001407018', '0.002343402', '0.000618957', '0.010486812', '0.000536142', '0.049336925', '0.000539043', '0.000719946', '0.000684570', '0.000684570', '0.049336925', '0.000535422', '0.000536969', '0.000684570', '0.025786364', '0.000719946', '0.000555734', '0.000566993', '0.000530173', '0.015232949', '0.030192124', '0.000529537', '0.039876785', '0.000539043', '0.007245072', '0.000684570', '0.000540349', '0.007245072', '0.000719946', '0.000537928', '0.044758376', '0.000541887', '0.039876785', '0.025786364', '0.000719946', '0.039876785', '0.000531071', '0.030192124', '0.025786364', '0.030192124', '0.000719946', '0.000551761', '0.000530480', '0.049336925', '0.000839640', '0.000529546', '0.000575095', '0.039876785', '0.000533333', '0.039876785', '0.000536969', '0.030192124', '0.000684570', '0.025786364', '0.000560699', '0.001125535', '0.025786364', '0.010486812', '0.049336925', '0.000772972', '0.000676259', '0.000772972', '0.000530312', '0.000530112', '0.001255221', '0.000529620', '0.001125535', '0.012646792', '0.000566993', '0.000618957', '0.000531596', '0.000548540', '0.000529753', '0.049336925', '0.039876785', '0.000529560', '0.030192124', '0.001255221', '0.001255221', '0.000541887', '0.021802370', '0.000599852', '0.005089048']" 
10 PBkl_inv Concatenated 0.133 0.160 0.418 0.085 0.149 1.461 nan 1120.0 1120.0 "['0.004966065', '0.000939374', '0.000654923', '0.001037052', '0.000710989', '0.001037052', '0.038867056', '0.000738595', '0.000819187', '0.046372447', '0.002715225', '0.000654923', '0.000978738', '0.007827304', '0.000685779', '0.000692729', '0.000685779', '0.006207325', '0.002274982', '0.031949345', '0.054244790', '0.001002858', '0.000710989', '0.001058815', '0.000648912', '0.000819187', '0.000679867', '0.000666504', '0.006207325', '0.000692729', '0.000738595', '0.000939374', '0.000939374', '0.000868445', '0.006207325', '0.000868445', '0.068712942', '0.000939374', '0.000634639', '0.001930797', '0.003281533', '0.000723249', '0.007827304', '0.012665107', '0.000670369', '0.004966065', '0.000627057', '0.002715225', '0.006207325', '0.000723249', '0.006207325', '0.001037052', '0.000628092', '0.000819187', '0.007827304', '0.046372447', '0.000692729', '0.001660428', '0.000939374', '0.000632157', '0.000636909', '0.068712942', '0.001037052', '0.000939374', '0.000666504', '0.001447599', '0.007827304', '0.001002858', '0.068712942', '0.004014055', '0.020501949', '0.001930797', '0.054244790', '0.016148038', '0.000645722', '0.031949345', '0.000685779', '0.001280739', '0.001280739', '0.000978738', '0.001058815', '0.007827304', '0.002274982', '0.001280739', '0.000628466', '0.001002858', '0.000978738', '0.000819187', '0.068712942', '0.000666504', '0.078798227', '0.000701001', '0.000635351', '0.000666504', '0.006207325', '0.078798227', '0.001037052', '0.054244790', '0.000648912', '0.000819187']" 
10 PBkl_inv Multiview 0.130 0.163 0.428 0.080 0.181 1.464 0.627 1120.0 1120.0 "[['0.025219295', '0.001330666', '0.001364182', '0.001374865', '0.001378231', '0.001432454', '0.001378231', '0.001384701', '0.003949879', '0.015585977', '0.015585977', '0.001414911', '0.001434438', '0.002355078', '0.002935524', '0.001293424', '0.024763398', '0.001424071', '0.001448929', '0.002725962', '0.001378231', '0.025219295', '0.000955348', '0.001330666', '0.001260631', '0.046115749', '0.015585977', '0.046246655', '0.001182972', '0.013947776', '0.012319456', '0.001260631', '0.001438288', '0.001480299', '0.001469501', '0.001432454', '0.001440152', '0.001253317', '0.013947776', '0.001267680', '0.001281022', '0.003162161', '0.002725962', '0.015585977', '0.001299302', '0.001448929', '0.001483561', '0.027400332', '0.002935524', '0.001414911', '0.003162161', '0.001469501', '0.001281022', '0.046754122', '0.027817041', '0.001024668', '0.027400332', '0.001182972', '0.001448929', '0.000978888', '0.001303622', '0.001303622', '0.028227363', '0.027400332', '0.001502712', '0.022388004', '0.020378314', '0.024300981', '0.046754122', '0.002725962', '0.001055616', '0.002725962', '0.001310465', '0.001436384', '0.046246655', '0.025219295', '0.001024668', '0.019341089', '0.046246655', '0.001330666', '0.001399464', '0.002725962', '0.002725962', '0.001182972', '0.001459873', '0.022388004', '0.000978888', '0.001330666', '0.001469501', '0.046246655', '0.001906529', '0.001299302', '0.028631009', '0.026977120', '0.012319456', '0.001407472', '0.046246655', '0.001378231', '0.001407472', '0.002725962'], ['0.001550568', '0.001050438', '0.017604221', '0.003093055', '0.110157676', '0.012705035', '0.000782856', '0.000835037', '0.001444263', '0.094734453', '0.001444263', '0.001482982', '0.001750530', '0.001132272', '0.017604221', '0.001444263', '0.017604221', '0.001482982', '0.001750530', '0.001482982', '0.114491940', '0.000732821', '0.003093055', '0.000818793', '0.000805001', '0.003941856', '0.003941856', '0.000906684', '0.001241638', '0.001485911', '0.017604221', '0.001132272', '0.000728932', '0.000906684', '0.001375032', '0.000989370', '0.114491940', '0.017604221', '0.001439266', '0.002053785', '0.000746857', '0.003093055', '0.001750530', '0.001482982', '0.003941856', '0.001482982', '0.002053785', '0.000793144', '0.003093055', '0.001482982', '0.000676001', '0.001482982', '0.001050438', '0.000793144', '0.001050438', '0.003941856', '0.000782856', '0.001050438', '0.001375032', '0.000752534', '0.003093055', '0.000681348', '0.017604221', '0.003093055', '0.094734453', '0.001050438', '0.009248430', '0.003093055', '0.000906684', '0.002053785', '0.001439266', '0.000773848', '0.003093055', '0.012705035', '0.000746857', '0.001444263', '0.001550568', '0.001550568', '0.002486509', '0.000989370', '0.001241638', '0.001375032', '0.001485911', '0.001485911', '0.012705035', '0.001132272', '0.110157676', '0.017604221', '0.000793144', '0.001485911', '0.001750530', '0.000737069', '0.001750530', '0.001241638', '0.000782856', '0.033356313', '0.001375032', '0.012705035', '0.003093055', '0.017604221'], ['0.000475728', '0.000939918', '0.050149202', '0.000481220', '0.000475642', '0.027613671', '0.012475367', '0.000476734', '0.000520870', '0.000475881', '0.002685253', '0.016790612', '0.000500682', '0.000479146', '0.000512512', '0.000480418', '0.010666621', '0.003078844', '0.002685253', '0.016790612', '0.000476580', '0.000939918', '0.024720334', '0.000479146', '0.000475545', '0.000505919', '0.000476100', '0.000475600', '0.050149202', '0.009090805', '0.014519445', '0.000475559', '0.019268753', '0.000475717', '0.006583688', '0.016790612', '0.000531496', '0.048329115', '0.005611992', '0.000623172', '0.000544914', '0.000505919', '0.000505919', '0.000475765', '0.000490324', '0.001020554', '0.007735966', '0.046322811', '0.007735966', '0.004797498', '0.000477504', '0.024720334', '0.000477486', '0.024720334', '0.000475627', '0.024720334', '0.004117474', '0.004797498', '0.046322811', '0.019268753', '0.000703315', '0.012475367', '0.000476419', '0.000939918', '0.000751839', '0.019268753', '0.014519445', '0.050149202', '0.000623172', '0.000475765', '0.010666621', '0.005611992', '0.000939918', '0.027613671', '0.027613671', '0.001848196', '0.000476100', '0.000481220', '0.000939918', '0.050149202', '0.000475594', '0.053290766', '0.000475563', '0.000475552', '0.000475861', '0.010666621', '0.000475901', '0.000476765', '0.016790612', '0.007735966', '0.019268753', '0.003078844', '0.000703315', '0.014519445', '0.014519445', '0.005611992', '0.003078844', '0.000475692', '0.000544914', '0.050149202'], ['0.000717921', '0.048975598', '0.034659062', '0.000497654', '0.048975598', '0.000727959', '0.000474416', '0.000717921', '0.000484660', '0.000481945', '0.001254024', '0.000474016', '0.006460703', '0.000524169', '0.000482790', '0.006460703', '0.000467333', '0.048975598', '0.000475270', '0.000529804', '0.048975598', '0.001254024', '0.009724069', '0.000759410', '0.000485696', '0.012052262', '0.009724069', '0.048975598', '0.000860784', '0.000614834', '0.000727959', '0.034659062', '0.000564137', '0.000756380', '0.000502240', '0.001023429', '0.000514998', '0.007895124', '0.001129056', '0.009724069', '0.000759410', '0.001129056', '0.003170257', '0.000553168', '0.028484797', '0.000495674', '0.001254024', '0.048975598', '0.048975598', '0.000475729', '0.007895124', '0.000801229', '0.028484797', '0.028484797', '0.000529804', '0.048975598', '0.000759410', '0.028484797', '0.000801229', '0.001023429', '0.000479699', '0.003170257', '0.000577496', '0.000474416', '0.000801229', '0.061327938', '0.000594037', '0.001129056', '0.061327938', '0.000490697', '0.000759410', '0.001254024', '0.000493868', '0.000488005', '0.000519277', '0.000577496', '0.000553168', '0.028484797', '0.000727959', '0.000934582', '0.000482790', '0.000727959', '0.003170257', '0.000492215', '0.000497654', '0.000544041', '0.034659062', '0.034659062', '0.034659062', '0.001023429', '0.000481152', '0.000493868', '0.000504908', '0.000514998', '0.000495674', '0.000675487', '0.003170257', '0.041630365', '0.001023429', '0.000675487']]" "['0.010975679', '0.324091256', '0.187105983', '0.477827132']"
10 TND_DIS View1 0.298 0.362 0.842 0.181 0.363 0.049 nan 1120.0 11201.0 "['0.008303894', '0.020293145', '0.008589245', '0.008230537', '0.008196292', '0.007671558', '0.008196292', '0.019095445', '0.008310815', '0.007840572', '0.007840572', '0.007372132', '0.018315345', '0.008498336', '0.009608735', '0.008236124', '0.008170240', '0.008020899', '0.007582784', '0.007804632', '0.008196292', '0.008303894', '0.008481289', '0.020293145', '0.009061496', '0.011762000', '0.007840572', '0.011643704', '0.016698599', '0.009709681', '0.009619854', '0.009061496', '0.007280186', '0.006717460', '0.007388594', '0.007690457', '0.007476251', '0.008422504', '0.009709681', '0.008152470', '0.008367985', '0.009636609', '0.007804632', '0.007840572', '0.008975214', '0.017973445', '0.006985880', '0.008481103', '0.009669637', '0.007444830', '0.009636609', '0.006852679', '0.008367985', '0.013126774', '0.008457427', '0.008295893', '0.012614986', '0.016698599', '0.007582784', '0.008509542', '0.008888110', '0.008888110', '0.008493533', '0.008450132', '0.006764643', '0.008066692', '0.008027097', '0.015705973', '0.012753556', '0.007804632', '0.008186365', '0.007804632', '0.018551679', '0.007247522', '0.011729702', '0.008303894', '0.008295893', '0.008892023', '0.011983857', '0.020293145', '0.007823021', '0.007804632', '0.007804632', '0.016698599', '0.017938081', '0.008066692', '0.008509542', '0.020293145', '0.007388594', '0.011611022', '0.013592552', '0.008975214', '0.008968038', '0.012803714', '0.009619854', '0.008174588', '0.011611022', '0.008196292', '0.008174588', '0.007804632']" 
10 TND_DIS View2 0.104 0.178 0.447 0.079 0.201 0.031 nan 1120.0 11201.0 "['0.007669820', '0.008804591', '0.007341179', '0.012476152', '0.009368588', '0.005765403', '0.007104876', '0.011150293', '0.012824620', '0.010624569', '0.011307783', '0.012947108', '0.011315743', '0.010858851', '0.006715536', '0.010263193', '0.006925873', '0.010229318', '0.010624749', '0.012768926', '0.012672584', '0.011333141', '0.010128522', '0.011145747', '0.009821828', '0.008612214', '0.009419551', '0.011127037', '0.010802970', '0.012627060', '0.011108226', '0.012613216', '0.011636736', '0.012033791', '0.013223791', '0.008849705', '0.010100996', '0.011131465', '0.012033791', '0.011746814', '0.006529782', '0.005727727', '0.011125920', '0.010946597', '0.007058910', '0.011757779', '0.011133754', '0.010854163', '0.010592861', '0.007431247', '0.007979644', '0.012838599', '0.008403685', '0.010548703', '0.007669820', '0.009950510', '0.013223791', '0.012873889', '0.006248680', '0.005765403', '0.007503684', '0.012437814', '0.009696225', '0.005765403', '0.008505687', '0.012613216', '0.008444536', '0.012627060', '0.008406563', '0.005564461', '0.012933188', '0.011168004', '0.012437573', '0.012241401', '0.010968827', '0.010128522', '0.005114671', '0.011109247', '0.011365716', '0.011679848', '0.011643263', '0.012838599', '0.005689127', '0.010337974', '0.012034850', '0.005345463', '0.005719926', '0.011131465', '0.011224602', '0.012544884', '0.006925873', '0.006529782', '0.011296415', '0.011125920', '0.008444536', '0.012830133', '0.007079469', '0.007261151', '0.010787586', '0.010579452']" 
10 TND_DIS View3 0.140 0.198 0.498 0.088 0.230 0.011 nan 1120.0 11201.0 "['0.008203625', '0.009167357', '0.009961294', '0.008527306', '0.011032158', '0.009612669', '0.008609678', '0.010773835', '0.010581222', '0.011814406', '0.009668505', '0.011641294', '0.011266714', '0.008050208', '0.011337407', '0.010623636', '0.010457688', '0.009004011', '0.011860182', '0.010560015', '0.011916758', '0.008152380', '0.011483039', '0.008671091', '0.010753521', '0.008879160', '0.010769974', '0.011815981', '0.008203625', '0.011640052', '0.007794532', '0.010427522', '0.010240555', '0.011998112', '0.008596344', '0.011337407', '0.008596770', '0.010612152', '0.009825467', '0.009512880', '0.010315876', '0.008275889', '0.011604785', '0.011266714', '0.011741507', '0.010499967', '0.008210061', '0.010315876', '0.011916758', '0.008223837', '0.008734939', '0.008734939', '0.010279351', '0.010011028', '0.010614401', '0.011641040', '0.008474923', '0.008541026', '0.009487430', '0.008791642', '0.010457688', '0.010457688', '0.011266714', '0.012151877', '0.009521524', '0.007218245', '0.010390035', '0.012037747', '0.008160848', '0.007231992', '0.012452403', '0.005920758', '0.010051799', '0.008911494', '0.012168337', '0.009090383', '0.012082355', '0.011231242', '0.010500074', '0.011590350', '0.007814799', '0.010572388', '0.010717154', '0.008541026', '0.011279009', '0.011176566', '0.008671091', '0.009322356', '0.009106141', '0.010717154', '0.007353229', '0.008116672', '0.012194447', '0.009609407', '0.009778965', '0.010457688', '0.010431337', '0.009521524', '0.009439324', '0.010623636']" 
10 TND_DIS View4 0.104 0.182 0.461 0.074 0.226 0.017 nan 1120.0 11201.0 "['0.008412271', '0.010182681', '0.012057687', '0.011135400', '0.011127144', '0.011130831', '0.011135400', '0.010588301', '0.005919842', '0.008216488', '0.010609409', '0.012844033', '0.011066770', '0.011886642', '0.011960572', '0.013007949', '0.008884290', '0.011043404', '0.008511296', '0.013479987', '0.013321945', '0.011829772', '0.008947901', '0.011960572', '0.007911980', '0.007750357', '0.013622863', '0.008947901', '0.012859730', '0.011910094', '0.009991153', '0.008488635', '0.012722059', '0.012966996', '0.010588301', '0.010264526', '0.007997182', '0.008781300', '0.007394684', '0.008848182', '0.011960572', '0.011886642', '0.009991153', '0.011143164', '0.011886642', '0.012837668', '0.011952124', '0.008877455', '0.011658760', '0.008830718', '0.008488635', '0.012722059', '0.009140740', '0.009836495', '0.008498411', '0.008488635', '0.008483525', '0.011233275', '0.011313493', '0.008193337', '0.008947901', '0.009805399', '0.006624014', '0.009627906', '0.008216488', '0.011176260', '0.008851474', '0.011196403', '0.008781300', '0.009991153', '0.008488635', '0.010965530', '0.008308636', '0.008488635', '0.009754862', '0.008947901', '0.008111893', '0.012799653', '0.010857604', '0.007708507', '0.007314354', '0.010182681', '0.008014060', '0.010026232', '0.007949243', '0.008821215', '0.008952664', '0.012248762', '0.009339451', '0.006342148', '0.008947901', '0.008848182', '0.006410635', '0.008483525', '0.010182681', '0.010182681', '0.010174094', '0.008390360', '0.011651450', '0.012157395']" 
10 TND_DIS Concatenated 0.092 0.178 0.448 0.069 0.224 0.001 nan 1120.0 11201.0 "['0.010205808', '0.009858155', '0.009399374', '0.010053482', '0.009890315', '0.010236512', '0.010763564', '0.009747200', '0.009626329', '0.010375303', '0.010314167', '0.009433272', '0.009973960', '0.010614062', '0.009848921', '0.009492893', '0.009710195', '0.010466291', '0.010262501', '0.010411154', '0.010395401', '0.009814885', '0.009723865', '0.009856851', '0.009402735', '0.009626329', '0.009715317', '0.009681663', '0.010466291', '0.009724088', '0.009882273', '0.009838525', '0.009893166', '0.009846373', '0.010222088', '0.009814183', '0.010647031', '0.009891566', '0.009426056', '0.010421506', '0.010308743', '0.009799412', '0.010633254', '0.010270991', '0.009694640', '0.010200827', '0.008918262', '0.010273150', '0.010534753', '0.009799412', '0.010534753', '0.010053482', '0.009001267', '0.009797066', '0.010517672', '0.010380648', '0.009972621', '0.010243944', '0.009826008', '0.009165077', '0.009184944', '0.010643511', '0.010053482', '0.009840772', '0.009681288', '0.009875317', '0.010481669', '0.009778673', '0.010693644', '0.010304017', '0.010197734', '0.010383801', '0.010428344', '0.010276747', '0.009408613', '0.010593472', '0.009710195', '0.010024632', '0.009958119', '0.010077148', '0.009954190', '0.010551927', '0.010356204', '0.010024632', '0.008638820', '0.009820858', '0.009928580', '0.009938936', '0.010652029', '0.009476439', '0.010739421', '0.009766900', '0.009176703', '0.009692227', '0.010466291', '0.010739421', '0.009918120', '0.010428344', '0.009402735', '0.009831436']" 
10 TND_DIS Multiview 0.138 0.211 0.535 0.090 0.257 0.360 0.015 1120.0 11201.0 "[['0.013379831', '0.003150932', '0.002703884', '0.055156510', '0.006213688', '0.001261730', '0.008764850', '0.003299088', '0.016650116', '0.012770194', '0.011679057', '0.001228335', '0.003201127', '0.015208305', '0.007044022', '0.030665612', '0.010591543', '0.004659557', '0.057010680', '0.008342112', '0.007761904', '0.012067422', '0.012967573', '0.003181686', '0.049730178', '0.007198193', '0.012376948', '0.010085160', '0.002695663', '0.011003059', '0.007278847', '0.009418717', '0.002320229', '0.020816926', '0.002648701', '0.001176866', '0.000975213', '0.004912145', '0.008917700', '0.004022531', '0.010788784', '0.008828529', '0.009127780', '0.012880838', '0.008752580', '0.003141694', '0.001591674', '0.008544376', '0.006048743', '0.008022235', '0.032088354', '0.002899484', '0.030278537', '0.002879158', '0.013800943', '0.009056614', '0.002399935', '0.002990578', '0.004403287', '0.007697880', '0.023344554', '0.009592997', '0.010801485', '0.023320578', '0.002658532', '0.009200345', '0.009184203', '0.002440947', '0.002793092', '0.023647927', '0.007699907', '0.009191152', '0.003137981', '0.001735164', '0.003696428', '0.013616284', '0.022085084', '0.011569411', '0.001888046', '0.002679253', '0.015560122', '0.008472990', '0.010358807', '0.002947201', '0.003200447', '0.008911821', '0.012539515', '0.002765499', '0.008814624', '0.001667549', '0.002786181', '0.010596052', '0.008651518', '0.002346115', '0.008281647', '0.006990864', '0.002111335', '0.026762219', '0.003819329', '0.007374044'], ['0.021978082', '0.007835467', '0.011408322', '0.002936642', '0.028907226', '0.016267722', '0.003141572', '0.011253322', '0.001353485', '0.020835685', '0.011010762', '0.005856699', '0.008372513', '0.001687643', '0.019311177', '0.003968553', '0.013677705', '0.005025866', '0.002643213', '0.010697876', '0.029604631', '0.010305111', '0.002038753', '0.010328909', '0.003162211', '0.010516115', '0.022306865', '0.010180303', '0.003303573', '0.003218802', '0.013214987', '0.001667751', '0.003398400', '0.007447072', '0.002015136', '0.002042483', '0.037858315', '0.017238179', '0.005280104', '0.018545620', '0.001851878', '0.005858004', '0.019006049', '0.002486086', '0.002610697', '0.016567072', '0.024949450', '0.003646385', '0.004168879', '0.003707365', '0.004557312', '0.003617469', '0.004273437', '0.004837989', '0.002054715', '0.002769292', '0.012923442', '0.006492444', '0.012122474', '0.008614453', '0.009971657', '0.001503280', '0.027647527', '0.004286753', '0.018344663', '0.002090682', '0.011659341', '0.015323325', '0.004660397', '0.005510079', '0.009579694', '0.004995775', '0.027152881', '0.025036909', '0.003247959', '0.001610662', '0.006025978', '0.002190589', '0.002964771', '0.011950322', '0.002420418', '0.008710805', '0.026935076', '0.005169635', '0.024843728', '0.011378792', '0.002426017', '0.001631903', '0.002927054', '0.023543607', '0.004263373', '0.007369130', '0.021564372', '0.014205156', '0.009742582', '0.016886527', '0.008814253', '0.002775154', '0.019714044', '0.019967413'], ['0.002120185', '0.006441406', '0.014493158', '0.001816714', '0.002870796', '0.018417012', '0.022371599', '0.004392327', '0.014899169', '0.002852752', '0.002644807', '0.030495441', '0.008075355', '0.018044064', '0.010894724', '0.004606341', '0.013577553', '0.017860459', '0.002188940', '0.010991736', '0.001453562', '0.002229232', '0.023029838', '0.005947607', '0.002819394', '0.008724446', '0.002507067', '0.002247805', '0.030118655', '0.019212609', '0.009978327', '0.002252339', '0.034328695', '0.003806170', '0.033121333', '0.015583748', '0.002077622', '0.014540953', '0.012208676', '0.005374443', '0.002625559', '0.009587229', '0.001884515', '0.002621486', '0.012781016', '0.011945176', '0.005475734', '0.011999336', '0.004978792', '0.024989674', '0.005007862', '0.018394148', '0.003316195', '0.014065751', '0.002034988', '0.020221146', '0.001287531', '0.015487562', '0.012373926', '0.012023785', '0.002782032', '0.018661730', '0.001290866', '0.003136338', '0.002412382', '0.014198593', '0.009906200', '0.007985167', '0.004641816', '0.003199153', '0.009843173', '0.009284360', '0.004828897', '0.011476230', '0.016443422', '0.022969736', '0.005758613', '0.003487909', '0.017105278', '0.005478070', '0.002924242', '0.010744730', '0.002558055', '0.003559810', '0.003690971', '0.010089939', '0.003015600', '0.008527769', '0.024996843', '0.002158788', '0.033005048', '0.017223030', '0.007373733', '0.019945754', '0.017495502', '0.007340593', '0.002400944', '0.002767766', '0.002151530', '0.008420890'], ['0.002434923', '0.020261442', '0.010408840', '0.002760491', '0.003187554', '0.004727569', '0.003401726', '0.006768235', '0.003331211', '0.003246423', '0.013652681', '0.003699584', '0.008503793', '0.002187913', '0.001384473', '0.003858176', '0.001311281', '0.011268255', '0.002746004', '0.006472049', '0.002446917', '0.014434183', '0.002286376', '0.018149169', '0.003120861', '0.009703929', '0.003107170', '0.017338028', '0.005550817', '0.005016068', '0.006236359', '0.027810877', '0.003237261', '0.007604947', '0.003413400', '0.020175420', '0.002522151', '0.002159142', '0.010638320', '0.007502030', '0.024842961', '0.013213987', '0.009806400', '0.021829421', '0.013750379', '0.006317799', '0.008966646', '0.014010287', '0.024740685', '0.002247073', '0.005831807', '0.013796799', '0.007466821', '0.016713636', '0.022707470', '0.006503349', '0.025294846', '0.009888494', '0.009224648', '0.008156099', '0.003835212', '0.008349352', '0.002779311', '0.008898864', '0.017460864', '0.014987376', '0.005923114', '0.013952204', '0.028098268', '0.007010916', '0.009460819', '0.014118181', '0.005248919', '0.001806051', '0.015540482', '0.002752157', '0.005374253', '0.023325179', '0.015902895', '0.020443281', '0.018902138', '0.008956027', '0.002000294', '0.027171569', '0.007727656', '0.006612344', '0.022150064', '0.028716134', '0.002076342', '0.014982101', '0.002869886', '0.002898577', '0.001930013', '0.002598686', '0.002596597', '0.007162339', '0.028900927', '0.014497951', '0.015315976', '0.003290996']]" "['0.181385413', '0.269137353', '0.288950831', '0.260526419']"
10 TND_DIS_inv View1 0.312 0.354 0.827 0.189 0.332 0.027 nan 1120.0 11201.0 "['0.009551812', '0.013090664', '0.008020855', '0.007554935', '0.007521713', '0.007827695', '0.007521713', '0.012568129', '0.009988318', '0.010962283', '0.010962283', '0.007621836', '0.013073832', '0.009770568', '0.009826140', '0.007974812', '0.009693473', '0.007346636', '0.006730797', '0.009327144', '0.007521713', '0.009551812', '0.009229091', '0.013090664', '0.008909772', '0.014797334', '0.010962283', '0.014712899', '0.012042540', '0.009372032', '0.009445519', '0.008909772', '0.009983172', '0.006510730', '0.006561251', '0.007882814', '0.007350051', '0.008534830', '0.009372032', '0.010341065', '0.007987882', '0.009724707', '0.009327144', '0.010962283', '0.008639476', '0.013477243', '0.006566980', '0.010439627', '0.009707553', '0.007891349', '0.009724707', '0.006684325', '0.007987882', '0.015395642', '0.010359468', '0.008673863', '0.013448765', '0.012042540', '0.006730797', '0.008961334', '0.009982189', '0.009982189', '0.010364125', '0.010430751', '0.006268723', '0.010299598', '0.010725333', '0.014086820', '0.015278181', '0.009327144', '0.008430975', '0.009327144', '0.012318836', '0.009906977', '0.014785121', '0.009551812', '0.008673863', '0.009810935', '0.014929547', '0.013090664', '0.007194881', '0.009327144', '0.009327144', '0.012042540', '0.012820946', '0.010299598', '0.008961334', '0.013090664', '0.006561251', '0.014696636', '0.012085650', '0.008639476', '0.011035757', '0.013440179', '0.009445519', '0.007582144', '0.014696636', '0.007521713', '0.007582144', '0.009327144']" 
10 TND_DIS_inv View2 0.100 0.180 0.450 0.076 0.210 0.001 nan 1120.0 11201.0 "['0.010004126', '0.009712351', '0.009664087', '0.009841797', '0.009836579', '0.009861566', '0.009749079', '0.010156933', '0.010386007', '0.010235093', '0.010291729', '0.010379368', '0.010279544', '0.009622286', '0.010077439', '0.009904597', '0.009584461', '0.009892019', '0.009979421', '0.009932891', '0.010033152', '0.010035791', '0.009962556', '0.010396333', '0.009901841', '0.009270148', '0.009866100', '0.010091914', '0.009698767', '0.010335916', '0.010180990', '0.010333066', '0.010225754', '0.010208825', '0.010559493', '0.009680000', '0.010172340', '0.010052062', '0.010208825', '0.010353779', '0.009803752', '0.008907088', '0.010164880', '0.010040580', '0.009600470', '0.010274558', '0.010218238', '0.009638275', '0.010386361', '0.009885545', '0.010048836', '0.010390831', '0.009539493', '0.009404091', '0.010004126', '0.010023978', '0.010559493', '0.010323565', '0.009670076', '0.009861566', '0.009478840', '0.010044438', '0.010066146', '0.009861566', '0.010362644', '0.010333066', '0.010122124', '0.010335916', '0.010337184', '0.009352996', '0.010423631', '0.010413228', '0.010273929', '0.010283990', '0.010034891', '0.009962556', '0.009257347', '0.010483088', '0.010158707', '0.010333707', '0.009915161', '0.010390831', '0.009778442', '0.009646252', '0.010182076', '0.008757786', '0.009463537', '0.010052062', '0.010194101', '0.010281898', '0.009584461', '0.009803752', '0.010331637', '0.010164880', '0.010122124', '0.010391098', '0.009279100', '0.009592427', '0.009966275', '0.010477232']" 
10 TND_DIS_inv View3 0.144 0.196 0.494 0.089 0.224 0.002 nan 1120.0 11201.0 "['0.010810783', '0.009927735', '0.009432159', '0.010782777', '0.010045303', '0.009404848', '0.010540754', '0.010157577', '0.009949217', '0.009976152', '0.011027976', '0.009524796', '0.011164671', '0.010231840', '0.009170072', '0.010428133', '0.009867435', '0.010454596', '0.010005655', '0.010412880', '0.009994876', '0.010460019', '0.009158519', '0.010740913', '0.009764330', '0.008680359', '0.009773561', '0.010263466', '0.010810783', '0.009599926', '0.010598997', '0.010065159', '0.009932987', '0.010319201', '0.010778364', '0.009170072', '0.009081568', '0.010423468', '0.009827553', '0.008895779', '0.009946014', '0.010485173', '0.009198645', '0.011164671', '0.009984517', '0.009974886', '0.010813935', '0.009946014', '0.009994876', '0.010687876', '0.010420439', '0.010420439', '0.009674191', '0.009657209', '0.008987278', '0.011143610', '0.010531870', '0.010908205', '0.010544052', '0.010754163', '0.009867435', '0.009867435', '0.011164671', '0.010331027', '0.009765460', '0.008474773', '0.010044893', '0.009210508', '0.010796891', '0.009280883', '0.008980627', '0.008177905', '0.009887561', '0.010447814', '0.010361917', '0.009915098', '0.010342374', '0.009148499', '0.008931863', '0.009496448', '0.010691077', '0.010108484', '0.009891157', '0.010908205', '0.009124544', '0.010207982', '0.010740913', '0.009484837', '0.009910113', '0.009891157', '0.010334780', '0.008747051', '0.009413007', '0.010594735', '0.008942781', '0.009867435', '0.009958219', '0.009765460', '0.009602516', '0.010428133']" 
10 TND_DIS_inv View4 0.105 0.181 0.458 0.074 0.223 0.002 nan 1120.0 11201.0 "['0.009939007', '0.010110834', '0.009286538', '0.010164877', '0.009918314', '0.009643325', '0.010164877', '0.010002020', '0.008608868', '0.010527153', '0.009631937', '0.010044396', '0.010081552', '0.010400664', '0.009602851', '0.010083011', '0.010458814', '0.010156351', '0.010392484', '0.009949209', '0.010524424', '0.009388126', '0.010734865', '0.009602851', '0.009971022', '0.009964103', '0.010004845', '0.010734865', '0.009441592', '0.009416956', '0.009952782', '0.010555294', '0.009972847', '0.009793770', '0.010002020', '0.009111873', '0.010393809', '0.010803210', '0.008618716', '0.010724568', '0.009602851', '0.010400664', '0.009952782', '0.009500764', '0.010400664', '0.009994170', '0.009566333', '0.010730466', '0.009465272', '0.010838870', '0.010555294', '0.009972847', '0.010663724', '0.009102483', '0.010560588', '0.010555294', '0.010557050', '0.009909253', '0.009827719', '0.009169080', '0.010734865', '0.010011467', '0.008629967', '0.009974541', '0.010527153', '0.009424136', '0.010840137', '0.009695046', '0.010803210', '0.009952782', '0.010555294', '0.010041002', '0.010291493', '0.010555294', '0.010815835', '0.010734865', '0.009963130', '0.009939771', '0.009987742', '0.009174171', '0.009263379', '0.010110834', '0.008775651', '0.010077070', '0.010357189', '0.009667831', '0.009921302', '0.009439747', '0.009690121', '0.009169448', '0.010734865', '0.010724568', '0.008179159', '0.010557050', '0.010110834', '0.010110834', '0.009556045', '0.010533191', '0.009801261', '0.010361915']" 
10 TND_DIS_inv Concatenated 0.092 0.178 0.448 0.069 0.224 0.001 nan 1120.0 11201.0 "['0.010119927', '0.009909515', '0.009461569', '0.010039646', '0.009890488', '0.010158777', '0.010706047', '0.009777538', '0.009666783', '0.010412113', '0.010295570', '0.009622571', '0.010030816', '0.010581854', '0.009862002', '0.009530057', '0.009629843', '0.010378106', '0.010300639', '0.010419068', '0.010434756', '0.009780744', '0.009714452', '0.009948523', '0.009484675', '0.009666783', '0.009689740', '0.009647587', '0.010378106', '0.009698642', '0.009921936', '0.009840894', '0.009946505', '0.009903280', '0.010141542', '0.009810121', '0.010583651', '0.009911488', '0.009338023', '0.010498746', '0.010343535', '0.009786210', '0.010585684', '0.010343925', '0.009709781', '0.010116859', '0.008985379', '0.010230189', '0.010499841', '0.009786210', '0.010499841', '0.010039646', '0.008992178', '0.009788135', '0.010494402', '0.010419224', '0.009919988', '0.010185642', '0.009795737', '0.009283246', '0.009303927', '0.010708290', '0.010039646', '0.009843940', '0.009693072', '0.009930177', '0.010483860', '0.009820409', '0.010623842', '0.010374811', '0.010146659', '0.010278103', '0.010437850', '0.010463963', '0.009353111', '0.010510458', '0.009629843', '0.010011193', '0.010030582', '0.010044694', '0.009979734', '0.010527045', '0.010319827', '0.010011193', '0.008657447', '0.009867498', '0.009952615', '0.009915107', '0.010717986', '0.009526354', '0.010659432', '0.009673240', '0.009136862', '0.009642681', '0.010378106', '0.010659432', '0.009934425', '0.010437850', '0.009484675', '0.009851309']" 
10 TND_DIS_inv Multiview 0.106 0.188 0.506 0.079 0.251 0.737 0.044 1120.0 11201.0 "[['0.036107164', '0.000643713', '0.000320058', '0.000394255', '0.000367569', '0.000330415', '0.000314309', '0.000801136', '0.003622447', '0.037821062', '0.004406781', '0.000321462', '0.000410132', '0.031540919', '0.000414803', '0.000508403', '0.013598651', '0.000305122', '0.000369788', '0.000638220', '0.000301157', '0.039541230', '0.000441053', '0.000905760', '0.001167661', '0.043941792', '0.038168181', '0.048378836', '0.000347784', '0.003230282', '0.000804705', '0.000583203', '0.000332163', '0.000394977', '0.000339124', '0.000323881', '0.000380480', '0.000328362', '0.002022124', '0.000290012', '0.000653283', '0.001304066', '0.000360104', '0.038946610', '0.000276809', '0.000425757', '0.000385707', '0.003947435', '0.000477046', '0.000328219', '0.002994932', '0.000335820', '0.000651650', '0.046700552', '0.045479622', '0.000419825', '0.020853760', '0.000521485', '0.000337781', '0.000296099', '0.001453160', '0.000308867', '0.045439389', '0.042941626', '0.000408358', '0.001251418', '0.001534327', '0.003345146', '0.048217840', '0.001604749', '0.000646858', '0.000566353', '0.001019858', '0.000312399', '0.053132400', '0.006282519', '0.000863065', '0.000990296', '0.049010698', '0.000535028', '0.000824683', '0.000598021', '0.000488247', '0.001373001', '0.000621308', '0.031904817', '0.000482721', '0.000358043', '0.000334736', '0.048113868', '0.000660133', '0.000436506', '0.039612867', '0.047414042', '0.041295633', '0.000306071', '0.042903703', '0.000407020', '0.000328594', '0.000515944'], ['0.004384782', '0.004966883', '0.004063040', '0.028031353', '0.016406894', '0.013506401', '0.002278351', '0.023307147', '0.017846296', '0.003377289', '0.010250687', '0.007011597', '0.010637905', '0.003130716', '0.029320773', '0.011545919', '0.009465717', '0.005815879', '0.019531328', '0.010196272', '0.006857130', '0.001366138', '0.010218918', '0.010224310', '0.025516251', '0.002352336', '0.002407611', '0.001477282', '0.001794219', '0.004867884', '0.016584398', '0.007286089', '0.001989513', '0.017818004', '0.007497230', '0.002554242', '0.029039428', '0.006976431', '0.011229850', '0.015591783', '0.007698329', '0.017106159', '0.016564783', '0.002013168', '0.004080110', '0.017826010', '0.015037474', '0.002504488', '0.004655208', '0.017419828', '0.001388890', '0.005232826', '0.004910727', '0.001290668', '0.001300527', '0.006519292', '0.003166989', '0.003978906', '0.005916517', '0.003851568', '0.024618283', '0.001469087', '0.001567546', '0.002034318', '0.023479503', '0.003371406', '0.015536387', '0.005831426', '0.001161582', '0.030996557', '0.011941255', '0.006818217', '0.024866654', '0.007925219', '0.000607926', '0.012186479', '0.020639926', '0.005030479', '0.001604938', '0.005820044', '0.026974006', '0.005855225', '0.007440330', '0.028163370', '0.031796783', '0.001852619', '0.009874127', '0.011784383', '0.004318834', '0.001294980', '0.010617095', '0.007194629', '0.002095417', '0.000707645', '0.000901048', '0.027602745', '0.001680779', '0.007074408', '0.028709879', '0.015367745'], ['0.001591379', '0.006813936', '0.018242529', '0.003226560', '0.001168947', '0.016173322', '0.030665226', '0.001220848', '0.009724284', '0.001327766', '0.011248852', '0.027293302', '0.003767650', '0.002501770', '0.004297725', '0.002577279', '0.012870739', '0.001836245', '0.013682550', '0.019399283', '0.000967887', '0.002188960', '0.011232362', '0.004599080', '0.002652649', '0.001752308', '0.001032658', '0.000968684', '0.030814711', '0.023059441', '0.016147789', '0.001552538', '0.031628095', '0.002189573', '0.026798710', '0.030087896', '0.004570421', '0.023450427', '0.013715699', '0.001672573', '0.007398301', '0.003250393', '0.001542894', '0.001256640', '0.001361274', '0.014966607', '0.011540566', '0.022131668', '0.005850506', '0.018667020', '0.001830767', '0.028676389', '0.000810243', '0.002337824', '0.000756209', '0.006814946', '0.010371342', '0.004542842', '0.030135542', '0.029321998', '0.008392539', '0.021597972', '0.000815738', '0.001601636', '0.005503332', '0.010183253', '0.017971048', '0.027460059', '0.001158843', '0.001627507', '0.020236345', '0.021569174', '0.008463899', '0.029328763', '0.001502364', '0.011716893', '0.001059043', '0.001639198', '0.001354155', '0.030678874', '0.001916040', '0.031694036', '0.001297976', '0.001527513', '0.000969310', '0.007090638', '0.001039694', '0.001381131', '0.004632050', '0.001874155', '0.026223209', '0.028357731', '0.002402098', '0.001491029', '0.002756815', '0.008845931', '0.002328007', '0.001168260', '0.002327963', '0.022539185'], ['0.002207071', '0.024669217', '0.016937250', '0.005049809', '0.020092834', '0.008583635', '0.005082277', '0.010526798', '0.005354274', '0.001494854', '0.011630749', '0.004047598', '0.021860790', '0.002965418', '0.004131922', '0.022134161', '0.001973952', '0.030468870', '0.003579548', '0.007531065', '0.030696085', '0.002538906', '0.016521512', '0.019842613', '0.005725751', '0.002660470', '0.002652467', '0.002148877', '0.006425668', '0.007024308', '0.005268317', '0.027876817', '0.004225195', '0.015792955', '0.003345629', '0.005718375', '0.003615245', '0.008946904', '0.010513070', '0.020608924', '0.019972162', '0.015187355', '0.019477284', '0.002067779', '0.032354228', '0.003697896', '0.010298087', '0.010537316', '0.027889205', '0.001397070', '0.031447832', '0.004133335', '0.031232899', '0.001814147', '0.001032267', '0.025166010', '0.003575899', '0.029680993', '0.002812425', '0.004725253', '0.002221582', '0.014829363', '0.001039978', '0.000836636', '0.007789937', '0.023855615', '0.003197294', '0.002929569', '0.002343508', '0.003028930', '0.004958243', '0.008405329', '0.002451133', '0.001021366', '0.000561544', '0.007008488', '0.014174227', '0.030574638', '0.001131462', '0.002534735', '0.005627814', '0.001782232', '0.028408201', '0.005378834', '0.003962466', '0.001185660', '0.026520912', '0.024480956', '0.029835617', '0.001235932', '0.001042099', '0.001188183', '0.001255920', '0.000677514', '0.000844658', '0.001760892', '0.002270486', '0.029256471', '0.006049550', '0.001372343']]" "['0.138657719', '0.293992043', '0.275604308', '0.291745931']"
10 TND View1 0.296 0.358 0.887 0.175 0.366 0.064 nan 1120.0 1120.0 "['0.007701430', '0.018804956', '0.008000107', '0.007352876', '0.007304096', '0.007969352', '0.007304096', '0.017245788', '0.009096288', '0.009073976', '0.009073976', '0.007570121', '0.022293475', '0.009041254', '0.007777879', '0.007798729', '0.007432067', '0.007125231', '0.006074085', '0.008778444', '0.007304096', '0.007701430', '0.008791744', '0.018804956', '0.008755282', '0.014422411', '0.009073976', '0.014111964', '0.013233312', '0.007872516', '0.007480964', '0.008755282', '0.008953738', '0.005748513', '0.005805192', '0.008020326', '0.007248254', '0.008416987', '0.007872516', '0.008907354', '0.007772945', '0.007665510', '0.008778444', '0.009073976', '0.008569525', '0.027568081', '0.005899415', '0.008252427', '0.007651788', '0.007915922', '0.007665510', '0.006057312', '0.007772945', '0.016728470', '0.009079364', '0.008382343', '0.014143825', '0.013233312', '0.006074085', '0.008628999', '0.009131894', '0.009131894', '0.008909012', '0.008329334', '0.005370063', '0.008020943', '0.008449464', '0.017018955', '0.016228203', '0.008778444', '0.008154924', '0.008778444', '0.014932815', '0.009015564', '0.014337687', '0.007701430', '0.008382343', '0.007586835', '0.014916351', '0.018804956', '0.006775503', '0.008778444', '0.008778444', '0.013233312', '0.020805763', '0.008020943', '0.008628999', '0.018804956', '0.005805192', '0.014005598', '0.012276432', '0.008569525', '0.009782623', '0.014231687', '0.007480964', '0.007470371', '0.014005598', '0.007304096', '0.007470371', '0.008778444']" 
10 TND View2 0.099 0.180 0.437 0.076 0.210 0.003 nan 1120.0 1120.0 "['0.010893017', '0.009402702', '0.010253578', '0.008707119', '0.009568091', '0.011688902', '0.010546702', '0.009668499', '0.009418120', '0.010952411', '0.009924960', '0.009361587', '0.009862103', '0.009387298', '0.011497909', '0.009560062', '0.010159374', '0.009543934', '0.010402764', '0.008748731', '0.008841508', '0.010282126', '0.009666390', '0.010344329', '0.010378938', '0.009248175', '0.010364966', '0.009522376', '0.009753657', '0.009380843', '0.009841648', '0.009380843', '0.009524655', '0.009353602', '0.009585777', '0.009338668', '0.010887812', '0.010464600', '0.009353602', '0.009732132', '0.010883928', '0.009360715', '0.009762405', '0.009597402', '0.010155031', '0.009580349', '0.009918341', '0.009505535', '0.011367315', '0.010754322', '0.010966450', '0.009429134', '0.009077925', '0.009094102', '0.010893017', '0.010578276', '0.009585777', '0.009272295', '0.010700708', '0.011688902', '0.009828824', '0.008894173', '0.009927850', '0.011688902', '0.011625235', '0.009380843', '0.011049837', '0.009380843', '0.011587464', '0.010579545', '0.009461014', '0.010378938', '0.009344378', '0.009418120', '0.009517835', '0.009666390', '0.011636144', '0.010491800', '0.009502237', '0.009721488', '0.008909451', '0.009429134', '0.011590314', '0.008976874', '0.009300893', '0.009601002', '0.010636951', '0.010464600', '0.009681194', '0.009321817', '0.010159374', '0.010883928', '0.010048314', '0.009762405', '0.011049837', '0.009432943', '0.009529219', '0.010072348', '0.009533780', '0.011567275']" 
10 TND View3 0.140 0.198 0.493 0.088 0.220 0.004 nan 1120.0 1120.0 "['0.009690442', '0.008689250', '0.009325827', '0.009845582', '0.011086706', '0.009237124', '0.009846542', '0.009326671', '0.009314025', '0.011597235', '0.010193582', '0.010137442', '0.010668728', '0.009679262', '0.010146444', '0.009132896', '0.010958417', '0.010010007', '0.011611127', '0.009117481', '0.011657651', '0.009619768', '0.010231508', '0.009905067', '0.009465498', '0.009901534', '0.009471954', '0.011454895', '0.009690442', '0.010104805', '0.009466429', '0.009212910', '0.009169072', '0.011533166', '0.009874769', '0.010146444', '0.009223444', '0.009131286', '0.009027453', '0.009849408', '0.009195649', '0.009671852', '0.010262313', '0.010668728', '0.011540711', '0.009267700', '0.009693252', '0.009195649', '0.011657651', '0.009689508', '0.009887371', '0.009887371', '0.009273351', '0.009185090', '0.012488668', '0.010821730', '0.009773424', '0.009824804', '0.010268407', '0.009935609', '0.010958417', '0.010958417', '0.010668728', '0.011617315', '0.010677239', '0.009346913', '0.009202408', '0.010624536', '0.009670928', '0.008512066', '0.011164418', '0.008549822', '0.009100986', '0.009951918', '0.011604948', '0.008669607', '0.011568069', '0.010119218', '0.010162300', '0.010099595', '0.009495217', '0.009260509', '0.011048205', '0.009824804', '0.010170167', '0.009476466', '0.009905067', '0.009074938', '0.008676910', '0.011048205', '0.009366400', '0.009490279', '0.010773157', '0.010326616', '0.009866895', '0.010958417', '0.009241736', '0.010677239', '0.009016867', '0.009132896']" 
10 TND View4 0.103 0.182 0.427 0.073 0.218 0.002 nan 1120.0 1120.0 "['0.009108947', '0.010323509', '0.009186219', '0.010677633', '0.009415061', '0.009732798', '0.010677633', '0.009451988', '0.010348774', '0.009542423', '0.009668986', '0.010741221', '0.010497681', '0.011041128', '0.010601990', '0.010828697', '0.009826627', '0.010628205', '0.009662084', '0.010636110', '0.010870750', '0.009960467', '0.010135234', '0.010601990', '0.009080252', '0.009048758', '0.010782789', '0.010135234', '0.009654003', '0.010020441', '0.010084894', '0.009274946', '0.010546712', '0.010187162', '0.009451988', '0.009706392', '0.009351028', '0.010082007', '0.009257273', '0.010079112', '0.010601990', '0.011041128', '0.010084894', '0.009461764', '0.011041128', '0.010624220', '0.010449677', '0.010099225', '0.009443403', '0.010132536', '0.009274946', '0.010546712', '0.010127102', '0.009800112', '0.009284679', '0.009274946', '0.009284679', '0.009421237', '0.010063141', '0.010647785', '0.010135234', '0.010118863', '0.009783647', '0.010028747', '0.009542423', '0.010273724', '0.010151186', '0.011016200', '0.010082007', '0.010084894', '0.009274946', '0.009569692', '0.009476372', '0.009274946', '0.010436582', '0.010135234', '0.009099199', '0.010461569', '0.010321417', '0.010899406', '0.011332293', '0.010323509', '0.009431103', '0.010250593', '0.009317576', '0.009508970', '0.009137467', '0.009981029', '0.008922041', '0.012193945', '0.010135234', '0.010079112', '0.008435391', '0.009284679', '0.010323509', '0.010323509', '0.009486070', '0.009276016', '0.009410116', '0.011067131']" 
10 TND Concatenated 0.090 0.178 0.402 0.068 0.221 0.004 nan 1120.0 1120.0 "['0.009107610', '0.010470605', '0.010518967', '0.010081032', '0.009492011', '0.009247854', '0.010187422', '0.010154200', '0.010252026', '0.010618819', '0.009850204', '0.013916882', '0.010993157', '0.009924763', '0.009802527', '0.009872364', '0.008543698', '0.009066327', '0.010593912', '0.010247919', '0.010703750', '0.009087156', '0.009598764', '0.011266900', '0.011004573', '0.010252026', '0.009373641', '0.009241150', '0.009066327', '0.009375891', '0.010289404', '0.009645692', '0.010578081', '0.010551403', '0.009204073', '0.009587343', '0.009644499', '0.009904174', '0.008112077', '0.011380483', '0.010494021', '0.009480917', '0.009798246', '0.011634087', '0.009959180', '0.009123422', '0.010094699', '0.009636168', '0.009718239', '0.009480917', '0.009718239', '0.010081032', '0.008913505', '0.009545143', '0.009823408', '0.010657582', '0.008837371', '0.009488701', '0.009115031', '0.011638870', '0.011579976', '0.012052950', '0.010081032', '0.009655262', '0.009901885', '0.010563927', '0.010218337', '0.010297757', '0.009746287', '0.011115509', '0.009542967', '0.008860128', '0.010297757', '0.013907405', '0.008503308', '0.009277831', '0.008543698', '0.009924763', '0.011343314', '0.009528896', '0.010113089', '0.009857480', '0.009580555', '0.009924763', '0.009362454', '0.010362740', '0.010031150', '0.009510547', '0.012074525', '0.010095932', '0.009785555', '0.008621680', '0.008747339', '0.009041850', '0.009066327', '0.009785555', '0.009824537', '0.010297757', '0.011004573', '0.009920197']" 
10 TND Multiview 0.073 0.206 0.444 0.075 0.269 0.475 0.041 1120.0 1120.0 "[['0.001581044', '0.039565206', '0.000772123', '0.000869126', '0.000749501', '0.000795904', '0.000696570', '0.035786629', '0.000790233', '0.000768695', '0.000601686', '0.000735554', '0.048127536', '0.000981093', '0.000852872', '0.000802776', '0.001454300', '0.000777222', '0.000733962', '0.000973974', '0.000760860', '0.001176189', '0.000662094', '0.043892071', '0.000889577', '0.035308365', '0.001007901', '0.031446166', '0.025529576', '0.001633663', '0.001383108', '0.001025844', '0.000578281', '0.000838380', '0.000823010', '0.000840018', '0.000916696', '0.000721202', '0.001554029', '0.000705280', '0.000779733', '0.001081853', '0.000765302', '0.000755348', '0.000858507', '0.069965407', '0.000969331', '0.001468425', '0.001095204', '0.000878458', '0.001134086', '0.000937126', '0.000999387', '0.044948809', '0.001225636', '0.000782684', '0.037093893', '0.016997218', '0.000966699', '0.001175579', '0.000716933', '0.001053451', '0.001022551', '0.001088750', '0.000856804', '0.000760819', '0.000928968', '0.043415632', '0.040525660', '0.001045747', '0.001069008', '0.000904476', '0.035705667', '0.001312483', '0.042506389', '0.001487528', '0.001061093', '0.000814324', '0.029523337', '0.049743194', '0.001289281', '0.000999267', '0.000871442', '0.024910854', '0.058726475', '0.001258773', '0.000946261', '0.053780384', '0.000879938', '0.037670877', '0.026314367', '0.000904739', '0.001271293', '0.045045070', '0.001329073', '0.000944242', '0.008563108', '0.001177857', '0.001240643', '0.001346214'], ['0.017115178', '0.007575872', '0.011831786', '0.014012564', '0.010061051', '0.014006995', '0.024564682', '0.005005289', '0.014069400', '0.010134118', '0.004907383', '0.015395042', '0.003241271', '0.017471001', '0.014826459', '0.008007773', '0.013845124', '0.012517072', '0.006446777', '0.010397185', '0.012094686', '0.001883257', '0.017873067', '0.003861442', '0.010567853', '0.003421843', '0.009329765', '0.002482328', '0.005428178', '0.010911115', '0.011183291', '0.012433036', '0.031230580', '0.011231050', '0.010170050', '0.010267006', '0.013670099', '0.011283704', '0.012111866', '0.017490987', '0.004467415', '0.012696682', '0.004364950', '0.011184608', '0.012415048', '0.000949196', '0.009596126', '0.011390603', '0.011398838', '0.020981895', '0.015112435', '0.013024868', '0.016014539', '0.001514496', '0.014473218', '0.013195541', '0.002308587', '0.002720569', '0.010603753', '0.007273685', '0.005687835', '0.005893384', '0.010886903', '0.006358476', '0.003259229', '0.019167371', '0.011544975', '0.001983691', '0.002018329', '0.022464035', '0.010510406', '0.013669089', '0.001919512', '0.015351970', '0.001375250', '0.011812549', '0.016483365', '0.013738411', '0.011573391', '0.001118413', '0.011763287', '0.013055046', '0.006677425', '0.003367104', '0.000692492', '0.010940294', '0.014688620', '0.001293208', '0.011550063', '0.001819484', '0.006797933', '0.009593240', '0.008358039', '0.001018696', '0.012145096', '0.014199530', '0.002578893', '0.016282555', '0.006314214', '0.010003993'], ['0.003920623', '0.005726084', '0.006233448', '0.009444633', '0.009128870', '0.006019349', '0.002755366', '0.003427794', '0.012532311', '0.016428575', '0.034052994', '0.005347966', '0.001945045', '0.008484788', '0.006659688', '0.002625373', '0.006179374', '0.003052439', '0.033671100', '0.009522969', '0.006503931', '0.034460343', '0.003455707', '0.002510997', '0.020655740', '0.003561486', '0.005220061', '0.010813177', '0.006607741', '0.011478884', '0.010738804', '0.009172658', '0.002941798', '0.012926801', '0.007374883', '0.014900589', '0.010738609', '0.005897213', '0.010271965', '0.002264863', '0.031057697', '0.009189033', '0.025510794', '0.016549341', '0.005970357', '0.001235880', '0.011302665', '0.010671846', '0.011351058', '0.007291891', '0.002180289', '0.012401214', '0.002674893', '0.002822653', '0.012053736', '0.006024886', '0.004029283', '0.002525764', '0.013588839', '0.011161696', '0.032734584', '0.010333078', '0.009469033', '0.031362113', '0.034244347', '0.008054911', '0.010944150', '0.004121408', '0.005810992', '0.003816098', '0.011812084', '0.012384596', '0.006785848', '0.014695480', '0.003066245', '0.008342431', '0.002661000', '0.006474721', '0.001255697', '0.003454903', '0.018685775', '0.015256658', '0.012988761', '0.013490224', '0.000585988', '0.013331315', '0.003975804', '0.000772061', '0.007097746', '0.003826601', '0.004095849', '0.002449850', '0.010278462', '0.001440284', '0.012418807', '0.012023351', '0.027018877', '0.010204863', '0.014076668', '0.014909465'], ['0.013422823', '0.003353583', '0.017800391', '0.010584859', '0.018378915', '0.014997226', '0.010996793', '0.007275795', '0.008718333', '0.010349252', '0.002245910', '0.016370518', '0.009238122', '0.007764908', '0.013001771', '0.026516564', '0.013741975', '0.020662801', '0.001335772', '0.013165889', '0.019246552', '0.002658870', '0.020215759', '0.004239057', '0.003490373', '0.003476883', '0.022289092', '0.001359546', '0.006928907', '0.012241559', '0.013183073', '0.011051144', '0.005724977', '0.011615282', '0.019340318', '0.009968617', '0.009295727', '0.023295691', '0.011915790', '0.021243431', '0.003041894', '0.011409556', '0.007459368', '0.007745690', '0.016589893', '0.002547638', '0.012830252', '0.010891245', '0.015473976', '0.005690442', '0.022664620', '0.008664238', '0.015095140', '0.001841797', '0.005647971', '0.019638732', '0.002321712', '0.021179866', '0.010383327', '0.013921722', '0.001018209', '0.017674973', '0.016537357', '0.001323625', '0.002319428', '0.007758650', '0.010692421', '0.001694656', '0.001075514', '0.007646700', '0.010747856', '0.007890493', '0.001865592', '0.003000911', '0.000893884', '0.016094172', '0.015634904', '0.016631577', '0.001670231', '0.001311121', '0.002043139', '0.007407289', '0.016083518', '0.000958419', '0.000859303', '0.008604907', '0.016151419', '0.001155038', '0.021287872', '0.002381059', '0.001467797', '0.022435399', '0.013799893', '0.001004416', '0.007229853', '0.008841618', '0.005487903', '0.008765684', '0.013321121', '0.009490171']]" "['0.143855751', '0.303138971', '0.259669781', '0.293335497']"
10 TND_inv View1 0.270 0.353 0.835 0.163 0.379 0.119 nan 1120.0 1120.0 "['0.008716287', '0.021340160', '0.006120680', '0.005897781', '0.005883007', '0.006108589', '0.005883007', '0.020106472', '0.006942258', '0.007782065', '0.007782065', '0.005966417', '0.023719577', '0.006834394', '0.009319790', '0.006044775', '0.009015502', '0.005830506', '0.005556084', '0.006542203', '0.005883007', '0.008716287', '0.006553101', '0.021340160', '0.006523786', '0.017749427', '0.007782065', '0.017467532', '0.016617887', '0.008586640', '0.008889774', '0.006523786', '0.008087158', '0.005477134', '0.005490801', '0.006128740', '0.005866339', '0.006309680', '0.008586640', '0.008185276', '0.006035565', '0.009301076', '0.006542203', '0.007782065', '0.006396094', '0.026214104', '0.005513581', '0.008901181', '0.009296388', '0.006088034', '0.009301076', '0.005551981', '0.006035565', '0.019689422', '0.008821468', '0.006291696', '0.017496828', '0.016617887', '0.005556084', '0.006433719', '0.007044808', '0.007044808', '0.008885890', '0.008916237', '0.005386000', '0.009261657', '0.008900459', '0.019923998', '0.019282503', '0.006542203', '0.006184830', '0.006542203', '0.018198065', '0.007942402', '0.017673256', '0.008716287', '0.006291696', '0.009265596', '0.018183842', '0.021340160', '0.005734026', '0.006542203', '0.006542203', '0.016617887', '0.022792354', '0.009261657', '0.006433719', '0.021340160', '0.005490801', '0.017369071', '0.015557062', '0.006396094', '0.008243200', '0.017577166', '0.008889774', '0.005934289', '0.017369071', '0.005883007', '0.005934289', '0.006542203']" 
10 TND_inv View2 0.099 0.180 0.437 0.076 0.210 0.003 nan 1120.0 1120.0 "['0.010925479', '0.009387100', '0.010286203', '0.008581414', '0.009556607', '0.011714595', '0.010557906', '0.009674495', '0.009404710', '0.010983331', '0.009935370', '0.009345137', '0.009861726', '0.009370441', '0.011461587', '0.009549055', '0.010194953', '0.009535600', '0.010419324', '0.008603812', '0.008721495', '0.010312009', '0.009672309', '0.010367336', '0.010397989', '0.009265687', '0.010385592', '0.009519381', '0.009757360', '0.009363750', '0.009840055', '0.009363750', '0.009521067', '0.009338099', '0.009576206', '0.009325998', '0.010920114', '0.010476843', '0.009338099', '0.009737452', '0.010916080', '0.009344347', '0.009765266', '0.009591050', '0.010190316', '0.009569732', '0.009927770', '0.009506428', '0.011326442', '0.010772604', '0.010996111', '0.009417954', '0.009127619', '0.009143083', '0.010925479', '0.010589675', '0.009576206', '0.009281504', '0.010714644', '0.011714595', '0.009827062', '0.008842660', '0.009938587', '0.011714595', '0.011622087', '0.009363750', '0.011066276', '0.009363750', '0.011571030', '0.010590953', '0.009458751', '0.010397989', '0.009330472', '0.009404710', '0.009516001', '0.009672309', '0.011637382', '0.010503262', '0.009503680', '0.009727314', '0.008877298', '0.009417954', '0.011574777', '0.009004933', '0.009299784', '0.009595783', '0.010648946', '0.010476843', '0.009687474', '0.009313721', '0.010194953', '0.010916080', '0.010052668', '0.009765266', '0.011066276', '0.009422671', '0.009524443', '0.010088352', '0.009527839', '0.011544963']" 
10 TND_inv View3 0.140 0.198 0.493 0.088 0.220 0.004 nan 1120.0 1120.0 "['0.009757239', '0.008560190', '0.009264610', '0.009760964', '0.010929147', '0.009316373', '0.009760421', '0.009263971', '0.009273733', '0.011738465', '0.010279126', '0.010173527', '0.010679618', '0.009746964', '0.010192777', '0.009229341', '0.010883348', '0.009896143', '0.011759042', '0.009203589', '0.011824470', '0.009688206', '0.010324536', '0.009745868', '0.009348225', '0.009736034', '0.009364441', '0.011502295', '0.009757239', '0.010099835', '0.009350491', '0.009313220', '0.009279526', '0.011637578', '0.009746849', '0.010192777', '0.009315944', '0.009226751', '0.009026545', '0.009758810', '0.009304127', '0.009739856', '0.010344626', '0.010679618', '0.011649960', '0.009306355', '0.009759707', '0.009304127', '0.011824470', '0.009756411', '0.009743948', '0.009743948', '0.009303179', '0.009295806', '0.012309834', '0.010866142', '0.009792473', '0.009772846', '0.010347099', '0.009777626', '0.010883348', '0.010883348', '0.010679618', '0.011768045', '0.010694865', '0.009250374', '0.009308365', '0.010600858', '0.009738958', '0.008580627', '0.011010049', '0.008565146', '0.009173887', '0.009800336', '0.011749947', '0.008551940', '0.011693751', '0.010132907', '0.010224878', '0.010087802', '0.009432605', '0.009309881', '0.010904441', '0.009772846', '0.010239756', '0.009376495', '0.009745868', '0.009123625', '0.008554670', '0.010904441', '0.009242430', '0.009416984', '0.010832164', '0.010356371', '0.009749922', '0.010883348', '0.009315771', '0.010694865', '0.009004734', '0.009229341']" 
10 TND_inv View4 0.103 0.182 0.427 0.073 0.218 0.002 nan 1120.0 1120.0 "['0.009201305', '0.010315595', '0.009222509', '0.010693597', '0.009406464', '0.009607309', '0.010693597', '0.009441334', '0.010314113', '0.009507830', '0.009564938', '0.010636713', '0.010628464', '0.011070900', '0.010737519', '0.010608325', '0.009746982', '0.010729062', '0.009561648', '0.010724799', '0.010641176', '0.010161155', '0.010081369', '0.010737519', '0.009136767', '0.009044403', '0.010610493', '0.010081369', '0.009557964', '0.010164273', '0.010099983', '0.009264790', '0.010714507', '0.010136068', '0.009441334', '0.009586538', '0.009340357', '0.010102579', '0.009250422', '0.010105292', '0.010737519', '0.011070900', '0.010099983', '0.009449936', '0.011070900', '0.010730943', '0.010484612', '0.010088893', '0.009433554', '0.010080673', '0.009264790', '0.010714507', '0.010079939', '0.009694207', '0.009273475', '0.009264790', '0.009273475', '0.009412524', '0.010121545', '0.010717341', '0.010081369', '0.010080486', '0.009667344', '0.010157112', '0.009507830', '0.010275638', '0.010090145', '0.010995951', '0.010102579', '0.010099983', '0.009264790', '0.009522071', '0.009462192', '0.009264790', '0.010441805', '0.010081369', '0.009183357', '0.010523599', '0.010314961', '0.010684501', '0.011645250', '0.010315595', '0.009422036', '0.010244544', '0.009305538', '0.009486777', '0.009225640', '0.010177499', '0.008743674', '0.012037138', '0.010081369', '0.010105292', '0.008484680', '0.009273475', '0.010315595', '0.010315595', '0.009469917', '0.009265721', '0.009401550', '0.011145342']" 
10 TND_inv Concatenated 0.089 0.178 0.402 0.068 0.221 0.004 nan 1120.0 1120.0 "['0.009112774', '0.010478575', '0.010527927', '0.010093910', '0.009486186', '0.009238887', '0.010194493', '0.010163814', '0.010256358', '0.010626560', '0.009837081', '0.013858814', '0.010986272', '0.009925320', '0.009792042', '0.009859622', '0.008507077', '0.009075874', '0.010601595', '0.010252345', '0.010712536', '0.009094842', '0.009595566', '0.011259828', '0.010996950', '0.010256358', '0.009365902', '0.009232269', '0.009075874', '0.009368393', '0.010293234', '0.009643408', '0.010585964', '0.010559894', '0.009196153', '0.009583811', '0.009642201', '0.009892874', '0.008152925', '0.011380469', '0.010502702', '0.009475375', '0.009788196', '0.011672942', '0.009963048', '0.009126249', '0.010107587', '0.009633764', '0.009715267', '0.009475375', '0.009715267', '0.010093910', '0.008922876', '0.009540130', '0.009811204', '0.010665882', '0.008842079', '0.009482943', '0.009119133', '0.011678507', '0.011609463', '0.012101561', '0.010093910', '0.009653063', '0.009902212', '0.010572114', '0.010223718', '0.010301550', '0.009741643', '0.011105573', '0.009537878', '0.008866771', '0.010301550', '0.013849006', '0.008472395', '0.009268078', '0.008507077', '0.009925320', '0.011340221', '0.009523351', '0.010125470', '0.009844376', '0.009576809', '0.009925320', '0.009353562', '0.010367129', '0.010041526', '0.009504643', '0.012120874', '0.010108807', '0.009776893', '0.008586241', '0.008738025', '0.009052670', '0.009075874', '0.009776893', '0.009812262', '0.010301550', '0.010996950', '0.009920311']" 
10 TND_inv Multiview 0.073 0.206 0.445 0.075 0.268 0.525 0.042 1120.0 1120.0 "[['0.001284696', '0.038963538', '0.000664977', '0.000734536', '0.000658112', '0.000679982', '0.000606345', '0.035380471', '0.000674305', '0.000658786', '0.000520427', '0.000643850', '0.047476280', '0.000815483', '0.000723095', '0.000692239', '0.001213166', '0.000664206', '0.000634252', '0.000807982', '0.000666490', '0.001000092', '0.000603388', '0.044069424', '0.000737664', '0.036313161', '0.000821005', '0.031170199', '0.025225226', '0.001365330', '0.001161101', '0.000846648', '0.000513595', '0.000721851', '0.000711789', '0.000717977', '0.000770462', '0.000630728', '0.001302427', '0.000629772', '0.000655157', '0.000905386', '0.000649030', '0.000635225', '0.000733446', '0.071075566', '0.000816058', '0.001201330', '0.000943186', '0.000733118', '0.000975937', '0.000790785', '0.000846654', '0.046324089', '0.001009837', '0.000687434', '0.038414001', '0.015354836', '0.000819488', '0.000967047', '0.000600190', '0.000881356', '0.000876872', '0.000917974', '0.000725443', '0.000658231', '0.000773944', '0.044848915', '0.041909926', '0.000863878', '0.000881047', '0.000741750', '0.036572427', '0.001037614', '0.043487646', '0.001245180', '0.000906361', '0.000712012', '0.029142708', '0.051292207', '0.001058562', '0.000811440', '0.000733620', '0.024583597', '0.060271055', '0.000967520', '0.000783381', '0.055370089', '0.000754875', '0.039162356', '0.027461961', '0.000744434', '0.001049705', '0.046140410', '0.001085426', '0.000796018', '0.007103643', '0.000965760', '0.000997994', '0.001069835'], ['0.017595543', '0.007978779', '0.011972003', '0.014158116', '0.010009377', '0.014307797', '0.025163168', '0.004995275', '0.014207104', '0.009926170', '0.004253097', '0.015867088', '0.002998482', '0.018274264', '0.015095574', '0.007311987', '0.014173612', '0.012502187', '0.005847049', '0.010479344', '0.012124632', '0.001582427', '0.018310020', '0.003841579', '0.010394792', '0.003186490', '0.008929038', '0.002214141', '0.005369008', '0.010903149', '0.011234072', '0.012568285', '0.032483190', '0.011270802', '0.010040416', '0.010203714', '0.013894757', '0.011448333', '0.012217350', '0.017521126', '0.004016940', '0.012808842', '0.003633093', '0.011078112', '0.012372773', '0.000855996', '0.009583049', '0.011437844', '0.011355905', '0.021745132', '0.015234087', '0.013143467', '0.016235407', '0.001331132', '0.014969071', '0.013382440', '0.002021194', '0.002448290', '0.010692559', '0.007028433', '0.004736492', '0.005461006', '0.010887995', '0.005518108', '0.002781109', '0.019783404', '0.011596223', '0.001745411', '0.001774464', '0.024048392', '0.010463202', '0.014094223', '0.001695617', '0.015700839', '0.001178081', '0.011845234', '0.016775610', '0.013827180', '0.012032032', '0.001000665', '0.011273966', '0.013466163', '0.006223539', '0.003004455', '0.000586936', '0.011120601', '0.014900126', '0.001159154', '0.011665317', '0.001504090', '0.006438592', '0.009340691', '0.008125121', '0.000885624', '0.012244838', '0.014224573', '0.002283158', '0.016509466', '0.005793297', '0.010077828'], ['0.003269151', '0.005925952', '0.005714917', '0.009282343', '0.008669220', '0.005508404', '0.002306969', '0.003329035', '0.012686511', '0.017040398', '0.035266608', '0.004690331', '0.001810485', '0.008313371', '0.006220382', '0.002121887', '0.005626186', '0.002624868', '0.034520425', '0.009294349', '0.006066157', '0.035371300', '0.002687259', '0.002427122', '0.021336814', '0.003286022', '0.004631017', '0.011576681', '0.006882916', '0.011485526', '0.010611683', '0.008911581', '0.002431776', '0.012852301', '0.006906028', '0.014976070', '0.010565270', '0.005301225', '0.010178884', '0.001906616', '0.032009318', '0.009043519', '0.027714459', '0.017368086', '0.005583412', '0.001124398', '0.011139384', '0.010628598', '0.011154482', '0.006875398', '0.001887426', '0.012483178', '0.002368513', '0.002648532', '0.012115042', '0.005377392', '0.003918043', '0.002286563', '0.013515233', '0.011173390', '0.034061495', '0.010265780', '0.009322570', '0.032592792', '0.035114743', '0.007918411', '0.010961575', '0.003948497', '0.005504187', '0.002941847', '0.011806773', '0.012648391', '0.006759733', '0.014936409', '0.002928106', '0.008131900', '0.002378193', '0.005831215', '0.001097065', '0.003187163', '0.019776938', '0.015435296', '0.013308423', '0.014058850', '0.000529745', '0.013599800', '0.003220702', '0.000688091', '0.006728692', '0.003747010', '0.003786610', '0.002063872', '0.010083537', '0.001259786', '0.012766871', '0.012228542', '0.029059792', '0.010955149', '0.014409429', '0.014927638'], ['0.013726378', '0.003208843', '0.018179219', '0.010585990', '0.018880403', '0.015220818', '0.010867610', '0.007697302', '0.008418718', '0.009968785', '0.001851073', '0.016569387', '0.010078100', '0.007194733', '0.013152114', '0.027807238', '0.014041647', '0.021150818', '0.001095224', '0.013337856', '0.019612193', '0.002272517', '0.020527599', '0.004254100', '0.002984719', '0.003320995', '0.023366699', '0.001220774', '0.006999102', '0.012350987', '0.013329688', '0.011214481', '0.005026003', '0.011645272', '0.019958442', '0.009965214', '0.009226411', '0.023706494', '0.011990697', '0.021554284', '0.002578634', '0.011434794', '0.006234809', '0.007128814', '0.017013557', '0.002343596', '0.013011304', '0.010964807', '0.015713273', '0.005372546', '0.022897705', '0.008438390', '0.015227476', '0.001629620', '0.005165963', '0.020082017', '0.002002382', '0.022406137', '0.010378671', '0.014173110', '0.000865204', '0.018176859', '0.016681459', '0.001154229', '0.001932570', '0.007273478', '0.010620354', '0.001509003', '0.000955961', '0.007048965', '0.010835246', '0.007286632', '0.001650821', '0.002568305', '0.000794597', '0.016339235', '0.015614573', '0.017158685', '0.001479576', '0.001166481', '0.001701793', '0.006865533', '0.016253427', '0.000879979', '0.000766572', '0.008276820', '0.016770238', '0.000989651', '0.021530604', '0.002006134', '0.001253122', '0.023189167', '0.014287654', '0.000874398', '0.006876381', '0.008674856', '0.004928593', '0.007872404', '0.013631938', '0.009502048']]" "['0.142552704', '0.303880185', '0.259694785', '0.293872356']"
10 DIS View1 0.322 0.351 1.000 0.210 0.283 0.102 nan 1120.0 11201.0 "['0.008681567', '0.008657449', '0.007721464', '0.007691007', '0.007686011', '0.007647859', '0.007686011', '0.008618935', '0.008017663', '0.008185729', '0.008185729', '0.007654839', '0.008612028', '0.007982231', '0.008265489', '0.007755899', '0.008570495', '0.007626911', '0.007563990', '0.007951016', '0.007686011', '0.008681567', '0.007889995', '0.008657449', '0.007820521', '0.009583652', '0.008185729', '0.009624816', '0.008674411', '0.040613346', '0.008661176', '0.007820521', '0.007768436', '0.007487582', '0.007515794', '0.007645289', '0.007612388', '0.007802115', '0.040613346', '0.007977252', '0.007756252', '0.008288383', '0.007951016', '0.008185729', '0.007789589', '0.008614001', '0.007482535', '0.027253639', '0.008283432', '0.007658151', '0.008288383', '0.007520899', '0.007756252', '0.009455941', '0.027769255', '0.007854615', '0.008988876', '0.008674411', '0.007563990', '0.007881462', '0.007967222', '0.007967222', '0.030147636', '0.026242832', '0.007409490', '0.008416267', '0.008337186', '0.008941272', '0.009483331', '0.007951016', '0.007840137', '0.007951016', '0.008641724', '0.007779392', '0.009603813', '0.008681567', '0.007854615', '0.008588179', '0.009544549', '0.008657449', '0.007647148', '0.007951016', '0.007951016', '0.008674411', '0.008569053', '0.008416267', '0.007881462', '0.008657449', '0.007515794', '0.009645073', '0.008758930', '0.007789589', '0.044192370', '0.008982379', '0.008661176', '0.007659147', '0.009645073', '0.007686011', '0.007659147', '0.007951016']" 
10 DIS View2 0.103 0.174 0.538 0.077 0.197 0.858 nan 1120.0 11201.0 "['0.000901841', '0.001421380', '0.001462623', '0.001287621', '0.001242837', '0.000617435', '0.001251948', '0.021133654', '0.010655295', '0.001335448', '0.011900441', '0.010070747', '0.011803235', '0.001506560', '0.063284189', '0.000928741', '0.001491482', '0.000931141', '0.000773828', '0.001171106', '0.005446606', '0.045402154', '0.053299207', '0.012374884', '0.000772712', '0.001716807', '0.000631873', '0.012194647', '0.001302008', '0.010768756', '0.014538386', '0.010777012', '0.010540893', '0.009960380', '0.010698043', '0.001526283', '0.029997069', '0.036955249', '0.009960380', '0.011275914', '0.001516500', '0.001747593', '0.016720872', '0.000872290', '0.001491043', '0.010574125', '0.013306592', '0.001507491', '0.022828277', '0.000901606', '0.000902070', '0.010505911', '0.001546949', '0.001634387', '0.000901841', '0.000633249', '0.010698043', '0.009350535', '0.001642600', '0.000617435', '0.001603572', '0.007168180', '0.000643384', '0.000617435', '0.028464548', '0.010777012', '0.044387449', '0.010768756', '0.033850368', '0.001667351', '0.010595053', '0.012381617', '0.009484611', '0.010234353', '0.000551258', '0.053299207', '0.001757522', '0.012404893', '0.011098386', '0.011327594', '0.000786263', '0.010505911', '0.000761718', '0.001450015', '0.009651678', '0.001774163', '0.001701969', '0.036955249', '0.000552226', '0.009361021', '0.001491482', '0.001516500', '0.012037307', '0.016720872', '0.044387449', '0.010511711', '0.001749172', '0.001536618', '0.000905808', '0.017350053']" 
10 DIS View3 0.159 0.183 0.578 0.089 0.200 1.084 nan 1120.0 11201.0 "['0.006907911', '0.000579985', '0.000589536', '0.007289265', '0.027965518', '0.000592271', '0.011869891', '0.002445896', '0.000572205', '0.028114269', '0.011746199', '0.000565533', '0.016460709', '0.007898391', '0.000561150', '0.003693281', '0.027811889', '0.032997832', '0.028072480', '0.003473106', '0.028149590', '0.008764404', '0.000565298', '0.010198218', '0.000573809', '0.000618354', '0.000572794', '0.027969878', '0.006907911', '0.000579436', '0.004560606', '0.000573918', '0.000571704', '0.027924515', '0.008059231', '0.000561150', '0.000610594', '0.003443756', '0.000572170', '0.000596898', '0.000571778', '0.008946451', '0.000560439', '0.016460709', '0.028040219', '0.000571835', '0.006889227', '0.000571778', '0.028149590', '0.006672312', '0.024721852', '0.024721852', '0.000583190', '0.000571618', '0.000567959', '0.019496961', '0.010586027', '0.008806238', '0.036472805', '0.011167476', '0.027811889', '0.027811889', '0.016460709', '0.027937897', '0.027116602', '0.000638166', '0.000573171', '0.000559557', '0.006643790', '0.000618442', '0.000578363', '0.000670417', '0.000571740', '0.029922141', '0.027894739', '0.000579948', '0.027913958', '0.000560588', '0.000590829', '0.000566093', '0.005389766', '0.000576574', '0.027886327', '0.008806238', '0.000565040', '0.004766707', '0.010198218', '0.000596441', '0.000582416', '0.027886327', '0.003062219', '0.000612195', '0.000572531', '0.034420650', '0.000576710', '0.027811889', '0.000572062', '0.027116602', '0.000575017', '0.003693281']" 
10 DIS View4 0.101 0.172 0.516 0.075 0.203 0.772 nan 1120.0 11201.0 "['0.001467698', '0.017718092', '0.001316295', '0.031543363', '0.001493404', '0.001432711', '0.031543363', '0.001431961', '0.001244238', '0.007461385', '0.001424749', '0.036937837', '0.014806322', '0.054031223', '0.001447829', '0.040043589', '0.004333558', '0.035214555', '0.001546201', '0.012075291', '0.043020576', '0.001425894', '0.013455247', '0.001447829', '0.001469419', '0.001461101', '0.031485945', '0.013455247', '0.001401821', '0.001432288', '0.005866896', '0.004532252', '0.028335061', '0.001465353', '0.001431961', '0.001304639', '0.005473536', '0.006767858', '0.001204253', '0.009889240', '0.001447829', '0.054031223', '0.005866896', '0.001422339', '0.054031223', '0.028524708', '0.001440148', '0.011213701', '0.001431535', '0.007679931', '0.004532252', '0.028335061', '0.013667488', '0.001356047', '0.004765866', '0.004532252', '0.004796164', '0.001494720', '0.001449926', '0.001344741', '0.013455247', '0.007812379', '0.001222109', '0.001462639', '0.007461385', '0.001399259', '0.007828357', '0.001441598', '0.006767858', '0.005866896', '0.004532252', '0.001426778', '0.001498509', '0.004532252', '0.006177452', '0.013455247', '0.001478489', '0.016324986', '0.013611366', '0.001339870', '0.001329266', '0.017718092', '0.001241374', '0.013835358', '0.005365700', '0.001463940', '0.001451369', '0.001354589', '0.001409253', '0.001299485', '0.013455247', '0.009889240', '0.001103055', '0.004796164', '0.017718092', '0.017718092', '0.001424922', '0.004484205', '0.001468458', '0.054175045']" 
10 DIS Concatenated 0.123 0.167 0.519 0.074 0.189 0.650 nan 1120.0 11201.0 "['0.020445295', '0.001403774', '0.002305693', '0.001208305', '0.002062240', '0.001208358', '0.024200775', '0.001966499', '0.001713738', '0.025335860', '0.017818898', '0.002311025', '0.001335607', '0.021761952', '0.002163662', '0.002138872', '0.002159814', '0.020553872', '0.017164454', '0.024644226', '0.025500843', '0.002054262', '0.002064507', '0.003633263', '0.002335490', '0.001713738', '0.002188156', '0.002246459', '0.020553872', '0.002134862', '0.001965537', '0.001402604', '0.001403785', '0.001577307', '0.021270437', '0.001574832', '0.024723148', '0.001402803', '0.002402873', '0.015465816', '0.019815482', '0.002017753', '0.021602400', '0.024944218', '0.002231376', '0.020476924', '0.002450787', '0.017670663', '0.021091364', '0.002017753', '0.021091364', '0.001208305', '0.002443093', '0.001709531', '0.021869026', '0.025350418', '0.002130314', '0.012026684', '0.001401691', '0.002423262', '0.002397929', '0.026074883', '0.001208305', '0.001402615', '0.002248527', '0.011199201', '0.022339646', '0.002110316', '0.024723981', '0.021528864', '0.023963863', '0.013250398', '0.025190497', '0.026681440', '0.002345327', '0.023556650', '0.002159814', '0.007784120', '0.008526906', '0.001327071', '0.003466679', '0.021828111', '0.015839189', '0.007784120', '0.002443231', '0.002107944', '0.001331585', '0.001708141', '0.026075624', '0.002250609', '0.024954882', '0.002098465', '0.002401778', '0.002245676', '0.020553872', '0.024954882', '0.001208306', '0.025190497', '0.002335490', '0.001710642']" 
10 DIS Multiview 0.119 0.184 0.509 0.076 0.233 0.321 0.276 1120.0 11201.0 "[['0.007057823', '0.015664572', '0.004041775', '0.002974452', '0.004572441', '0.003532904', '0.003036049', '0.002915363', '0.004756516', '0.007510918', '0.016498841', '0.003107437', '0.009773422', '0.003712192', '0.005060438', '0.003342965', '0.030824332', '0.003468013', '0.003682716', '0.003848435', '0.004449261', '0.033338930', '0.007068855', '0.009212098', '0.002859762', '0.013998078', '0.015078117', '0.015452093', '0.015799267', '0.008029991', '0.016732322', '0.002920028', '0.003138087', '0.003166263', '0.003228288', '0.003379310', '0.003156196', '0.005097257', '0.016639594', '0.005728094', '0.002896792', '0.015067203', '0.004347967', '0.007103934', '0.003426428', '0.003177728', '0.002954952', '0.024691327', '0.015984656', '0.003064605', '0.007594569', '0.003342254', '0.003611921', '0.036287196', '0.007768071', '0.006528147', '0.013211991', '0.015512309', '0.003327943', '0.002875923', '0.003092531', '0.003008534', '0.010906524', '0.043583937', '0.002701503', '0.016611923', '0.056062832', '0.016896699', '0.017457418', '0.004629224', '0.002864712', '0.016030751', '0.003222276', '0.003665438', '0.016278939', '0.016661951', '0.002839472', '0.015549971', '0.016582496', '0.002941070', '0.002979276', '0.004474371', '0.004680639', '0.004726395', '0.003014199', '0.009672294', '0.003885882', '0.003556454', '0.003965987', '0.016953308', '0.024008948', '0.002920029', '0.070384867', '0.011856823', '0.007887123', '0.003516408', '0.016807087', '0.003938213', '0.003102251', '0.015451838'], ['0.003269543', '0.015992360', '0.016882772', '0.005127040', '0.019213241', '0.007309011', '0.003089454', '0.003359364', '0.005384990', '0.009659594', '0.012338016', '0.003355901', '0.016597984', '0.003231465', '0.006601145', '0.006755150', '0.045465115', '0.003273792', '0.007545034', '0.003156386', '0.018705523', '0.004025491', '0.016355690', '0.003465521', '0.003073862', '0.014831548', '0.016135305', '0.003099996', '0.015518320', '0.003545645', '0.016539743', '0.003179281', '0.003052821', '0.003192815', '0.003318280', '0.003182137', '0.007300176', '0.016718350', '0.012504217', '0.016290370', '0.003022757', '0.016057141', '0.003488693', '0.004550756', '0.008404776', '0.005590176', '0.016016278', '0.005583772', '0.016174080', '0.003289195', '0.003287101', '0.003350215', '0.009355815', '0.005848642', '0.003170699', '0.016428504', '0.003161147', '0.012311760', '0.003192109', '0.003037802', '0.007977566', '0.003174778', '0.008515116', '0.018707396', '0.017993219', '0.009003438', '0.020801716', '0.015993504', '0.008718625', '0.006712771', '0.003236092', '0.005016055', '0.007898577', '0.008570959', '0.003160147', '0.015794162', '0.004962371', '0.015924364', '0.016339039', '0.003137669', '0.003242599', '0.003211551', '0.003323586', '0.006220927', '0.006074496', '0.003156662', '0.016580530', '0.012412530', '0.003302860', '0.009879215', '0.016890343', '0.003012515', '0.121416226', '0.003218585', '0.003096879', '0.009026210', '0.010992931', '0.014579970', '0.005195478', '0.016564466'], ['0.002644850', '0.016141335', '0.017348040', '0.002670405', '0.003599233', '0.009114726', '0.006019198', '0.002625809', '0.002832436', '0.002761666', '0.016400596', '0.006359417', '0.014874249', '0.002650100', '0.002730460', '0.002778864', '0.049804918', '0.006182276', '0.012019630', '0.006635830', '0.003512232', '0.018988337', '0.016571606', '0.002934681', '0.002603005', '0.004109216', '0.002509440', '0.002883623', '0.017154464', '0.008081421', '0.017057939', '0.002643106', '0.006916468', '0.002620004', '0.006113644', '0.009032476', '0.002814347', '0.017119801', '0.016410982', '0.015325613', '0.004083886', '0.006727264', '0.002860053', '0.002656710', '0.002811300', '0.006453361', '0.016478267', '0.029757008', '0.016461318', '0.005189921', '0.002791990', '0.007883309', '0.002673712', '0.021723360', '0.002646078', '0.016587572', '0.009551543', '0.016534738', '0.009013098', '0.007013137', '0.008178614', '0.008715146', '0.002774154', '0.019656090', '0.015734721', '0.017540997', '0.030349249', '0.017091710', '0.015520100', '0.002659674', '0.005929659', '0.017593607', '0.009963694', '0.011595150', '0.010028901', '0.015810527', '0.002626302', '0.005163918', '0.014956108', '0.010418743', '0.002611974', '0.010119179', '0.002672606', '0.002675422', '0.002636231', '0.008902373', '0.003079341', '0.002940655', '0.011791667', '0.016895736', '0.021543924', '0.004696473', '0.049116306', '0.008389771', '0.008236567', '0.009458721', '0.016619872', '0.003126631', '0.002894220', '0.017791295'], ['0.003611925', '0.018861823', '0.019805681', '0.003333769', '0.024388706', '0.003761672', '0.003301226', '0.007255223', '0.003324166', '0.003395166', '0.017570689', '0.003308028', '0.018788323', '0.003393672', '0.003331554', '0.012823165', '0.005781133', '0.011962789', '0.003461048', '0.003372131', '0.021844530', '0.025659412', '0.018896386', '0.009288285', '0.003303970', '0.019285025', '0.018746693', '0.011239126', '0.017599320', '0.003509501', '0.011116958', '0.008136384', '0.003500799', '0.005200212', '0.003377392', '0.006044301', '0.003352931', '0.019024529', '0.017503548', '0.019069476', '0.003634806', '0.017444916', '0.007710595', '0.003438896', '0.012754597', '0.003436891', '0.018606311', '0.023054959', '0.018828036', '0.003300510', '0.015150887', '0.004620920', '0.015303418', '0.022068130', '0.003349929', '0.019354412', '0.003548055', '0.018923175', '0.004604448', '0.004874356', '0.003423489', '0.009295506', '0.003708420', '0.003007603', '0.016862933', '0.019770989', '0.007724568', '0.017517302', '0.020287069', '0.003339405', '0.003506614', '0.018677251', '0.003456609', '0.003463367', '0.003415513', '0.013637159', '0.003492194', '0.018839236', '0.013415503', '0.005410851', '0.003292314', '0.003649752', '0.008429443', '0.003328575', '0.003333376', '0.003436018', '0.014957433', '0.014198462', '0.015828421', '0.017622018', '0.004494918', '0.003343198', '0.007813023', '0.003448087', '0.003404627', '0.003526328', '0.018514048', '0.014090765', '0.005349421', '0.011149230']]" "['0.046751045', '0.239473552', '0.465894103', '0.247881383']"
10 DIS_inv View1 0.316 0.350 1.048 0.196 0.312 0.098 nan 1120.0 11201.0 "['0.008206896', '0.010967247', '0.007419867', '0.007379843', '0.007373852', '0.007347871', '0.007373852', '0.010925205', '0.007707597', '0.007848480', '0.007848480', '0.007346884', '0.010918180', '0.007676238', '0.007953764', '0.007448005', '0.008134183', '0.007309973', '0.007228156', '0.007639115', '0.007373852', '0.008206896', '0.007585413', '0.010967247', '0.007527769', '0.012548766', '0.007848480', '0.012635660', '0.010987765', '0.043640673', '0.008243607', '0.007527769', '0.007508590', '0.007140066', '0.007171504', '0.007344160', '0.007300548', '0.007503080', '0.043640673', '0.007710678', '0.007445630', '0.007973544', '0.007639115', '0.007848480', '0.007494832', '0.010920408', '0.007138617', '0.008437399', '0.007970343', '0.007351849', '0.007973544', '0.007181685', '0.007445630', '0.012277594', '0.019756088', '0.007547080', '0.011429901', '0.010987765', '0.007228156', '0.007577225', '0.007668506', '0.007668506', '0.023582092', '0.008415500', '0.007048499', '0.008027909', '0.007969766', '0.011349271', '0.012333953', '0.007639115', '0.007530801', '0.007639115', '0.010950085', '0.007521282', '0.012590704', '0.008206896', '0.007547080', '0.008164596', '0.012465028', '0.010967247', '0.007324444', '0.007639115', '0.007639115', '0.010987765', '0.010874298', '0.008027909', '0.007577225', '0.010967247', '0.007171504', '0.012679221', '0.011093931', '0.007494832', '0.051093552', '0.011418851', '0.008243607', '0.007348787', '0.012679221', '0.007373852', '0.007348787', '0.007639115']" 
10 DIS_inv View2 0.107 0.181 0.534 0.076 0.217 1.133 nan 1120.0 11201.0 "['0.018663604', '0.000793772', '0.030835170', '0.000779679', '0.000798520', '0.019996287', '0.018524028', '0.000804829', '0.000804742', '0.029194070', '0.014341889', '0.000796559', '0.013261718', '0.000794631', '0.019677363', '0.000815834', '0.017893752', '0.000816357', '0.026861122', '0.000780155', '0.000786271', '0.029088192', '0.000825773', '0.028955661', '0.030551402', '0.000780800', '0.033435058', '0.000808490', '0.000825561', '0.000807890', '0.000818900', '0.000808132', '0.000805366', '0.000799114', '0.000803973', '0.000787145', '0.020060282', '0.032555077', '0.000799114', '0.000826225', '0.017884210', '0.000802530', '0.000812152', '0.000803841', '0.018146627', '0.000806213', '0.000823714', '0.000797988', '0.032509848', '0.018777844', '0.018950734', '0.000802133', '0.000788134', '0.000786398', '0.018663604', '0.030570412', '0.000803973', '0.000792326', '0.028104590', '0.019996287', '0.000820973', '0.000788689', '0.000811232', '0.019996287', '0.019435599', '0.000808132', '0.019329375', '0.000807890', '0.019371355', '0.018964393', '0.000803204', '0.029696226', '0.000794747', '0.000801018', '0.000798731', '0.000825773', '0.019322531', '0.030743178', '0.000814470', '0.000828505', '0.000785586', '0.000802133', '0.020027403', '0.000786071', '0.000796993', '0.000802420', '0.017285898', '0.032555077', '0.000793851', '0.000793721', '0.017893752', '0.017884210', '0.013261932', '0.000812152', '0.019329375', '0.000802261', '0.000776543', '0.028887043', '0.000797257', '0.021977948']" 
10 DIS_inv View3 0.150 0.195 0.581 0.090 0.222 0.761 nan 1120.0 11201.0 "['0.001350681', '0.001275955', '0.001275639', '0.001342421', '0.018946465', '0.001273010', '0.001358942', '0.001304352', '0.001298349', '0.019073613', '0.016147699', '0.050179642', '0.022849223', '0.001328432', '0.018060053', '0.001300138', '0.018762724', '0.020922255', '0.019018563', '0.001298498', '0.019140732', '0.001335941', '0.017791400', '0.010809801', '0.001287693', '0.001280074', '0.001289417', '0.019265519', '0.001350681', '0.001295096', '0.001307564', '0.001291582', '0.001288981', '0.019416599', '0.001353391', '0.018060053', '0.001264461', '0.001298287', '0.001286058', '0.001301907', '0.001290522', '0.001337004', '0.018184626', '0.022849223', '0.018979806', '0.001287519', '0.001350421', '0.001290522', '0.019140732', '0.001331948', '0.016323857', '0.016323857', '0.001276461', '0.001291118', '0.018567402', '0.025045702', '0.001351621', '0.011210410', '0.018434091', '0.012408260', '0.018762724', '0.018762724', '0.022849223', '0.019410847', '0.018427305', '0.001255183', '0.001290318', '0.018462103', '0.001344588', '0.001261253', '0.018095098', '0.001234723', '0.001287932', '0.019777104', '0.019475231', '0.001275973', '0.019422285', '0.018153269', '0.001325978', '0.045379359', '0.001322352', '0.001295162', '0.018823940', '0.011210410', '0.017825706', '0.001313972', '0.010809801', '0.001268429', '0.001274735', '0.018823940', '0.001300545', '0.001276575', '0.017006360', '0.020500701', '0.017269140', '0.018762724', '0.001293812', '0.018427305', '0.001284070', '0.001300138']" 
10 DIS_inv View4 0.134 0.184 0.544 0.079 0.218 1.090 nan 1120.0 11201.0 "['0.000475911', '0.028268164', '0.000471586', '0.022965252', '0.000481002', '0.000482818', '0.022965252', '0.000474816', '0.020202188', '0.003822182', '0.000480814', '0.020109814', '0.031686693', '0.020969165', '0.020292835', '0.020236697', '0.000483414', '0.021052651', '0.000479887', '0.019424723', '0.033883877', '0.019856680', '0.007855306', '0.020292835', '0.000475688', '0.000475334', '0.020009005', '0.007855306', '0.000482066', '0.019973805', '0.011517899', '0.000482366', '0.019850370', '0.015376699', '0.000474816', '0.000473884', '0.000487291', '0.003198386', '0.000467874', '0.005897262', '0.020292835', '0.020969165', '0.011517899', '0.000481815', '0.020969165', '0.019856345', '0.020164488', '0.006692656', '0.000484833', '0.004036741', '0.000482366', '0.019850370', '0.008296852', '0.018819254', '0.000483388', '0.000482366', '0.000483536', '0.000481484', '0.000485140', '0.020284321', '0.007855306', '0.014414885', '0.000471769', '0.000482029', '0.003822182', '0.019581364', '0.004178360', '0.020494256', '0.003198386', '0.011517899', '0.000482366', '0.000474647', '0.000476670', '0.000482366', '0.000490784', '0.007855306', '0.000476260', '0.019559806', '0.031737741', '0.020474534', '0.020541901', '0.028268164', '0.000470220', '0.024637239', '0.000486891', '0.000485198', '0.000475351', '0.000477387', '0.000474089', '0.020726070', '0.007855306', '0.005897262', '0.000465546', '0.000483536', '0.028268164', '0.028268164', '0.000480903', '0.000482254', '0.000480547', '0.020921271']" 
10 DIS_inv Concatenated 0.082 0.176 0.485 0.066 0.230 1.049 nan 1120.0 11201.0 "['0.000774072', '0.017604908', '0.018302832', '0.000792051', '0.000763856', '0.000758001', '0.000797564', '0.029539380', '0.018405782', '0.046253834', '0.000785622', '0.019261051', '0.018338120', '0.000777125', '0.000768664', '0.017037647', '0.000753966', '0.000763283', '0.023129145', '0.022952890', '0.039832260', '0.000777688', '0.000780035', '0.019074991', '0.018533381', '0.018405782', '0.000764740', '0.000759430', '0.000763283', '0.000767860', '0.019249726', '0.000793161', '0.017616410', '0.017765243', '0.000778911', '0.000789416', '0.000799781', '0.015837559', '0.000749799', '0.028300833', '0.020255392', '0.000771574', '0.000772521', '0.019256772', '0.000778991', '0.000774919', '0.000762986', '0.000780373', '0.000773599', '0.000771574', '0.000773599', '0.000792051', '0.000746505', '0.000785739', '0.000780789', '0.047411986', '0.000753435', '0.000770590', '0.000770584', '0.018407205', '0.018695807', '0.019417135', '0.000792051', '0.000793358', '0.000775693', '0.018699393', '0.010499584', '0.018295914', '0.000799861', '0.018698297', '0.014841265', '0.000758168', '0.026762759', '0.019662041', '0.000750781', '0.000773137', '0.000753966', '0.017869413', '0.019027278', '0.000770122', '0.024169458', '0.000779327', '0.000770456', '0.017869413', '0.017257102', '0.018163901', '0.020200269', '0.000772046', '0.019417644', '0.016796725', '0.007739205', '0.000755489', '0.000750886', '0.000756237', '0.000763283', '0.007739205', '0.012929152', '0.026762759', '0.018533381', '0.018246790']" 
10 DIS_inv Multiview 0.114 0.184 0.494 0.073 0.241 0.287 0.355 1120.0 11201.0 "[['0.005110592', '0.017414188', '0.004284044', '0.003485989', '0.004276221', '0.003651772', '0.003849928', '0.016441559', '0.003750309', '0.004009061', '0.004073728', '0.003621993', '0.017146770', '0.003641112', '0.003853545', '0.004336904', '0.005305124', '0.003495504', '0.005085207', '0.003671874', '0.004742194', '0.007845165', '0.008750794', '0.017323870', '0.003512947', '0.012391511', '0.015238990', '0.015838696', '0.017488938', '0.009610889', '0.006357540', '0.003560734', '0.007041009', '0.003690832', '0.004607040', '0.003761964', '0.003465186', '0.007493964', '0.007328405', '0.009572208', '0.003594689', '0.003913659', '0.004323992', '0.006823640', '0.004327030', '0.016962541', '0.003706439', '0.032273542', '0.016723309', '0.003436110', '0.028562721', '0.003484900', '0.007596313', '0.043236103', '0.006296247', '0.008526335', '0.017409360', '0.017341761', '0.003553496', '0.003602802', '0.005285888', '0.004016195', '0.017844493', '0.043662962', '0.004867549', '0.005263448', '0.005711512', '0.036191583', '0.024475452', '0.003814736', '0.003592654', '0.003778486', '0.017150627', '0.004063571', '0.018528339', '0.017940598', '0.003739996', '0.017259238', '0.024179682', '0.019340707', '0.003425985', '0.003901299', '0.003828384', '0.019219333', '0.003619926', '0.009348463', '0.006819445', '0.015118863', '0.005446714', '0.025230527', '0.019980578', '0.003457165', '0.007901115', '0.021779764', '0.007285837', '0.003851612', '0.021753540', '0.004178290', '0.003414710', '0.003907432'], ['0.003858504', '0.015531815', '0.004720072', '0.005503468', '0.053331859', '0.005785331', '0.006970569', '0.014677773', '0.005016252', '0.005681325', '0.003992258', '0.005275160', '0.015929170', '0.003940948', '0.004012731', '0.044404563', '0.003974948', '0.003983960', '0.012686820', '0.003751469', '0.051870741', '0.003775059', '0.015810151', '0.014947761', '0.003772382', '0.003907541', '0.015146297', '0.003966393', '0.015188196', '0.010413752', '0.004293191', '0.003977837', '0.014473691', '0.006398581', '0.014827058', '0.004184510', '0.006607811', '0.016004100', '0.004532286', '0.015463797', '0.003677786', '0.005028746', '0.004256762', '0.007263757', '0.010179151', '0.015232264', '0.004233563', '0.007917074', '0.015530801', '0.004005179', '0.005009241', '0.004088875', '0.033025503', '0.008425795', '0.003998957', '0.015918463', '0.004285787', '0.014966792', '0.003910442', '0.003559448', '0.011276986', '0.003430587', '0.015602336', '0.017625986', '0.017983589', '0.003887330', '0.004068037', '0.011938224', '0.004988327', '0.005551488', '0.003872011', '0.003669736', '0.015537783', '0.008144177', '0.004002320', '0.014967364', '0.008003571', '0.015133465', '0.018474296', '0.007886697', '0.004806947', '0.003924659', '0.003945921', '0.023270113', '0.006324462', '0.004137470', '0.024814047', '0.015937507', '0.005086091', '0.004893941', '0.015730929', '0.003531481', '0.003973672', '0.011487251', '0.003831696', '0.007473933', '0.011733412', '0.013947880', '0.003992369', '0.004007439'], ['0.002846656', '0.017602596', '0.011390626', '0.003438792', '0.003514519', '0.007144521', '0.008328947', '0.006246863', '0.003599989', '0.002826858', '0.006528392', '0.006985731', '0.016659509', '0.003246195', '0.003383280', '0.005849599', '0.003826550', '0.003893330', '0.026096974', '0.004887362', '0.004345814', '0.009662577', '0.019336155', '0.015930181', '0.003132264', '0.003431372', '0.004012384', '0.003187737', '0.020094670', '0.014798300', '0.007258898', '0.002980964', '0.019475706', '0.003554288', '0.018814394', '0.009405014', '0.003665086', '0.022257628', '0.007307420', '0.016493358', '0.006123801', '0.003426701', '0.008678218', '0.003380421', '0.003943339', '0.017445821', '0.008801256', '0.023010645', '0.018294126', '0.004762757', '0.011540193', '0.006610621', '0.001058095', '0.020949706', '0.002919852', '0.019543938', '0.014418933', '0.018124163', '0.007733834', '0.005111292', '0.018010363', '0.007432517', '0.007926768', '0.018537592', '0.026815485', '0.003936301', '0.005610384', '0.025549823', '0.019786913', '0.003211464', '0.005222863', '0.005362931', '0.017485993', '0.012589454', '0.011213066', '0.013668681', '0.002753841', '0.008753327', '0.005348713', '0.024698235', '0.003117079', '0.008369619', '0.003152005', '0.014655574', '0.002810444', '0.009820839', '0.002929098', '0.006117262', '0.022408480', '0.021479433', '0.020915503', '0.003774063', '0.003719897', '0.019326065', '0.007744183', '0.009116918', '0.018415108', '0.003147568', '0.003599348', '0.008147581'], ['0.003959451', '0.016360581', '0.010158604', '0.003670123', '0.053881023', '0.004106613', '0.003457862', '0.015127051', '0.003468052', '0.003559308', '0.003999997', '0.003403763', '0.015968479', '0.003683843', '0.003412100', '0.056058690', '0.003082131', '0.006968854', '0.003709987', '0.003591347', '0.048183031', '0.004427413', '0.016608901', '0.014902869', '0.003510240', '0.004194539', '0.016244585', '0.008594199', '0.014789016', '0.004816382', '0.004022156', '0.006499876', '0.013878662', '0.008011905', '0.013573532', '0.005581401', '0.003698684', '0.016913693', '0.004406024', '0.016404811', '0.003969852', '0.003988424', '0.008010460', '0.003977702', '0.013024500', '0.014332673', '0.005876317', '0.019074995', '0.016491091', '0.003341638', '0.055338021', '0.003976924', '0.030849654', '0.018698802', '0.003611307', '0.017706981', '0.004393037', '0.016243430', '0.003988557', '0.003891307', '0.003786045', '0.007901246', '0.014028172', '0.003787044', '0.004698270', '0.004257820', '0.003793345', '0.010100109', '0.005041374', '0.003538443', '0.003765610', '0.003966844', '0.013814377', '0.003737625', '0.003815284', '0.014379890', '0.005486934', '0.016270524', '0.004759813', '0.012029032', '0.003348995', '0.003910447', '0.005843085', '0.004039256', '0.003703810', '0.003996460', '0.017571528', '0.016283952', '0.022496257', '0.005590949', '0.007210635', '0.003729724', '0.003687334', '0.013607571', '0.003744347', '0.004076422', '0.015719308', '0.008948169', '0.003918357', '0.003940161']]" "['0.032981344', '0.252553642', '0.477429718', '0.237035334']"
10 Cbound View1 0.227 0.329 0.871 0.147 0.364 0.417 nan 1120.0 1120.0 "['0.012225234', '0.025188250', '0.002943396', '0.002935315', '0.002934017', '0.002921754', '0.002934017', '0.024620783', '0.004307801', '0.008314853', '0.008314853', '0.002925096', '0.003337206', '0.003171026', '0.008236653', '0.002959608', '0.011813466', '0.002919316', '0.002904284', '0.003163358', '0.002934017', '0.012225234', '0.003049209', '0.025188250', '0.002978869', '0.027526246', '0.008314853', '0.027567288', '0.025551153', '0.013991791', '0.012386970', '0.002978869', '0.002934419', '0.002891633', '0.002895673', '0.002922064', '0.002914854', '0.002975816', '0.013991791', '0.002998388', '0.002962143', '0.008863754', '0.003163358', '0.008314853', '0.002966517', '0.003298173', '0.002891583', '0.013580347', '0.008691588', '0.002927323', '0.008863754', '0.002897510', '0.002962143', '0.027402885', '0.013793314', '0.003020565', '0.026758878', '0.025551153', '0.002904284', '0.003036441', '0.003102839', '0.003102839', '0.013672099', '0.013612340', '0.002880865', '0.010742693', '0.010026734', '0.026585888', '0.027435951', '0.003163358', '0.003010326', '0.003163358', '0.025156757', '0.002934627', '0.027545204', '0.012225234', '0.003020565', '0.011335290', '0.027493844', '0.025188250', '0.002924122', '0.003163358', '0.003163358', '0.025551153', '0.003105274', '0.010742693', '0.003036441', '0.025188250', '0.002895673', '0.027578134', '0.026104007', '0.002966517', '0.016383322', '0.026744435', '0.012386970', '0.002926735', '0.027578134', '0.002934017', '0.002926735', '0.003163358']" 
10 Cbound View2 0.121 0.180 0.597 0.078 0.203 1.902 nan 1120.0 1120.0 "['0.029805932', '0.000243142', '0.000257624', '0.000236568', '0.000246761', '0.029908553', '0.029488118', '0.000255546', '0.000258740', '0.030049803', '0.005522591', '0.000254030', '0.004915379', '0.000242017', '0.030171240', '0.000250707', '0.000254875', '0.000250399', '0.029851178', '0.000237266', '0.000241064', '0.030439807', '0.000254682', '0.008968108', '0.029849276', '0.000236726', '0.029930195', '0.000253193', '0.000249391', '0.000257220', '0.005392144', '0.000257220', '0.000255559', '0.000251091', '0.003220740', '0.000241188', '0.030436236', '0.030476529', '0.000251091', '0.004065951', '0.029119240', '0.000236357', '0.000259333', '0.000251560', '0.000254793', '0.000258123', '0.006769374', '0.000243347', '0.030404333', '0.029799879', '0.029808065', '0.000258150', '0.000239091', '0.000237948', '0.029805932', '0.029933799', '0.003220740', '0.000250059', '0.028432366', '0.029908553', '0.000245399', '0.000242550', '0.000258583', '0.029908553', '0.030359957', '0.000257220', '0.030340811', '0.000257220', '0.030314926', '0.000254886', '0.000260428', '0.009000584', '0.000250879', '0.000254303', '0.000249390', '0.000254682', '0.027979570', '0.032196324', '0.000255818', '0.004002068', '0.000240844', '0.000258150', '0.029862942', '0.000239238', '0.000249449', '0.000236303', '0.000252423', '0.030476529', '0.000252829', '0.000250404', '0.000254875', '0.029119240', '0.031171907', '0.000259333', '0.030340811', '0.000258287', '0.000237055', '0.000251858', '0.000248099', '0.030476341']" 
10 Cbound View3 0.160 0.185 0.629 0.092 0.186 1.763 nan 1120.0 1120.0 "['0.003327767', '0.000224752', '0.000225338', '0.004563630', '0.031916488', '0.000224936', '0.005317538', '0.000233297', '0.000229998', '0.031938959', '0.005713259', '0.000232854', '0.033426762', '0.003366459', '0.000231351', '0.000235111', '0.031565841', '0.032330357', '0.031905159', '0.000234247', '0.032017961', '0.003228251', '0.000230568', '0.004841326', '0.000228023', '0.000224955', '0.000228257', '0.032245025', '0.003327767', '0.000230174', '0.002340136', '0.000229582', '0.000227968', '0.032357115', '0.004745911', '0.000231351', '0.000224256', '0.000234540', '0.000226405', '0.000225518', '0.000228436', '0.003599767', '0.000232989', '0.033426762', '0.031857524', '0.000228754', '0.003340476', '0.000228436', '0.032017961', '0.003579320', '0.006312250', '0.006312250', '0.000225984', '0.000226491', '0.029733492', '0.033260245', '0.004407686', '0.003550888', '0.032237723', '0.005226120', '0.031565841', '0.031565841', '0.033426762', '0.032361582', '0.031087954', '0.000224354', '0.000229200', '0.000238162', '0.003275198', '0.000223482', '0.000232681', '0.000225499', '0.000227209', '0.031855714', '0.032395486', '0.000224653', '0.032359060', '0.000231364', '0.000226705', '0.000232080', '0.002552475', '0.000230792', '0.031648342', '0.003550888', '0.000230021', '0.000237290', '0.004841326', '0.000224503', '0.000224548', '0.031648342', '0.000236106', '0.000224441', '0.000234948', '0.032414455', '0.000226550', '0.031565841', '0.000229172', '0.031087954', '0.000225350', '0.000235111']" 
10 Cbound View4 0.146 0.178 0.607 0.084 0.188 1.949 nan 1120.0 1120.0 "['0.000097178', '0.028231613', '0.000098843', '0.028368406', '0.000097764', '0.000098242', '0.028368406', '0.000097789', '0.000099945', '0.001128844', '0.000098138', '0.028167507', '0.028076420', '0.029011495', '0.026710643', '0.028261824', '0.002690580', '0.028411591', '0.001014132', '0.027757784', '0.029103782', '0.000098715', '0.004414181', '0.026710643', '0.000097103', '0.000097104', '0.028019488', '0.004414181', '0.000098202', '0.000098869', '0.027380163', '0.000608678', '0.027971456', '0.000099968', '0.000097789', '0.000099010', '0.000653782', '0.004905031', '0.000100920', '0.004354511', '0.026710643', '0.029011495', '0.027380163', '0.000097929', '0.029011495', '0.028003393', '0.000100336', '0.004312410', '0.000097891', '0.004914537', '0.000608678', '0.027971456', '0.004850507', '0.000098656', '0.000646330', '0.000608678', '0.000646330', '0.000097777', '0.000099388', '0.000099563', '0.004414181', '0.027720941', '0.000100301', '0.000099628', '0.001128844', '0.000099246', '0.005150141', '0.027234545', '0.004905031', '0.027380163', '0.000608678', '0.000097972', '0.000098101', '0.000608678', '0.029078538', '0.004414181', '0.000097106', '0.027795624', '0.027882682', '0.000100048', '0.000101505', '0.028231613', '0.000100107', '0.028104825', '0.000567583', '0.000097873', '0.000097313', '0.000098747', '0.000097641', '0.026118573', '0.004414181', '0.004354511', '0.000104295', '0.000646330', '0.028231613', '0.028231613', '0.000097926', '0.000585757', '0.000097716', '0.028927259']" 
10 Cbound Concatenated 0.079 0.176 0.563 0.064 0.224 1.955 nan 1120.0 1120.0 "['0.000128153', '0.027316986', '0.000132373', '0.026979996', '0.000127768', '0.000127443', '0.004327710', '0.026552957', '0.026981583', '0.028830923', '0.002384455', '0.027383447', '0.027641982', '0.002796774', '0.000129052', '0.000129651', '0.000124974', '0.000128039', '0.027971964', '0.005819481', '0.028872745', '0.000126846', '0.000128310', '0.027781222', '0.026444709', '0.026981583', '0.000126952', '0.000126341', '0.000128039', '0.000127110', '0.026785223', '0.000129652', '0.027381631', '0.027305903', '0.000129046', '0.000129089', '0.001558436', '0.000131883', '0.000125202', '0.028009877', '0.028072150', '0.000127820', '0.002096265', '0.028395623', '0.000129495', '0.000128256', '0.000126848', '0.000132274', '0.001746765', '0.000127820', '0.001746765', '0.026979996', '0.000125513', '0.000128670', '0.002219652', '0.028819166', '0.000125570', '0.000129999', '0.000126723', '0.025964668', '0.026293842', '0.028717590', '0.026979996', '0.000129719', '0.000129062', '0.027790027', '0.028421259', '0.027399771', '0.001791415', '0.028178886', '0.001303358', '0.000126484', '0.005340286', '0.028342364', '0.000124986', '0.000131494', '0.000124974', '0.002993924', '0.027877139', '0.000129182', '0.027296796', '0.002391824', '0.000131359', '0.002993924', '0.000125839', '0.027444080', '0.006040960', '0.000128459', '0.028713794', '0.000130125', '0.001864672', '0.000125161', '0.000125292', '0.000125815', '0.000128039', '0.001864672', '0.000131404', '0.005340286', '0.026444709', '0.000131524']" 
10 Cbound Multiview 0.106 0.207 0.597 0.081 0.259 0.041 0.029 1120.0 1120.0 "[['0.013204719', '0.007587628', '0.007562377', '0.007465065', '0.007516991', '0.007545255', '0.007468659', '0.007460540', '0.011639195', '0.013096549', '0.013439002', '0.007491129', '0.007583760', '0.009579926', '0.011785317', '0.007484202', '0.013345678', '0.007519590', '0.007526452', '0.010365853', '0.007516756', '0.013361719', '0.007605919', '0.007370415', '0.007378267', '0.013411272', '0.013342738', '0.013379249', '0.007390319', '0.013111488', '0.013393679', '0.007422932', '0.007491764', '0.007499626', '0.007503798', '0.007520214', '0.007493966', '0.007573741', '0.013478653', '0.007587160', '0.007392159', '0.013129154', '0.012777751', '0.012896847', '0.007493054', '0.007518872', '0.007560282', '0.013368696', '0.013576599', '0.007478852', '0.012692753', '0.007513033', '0.007434238', '0.013421539', '0.013163684', '0.007583265', '0.013339542', '0.007433332', '0.007508441', '0.007337190', '0.008440564', '0.007463588', '0.013296662', '0.013394882', '0.007557197', '0.013343187', '0.013325911', '0.013507233', '0.013420567', '0.011462962', '0.007327062', '0.012707864', '0.007482714', '0.007522351', '0.013389037', '0.013392274', '0.007313154', '0.013377350', '0.013453148', '0.007473917', '0.007447354', '0.011246778', '0.011371167', '0.007276616', '0.007488393', '0.013247844', '0.007356410', '0.007480458', '0.007529367', '0.013440071', '0.013274767', '0.007431636', '0.013385209', '0.013319521', '0.013097970', '0.007509853', '0.013447996', '0.007512274', '0.007509975', '0.012853870'], ['0.009981811', '0.006980687', '0.013139220', '0.010962443', '0.012994695', '0.013021828', '0.007053562', '0.006982265', '0.009710856', '0.012960260', '0.013406695', '0.007923567', '0.012801127', '0.006931853', '0.012847850', '0.010347921', '0.013129165', '0.006966289', '0.012513612', '0.006974111', '0.013003656', '0.007205941', '0.013232747', '0.006975055', '0.006998315', '0.013171766', '0.013188247', '0.007097708', '0.006941814', '0.006947723', '0.013216022', '0.006954271', '0.007083389', '0.006960811', '0.006902306', '0.007076118', '0.012787523', '0.013155877', '0.013392699', '0.013250891', '0.007035757', '0.013189355', '0.013267484', '0.006891267', '0.012716171', '0.009107803', '0.013179800', '0.007236833', '0.013331913', '0.006924484', '0.007159779', '0.006892309', '0.006922678', '0.007241012', '0.006972706', '0.013194885', '0.007137997', '0.007096796', '0.006946151', '0.007111344', '0.012896159', '0.007144968', '0.012927145', '0.013221674', '0.013109261', '0.007524581', '0.013135572', '0.013332794', '0.007331429', '0.012679169', '0.006925259', '0.007232514', '0.012641120', '0.012837610', '0.007135234', '0.013336835', '0.010274979', '0.013288260', '0.013323822', '0.007051401', '0.006904182', '0.007006595', '0.006935912', '0.008681418', '0.012434922', '0.007082942', '0.013005641', '0.012946296', '0.007138640', '0.009253922', '0.013251675', '0.007079562', '0.013209242', '0.007067344', '0.007124405', '0.012931731', '0.009653663', '0.012960956', '0.012129320', '0.013122644'], ['0.006721610', '0.011841932', '0.012282237', '0.006633646', '0.006738341', '0.012224037', '0.011953651', '0.006728858', '0.006562886', '0.006732372', '0.012429831', '0.012055401', '0.006593430', '0.006633151', '0.006612256', '0.006687510', '0.012255102', '0.011911245', '0.012172590', '0.012085388', '0.006719448', '0.012298814', '0.012287435', '0.006603457', '0.006673013', '0.006754680', '0.006761592', '0.006729913', '0.012207992', '0.012113864', '0.012333144', '0.006701187', '0.012022843', '0.006673214', '0.011905541', '0.012176884', '0.006525290', '0.012297670', '0.012388745', '0.012343057', '0.006933735', '0.006818906', '0.006890084', '0.006683322', '0.006676974', '0.011404168', '0.012281644', '0.012272803', '0.012395835', '0.011709116', '0.006710879', '0.012101826', '0.006737011', '0.012271721', '0.006703871', '0.012284291', '0.012118237', '0.012122910', '0.012167871', '0.012121590', '0.011624840', '0.012148337', '0.006717091', '0.012353693', '0.012324334', '0.012241340', '0.012263047', '0.012359315', '0.010107631', '0.006716193', '0.011903632', '0.012268353', '0.011839959', '0.012194981', '0.012173562', '0.012256537', '0.006717455', '0.006785755', '0.012452945', '0.012217154', '0.006665546', '0.012220510', '0.006721171', '0.006685261', '0.006715911', '0.012143421', '0.006734787', '0.006709218', '0.012175003', '0.012321170', '0.012286135', '0.011308501', '0.011541836', '0.012123202', '0.012136054', '0.012129848', '0.012370382', '0.006733896', '0.006534850', '0.012297064'], ['0.006917459', '0.013001215', '0.013105632', '0.007064970', '0.013039698', '0.008849728', '0.007111979', '0.010572694', '0.007117453', '0.007142021', '0.013332849', '0.007120808', '0.013004838', '0.007014949', '0.007135662', '0.012945915', '0.007170849', '0.012997194', '0.007140681', '0.007074938', '0.013031159', '0.013104357', '0.013141973', '0.008244223', '0.007060029', '0.013108913', '0.013145283', '0.012961808', '0.010631745', '0.007051007', '0.010896775', '0.012807591', '0.006981405', '0.009077671', '0.007056298', '0.011375876', '0.007046356', '0.013143123', '0.013347050', '0.013143046', '0.006915249', '0.013124790', '0.013131579', '0.007006034', '0.012987566', '0.007090157', '0.013094757', '0.013083216', '0.013195781', '0.007110757', '0.013039047', '0.008600960', '0.012852961', '0.013095552', '0.007037853', '0.013123167', '0.006968745', '0.013011090', '0.008739737', '0.010537736', '0.007149387', '0.012873704', '0.007106572', '0.007181793', '0.012769382', '0.013087154', '0.007301126', '0.013339496', '0.013063865', '0.007128353', '0.006915631', '0.013100625', '0.007130758', '0.007130591', '0.007102703', '0.008327551', '0.006975131', '0.013124400', '0.011774345', '0.010583771', '0.007071536', '0.006898498', '0.012860495', '0.007062166', '0.007070355', '0.007101074', '0.012971203', '0.012977123', '0.013022561', '0.013223163', '0.007208344', '0.007073347', '0.007228509', '0.007114508', '0.007132547', '0.007017687', '0.013181242', '0.012968131', '0.010706740', '0.007980444']]" "['0.156245261', '0.281469613', '0.280587554', '0.281697571']"
10 C_TND View1 0.293 0.348 0.937 0.169 0.359 0.084 nan 1120.0 1120.0 "['0.009391657', '0.016874164', '0.006733129', '0.006571374', '0.006550711', '0.006427043', '0.006550711', '0.015432229', '0.007949742', '0.008535135', '0.008535135', '0.006448893', '0.017807445', '0.007818636', '0.008535070', '0.006870912', '0.009319868', '0.006324880', '0.006005751', '0.007722910', '0.006550711', '0.009391657', '0.007511370', '0.016874164', '0.007168291', '0.019642571', '0.008535135', '0.019400941', '0.014051392', '0.009112378', '0.008993488', '0.007168291', '0.006950108', '0.005722581', '0.005819911', '0.006436578', '0.006255014', '0.007084957', '0.009112378', '0.007611230', '0.006889291', '0.008573476', '0.007722910', '0.008535135', '0.007037850', '0.020297373', '0.005715524', '0.009641998', '0.008562127', '0.006512594', '0.008573476', '0.005860078', '0.006889291', '0.021795433', '0.009690026', '0.007323800', '0.017123701', '0.014051392', '0.006005751', '0.007431821', '0.007774266', '0.007774266', '0.009701989', '0.009705214', '0.005441987', '0.009082781', '0.008917489', '0.019146495', '0.021352571', '0.007722910', '0.007241149', '0.007722910', '0.014622465', '0.006936604', '0.019597918', '0.009391657', '0.007323800', '0.009096086', '0.020097621', '0.016874164', '0.006374589', '0.007722910', '0.007722910', '0.014051392', '0.016389128', '0.009082781', '0.007431821', '0.016874164', '0.005819911', '0.019307524', '0.014070163', '0.007037850', '0.009890413', '0.017162269', '0.008993488', '0.006465817', '0.019307524', '0.006550711', '0.006465817', '0.007722910']" 
10 C_TND View2 0.099 0.180 0.555 0.076 0.209 0.003 nan 1120.0 1120.0 "['0.010830179', '0.009160996', '0.009976327', '0.008427802', '0.009409463', '0.011632212', '0.010372605', '0.009768508', '0.009782038', '0.010994702', '0.010288947', '0.009645403', '0.010216846', '0.009076221', '0.011565441', '0.009582904', '0.009878824', '0.009567515', '0.010355617', '0.008516314', '0.008901367', '0.010417121', '0.009743373', '0.010944234', '0.010332563', '0.008532566', '0.010344039', '0.009661234', '0.009575731', '0.009735656', '0.009985162', '0.009735656', '0.009731253', '0.009547480', '0.009998567', '0.009001320', '0.011086549', '0.010617120', '0.009547480', '0.010087900', '0.010533639', '0.008496539', '0.009886175', '0.009624200', '0.009875435', '0.009809570', '0.010091401', '0.009194735', '0.011555322', '0.010682422', '0.010902950', '0.009772035', '0.008779815', '0.008662706', '0.010830179', '0.010555412', '0.009998567', '0.009491085', '0.010140781', '0.011632212', '0.009388741', '0.009029434', '0.009913241', '0.011632212', '0.011810108', '0.009735656', '0.011220076', '0.009735656', '0.011740262', '0.009975542', '0.009827834', '0.011003939', '0.009537481', '0.009669994', '0.009521410', '0.009743373', '0.010484555', '0.011148385', '0.009733077', '0.010076846', '0.008906942', '0.009772035', '0.011492714', '0.008780218', '0.009472677', '0.008517881', '0.009902581', '0.010617120', '0.009689103', '0.009514569', '0.009878824', '0.010533639', '0.010384195', '0.009886175', '0.011220076', '0.009776183', '0.008609365', '0.009757635', '0.009467768', '0.011802117']" 
10 C_TND View3 0.140 0.196 0.612 0.088 0.216 0.007 nan 1120.0 1120.0 "['0.010538073', '0.008619313', '0.008593494', '0.010571142', '0.011316449', '0.008488043', '0.010422758', '0.009527889', '0.009304048', '0.011748063', '0.011307997', '0.009552887', '0.011891449', '0.009939230', '0.009433767', '0.009596357', '0.010982115', '0.010657517', '0.011730539', '0.009557292', '0.011859707', '0.010145923', '0.009360744', '0.010716873', '0.009091733', '0.008106359', '0.009121252', '0.011885515', '0.010538073', '0.009319844', '0.009997404', '0.009268213', '0.009105726', '0.012045107', '0.010628683', '0.009433767', '0.008088333', '0.009571669', '0.008902688', '0.008474547', '0.009157024', '0.010200281', '0.009570186', '0.011891449', '0.011640111', '0.009187561', '0.010541060', '0.009157024', '0.011859707', '0.010365451', '0.010468890', '0.010468890', '0.008776008', '0.008893073', '0.010656103', '0.011979303', '0.010351398', '0.010848560', '0.010820326', '0.010797316', '0.010982115', '0.010982115', '0.011891449', '0.012120645', '0.010544089', '0.007424826', '0.009233580', '0.009900083', '0.010492734', '0.007693383', '0.009592669', '0.006459479', '0.009015125', '0.010608830', '0.012139198', '0.008598488', '0.012076576', '0.009434263', '0.008762545', '0.009492918', '0.010195364', '0.009366254', '0.011105063', '0.010848560', '0.009302797', '0.009720913', '0.010716873', '0.008381922', '0.008563070', '0.011105063', '0.009662994', '0.007987308', '0.009742309', '0.010958955', '0.008783316', '0.010982115', '0.009230061', '0.010544089', '0.008691242', '0.009596357']" 
10 C_TND View4 0.104 0.181 0.550 0.073 0.215 0.004 nan 1120.0 1120.0 "['0.009089737', '0.010502286', '0.008469244', '0.010788131', '0.009457514', '0.009426100', '0.010788131', '0.009311731', '0.008789053', '0.010193270', '0.009343708', '0.010739749', '0.010568933', '0.011604178', '0.010163836', '0.010862271', '0.010172321', '0.010778492', '0.009922598', '0.010509121', '0.011358181', '0.009545822', '0.010885557', '0.010163836', '0.009059763', '0.008992046', '0.010705503', '0.010885557', '0.009195291', '0.009624700', '0.010101167', '0.009880923', '0.010551692', '0.009976145', '0.009311731', '0.008746757', '0.009885469', '0.010741394', '0.007815688', '0.010786546', '0.010163836', '0.011604178', '0.010101167', '0.009143218', '0.011604178', '0.010601102', '0.010040660', '0.010828252', '0.009150319', '0.010835055', '0.009880923', '0.010551692', '0.010829927', '0.009039801', '0.009954592', '0.009880923', '0.009954592', '0.009462665', '0.009846713', '0.009646380', '0.010885557', '0.010201383', '0.008253557', '0.009906373', '0.010193270', '0.009698779', '0.010853040', '0.010594603', '0.010741394', '0.010101167', '0.009880923', '0.009390065', '0.009620169', '0.009880923', '0.010968018', '0.010885557', '0.009113949', '0.010444455', '0.010378079', '0.009842235', '0.010261463', '0.010502286', '0.008156193', '0.010399143', '0.009834846', '0.009359729', '0.009078462', '0.009309656', '0.008641395', '0.010559632', '0.010885557', '0.010786546', '0.006637876', '0.009954592', '0.010502286', '0.010502286', '0.009185311', '0.009860788', '0.009343319', '0.011590701']" 
10 C_TND Concatenated 0.090 0.178 0.527 0.068 0.220 0.006 nan 1120.0 1120.0 "['0.009344028', '0.010417450', '0.010037590', '0.010051854', '0.009295790', '0.009227825', '0.010673065', '0.009989780', '0.010156461', '0.011148758', '0.010058636', '0.013255879', '0.010996479', '0.010248639', '0.009540667', '0.009633083', '0.008306221', '0.009324696', '0.010784509', '0.010712606', '0.011258604', '0.009099149', '0.009402790', '0.011285151', '0.010429231', '0.010156461', '0.009100515', '0.008908691', '0.009324696', '0.009144827', '0.010121481', '0.009600204', '0.010527518', '0.010477121', '0.009469002', '0.009521523', '0.010189306', '0.009864645', '0.007449614', '0.011508279', '0.010729054', '0.009306270', '0.010113481', '0.011985582', '0.009622668', '0.009359823', '0.008904010', '0.009830926', '0.010000950', '0.009306270', '0.010000950', '0.010051854', '0.007951410', '0.009457214', '0.010141953', '0.011187516', '0.008647950', '0.009613783', '0.009064263', '0.010506947', '0.010636149', '0.012792523', '0.010051854', '0.009609392', '0.009552980', '0.010682237', '0.010542671', '0.010316488', '0.010296962', '0.011386756', '0.009930010', '0.009024701', '0.010832805', '0.014444501', '0.007998647', '0.009699716', '0.008306221', '0.010022971', '0.011399443', '0.009526557', '0.010153619', '0.010178090', '0.009753096', '0.010022971', '0.008355899', '0.010379128', '0.010025712', '0.009421607', '0.012825963', '0.009723864', '0.010388022', '0.008455523', '0.008102112', '0.008712722', '0.009324696', '0.010388022', '0.009808622', '0.010832805', '0.010429231', '0.009839104']" 
10 C_TND Multiview 0.085 0.179 0.549 0.069 0.231 0.453 0.398 1120.0 1120.0 "[['0.000074826', '0.000189605', '0.000026644', '0.000029213', '0.000025196', '0.000026402', '0.000026856', '0.000146934', '0.000043373', '0.000040418', '0.000038314', '0.000027528', '0.000108011', '0.000043127', '0.000043407', '0.000030477', '0.000068409', '0.000024445', '0.000022899', '0.000042017', '0.000025789', '0.000067872', '0.000034545', '0.131612569', '0.000038189', '0.000082487', '0.000043024', '0.000115052', '0.000087907', '0.000047986', '0.000043093', '0.000035910', '0.000032563', '0.000026826', '0.000025833', '0.000029572', '0.000027982', '0.000033930', '0.000044365', '0.000035655', '0.000034004', '0.000044537', '0.000042334', '0.000048773', '0.000031970', '0.000088467', '0.000026337', '0.000062910', '0.000040893', '0.000028697', '0.000044180', '0.000027279', '0.000030594', '0.000114422', '0.000066650', '0.000037642', '0.000083285', '0.000080228', '0.000029128', '0.000040985', '0.000043834', '0.000043038', '0.000056026', '0.000067065', '0.000026210', '0.000040037', '0.000042370', '0.000090964', '0.317909896', '0.000043236', '0.000041202', '0.000045427', '0.000076206', '0.000038223', '0.000086806', '0.000060361', '0.000034639', '0.000040643', '0.282295823', '0.000080371', '0.000035148', '0.000042676', '0.000043344', '0.000087157', '0.000042987', '0.000057629', '0.000039757', '0.000048766', '0.000029300', '0.263287246', '0.000067865', '0.000034934', '0.000071432', '0.000086672', '0.000049866', '0.000034130', '0.000084343', '0.000037401', '0.000039606', '0.000044821'], ['0.016578069', '0.006745828', '0.008481780', '0.015352126', '0.011633228', '0.012047239', '0.018465916', '0.012109509', '0.013901749', '0.018187277', '0.004440078', '0.014151121', '0.004243003', '0.018431725', '0.016796784', '0.006139572', '0.014389059', '0.008429355', '0.005937460', '0.008023299', '0.012704059', '0.001630633', '0.014011866', '0.000395959', '0.012089501', '0.009418816', '0.007596012', '0.003562855', '0.007849424', '0.010224552', '0.010457986', '0.006119483', '0.017392866', '0.010666226', '0.009672392', '0.007168241', '0.017502371', '0.008980393', '0.010217360', '0.014296498', '0.003792977', '0.012162194', '0.008338302', '0.013280974', '0.009960471', '0.012103694', '0.007877970', '0.005269246', '0.008505400', '0.017442103', '0.004987821', '0.010029732', '0.008950209', '0.005090649', '0.014743128', '0.010522087', '0.007470278', '0.007508745', '0.008094044', '0.004444144', '0.006730010', '0.002523425', '0.013715173', '0.008263779', '0.006936838', '0.006887529', '0.011577370', '0.008958501', '0.000079510', '0.023919841', '0.008524537', '0.007598299', '0.003851771', '0.012108486', '0.009396839', '0.011321948', '0.016450623', '0.011086415', '0.000099963', '0.007709235', '0.018574191', '0.009672907', '0.009490010', '0.015887301', '0.017355422', '0.008909748', '0.013956660', '0.013606939', '0.007916481', '0.000080950', '0.013827931', '0.008549514', '0.009440023', '0.010490838', '0.008861011', '0.013961303', '0.003941269', '0.012526919', '0.008060395', '0.010134233'], ['0.001682447', '0.009424446', '0.008720984', '0.008286009', '0.002108971', '0.008862267', '0.008218037', '0.001476337', '0.012940333', '0.002603789', '0.030145997', '0.011096321', '0.002721564', '0.006219917', '0.005525128', '0.002000433', '0.012408574', '0.003197045', '0.030557668', '0.013356381', '0.002514619', '0.030446142', '0.004598964', '0.000375237', '0.009688039', '0.002123903', '0.001463106', '0.001795285', '0.017544512', '0.013384143', '0.012456052', '0.001911968', '0.008536984', '0.007300375', '0.011824829', '0.016370563', '0.007269208', '0.008825486', '0.011060649', '0.002069926', '0.025260443', '0.007135000', '0.009322132', '0.007325697', '0.003530151', '0.008094435', '0.012996311', '0.011849107', '0.010634231', '0.009688743', '0.002741747', '0.014912142', '0.000678638', '0.010462877', '0.004866901', '0.006456084', '0.016159130', '0.007220940', '0.017219024', '0.013990586', '0.026466232', '0.012608130', '0.004953089', '0.025054194', '0.023908708', '0.003880850', '0.012399733', '0.017285135', '0.000095336', '0.001983169', '0.014364141', '0.013533056', '0.029166564', '0.016604826', '0.016557036', '0.008663693', '0.001647849', '0.003195646', '0.000075821', '0.019125726', '0.004446832', '0.019152766', '0.003154429', '0.010431463', '0.002262272', '0.015932210', '0.001132578', '0.001847253', '0.008032806', '0.000102992', '0.014004451', '0.007942284', '0.011187257', '0.009579178', '0.015777810', '0.013427554', '0.026796520', '0.001598251', '0.010757187', '0.017207997'], ['0.011573616', '0.013586369', '0.015675819', '0.005447344', '0.019599922', '0.010164856', '0.004545668', '0.014133649', '0.003605342', '0.008771037', '0.002574304', '0.005654496', '0.025447085', '0.004072567', '0.006873246', '0.024692014', '0.002580908', '0.020867119', '0.001084437', '0.007928134', '0.018882375', '0.002780835', '0.018051373', '0.000431235', '0.005069056', '0.019971490', '0.023471877', '0.023139011', '0.006528778', '0.007583351', '0.008907123', '0.020746388', '0.006203923', '0.011585552', '0.009955877', '0.008174200', '0.004920885', '0.018594377', '0.009623744', '0.019574864', '0.003918399', '0.009752107', '0.013273623', '0.008111837', '0.017670013', '0.009039483', '0.009541185', '0.013358009', '0.015682802', '0.002584871', '0.025737431', '0.005947821', '0.020128906', '0.015812201', '0.006604634', '0.018084357', '0.006674204', '0.018876825', '0.006475924', '0.010762168', '0.001134929', '0.015350736', '0.012507495', '0.001133620', '0.003171773', '0.020273004', '0.005914664', '0.006057658', '0.000071477', '0.003559378', '0.006977106', '0.008798743', '0.001533198', '0.002172062', '0.003256901', '0.011562696', '0.011447073', '0.018186960', '0.000077358', '0.005651375', '0.002926220', '0.004228148', '0.017473413', '0.002166931', '0.007277154', '0.004893357', '0.016563052', '0.016252821', '0.019509910', '0.000083048', '0.002949582', '0.011274989', '0.007388772', '0.009415785', '0.003928021', '0.004513806', '0.006765357', '0.017118275', '0.010492225', '0.004829860']]" "['0.023309268', '0.349756569', '0.287174821', '0.339759409']"
